1.000000000 0.000000000 0.000000000 0.000000000 0.000000000 1.000000000 0.000000000 0.000000000 0.000000000 0.000000000 1.000000000 0.000000000
0.999995768 0.002900387 0.000184908 -0.007438703 -0.002900645 0.999994814 0.001407382 -0.013816834 -0.000180825 -0.001407913 0.999998987 0.770282388
0.999983966 0.005622285 0.000638479 -0.013494758 -0.005623466 0.999982476 0.001864769 -0.029183729 -0.000627983 -0.001868330 0.999998033 1.534211874
0.999976099 0.006782171 0.001333977 -0.028551411 -0.006784522 0.999975383 0.001765216 -0.047978684 -0.001321972 -0.001774224 0.999997497 2.260885239
0.999959409 0.008917524 0.001268350 -0.029542789 -0.008919130 0.999959409 0.001266940 -0.058899339 -0.001257001 -0.001278201 0.999998391 2.992548466
0.999958813 0.008844742 0.002045883 -0.045007840 -0.008847258 0.999960065 0.001224140 -0.075799428 -0.002034974 -0.001242190 0.999997139 3.690823793
0.999956787 0.009104079 0.001876948 -0.035830595 -0.009107941 0.999956429 0.002059906 -0.087447427 -0.001858112 -0.002076912 0.999996126 4.391095638
0.999946177 0.009977147 0.002840141 -0.048895027 -0.009991106 0.999937832 0.004944079 -0.099864155 -0.002790636 -0.004972188 0.999983728 5.063783169
0.999945581 0.009610385 0.004077713 -0.045658711 -0.009645257 0.999916375 0.008620149 -0.106057957 -0.003994529 -0.008659010 0.999954522 5.740927219
0.999945521 0.008902439 0.005446272 -0.046938289 -0.008970085 0.999881268 0.012524743 -0.122380018 -0.005334124 -0.012572913 0.999906719 6.338520050
0.999939024 0.008727933 0.006756292 -0.042944275 -0.008827377 0.999850988 0.014831530 -0.130801558 -0.006625837 -0.014890266 0.999867141 6.965100288
0.999925256 0.009354916 0.007869700 -0.037912332 -0.009469937 0.999846935 0.014707695 -0.137275457 -0.007730906 -0.014781119 0.999860883 7.548497677
0.999911785 0.010303003 0.008391388 -0.026332168 -0.010404819 0.999871552 0.012181426 -0.146630645 -0.008264806 -0.012267661 0.999890566 8.106027603
0.999893427 0.010527931 0.010112569 -0.031478178 -0.010621265 0.999900997 0.009220378 -0.150914356 -0.010014497 -0.009326803 0.999906361 8.632292747
0.999901474 0.008626700 0.011068572 -0.013750200 -0.008714102 0.999930978 0.007872625 -0.161165133 -0.010999896 -0.007968302 0.999907732 9.119894028
0.999899089 0.004459649 0.013483075 -0.019630624 -0.004532746 0.999975145 0.005395632 -0.166674957 -0.013458680 -0.005456205 0.999894500 9.589649200
0.999882340 0.003030695 0.015037798 -0.003187816 -0.003095711 0.999985933 0.004302056 -0.173117921 -0.015024551 -0.004348102 0.999877632 10.031744003
0.999835491 0.006927165 0.016761160 0.004701963 -0.006963323 0.999973536 0.002099854 -0.181854978 -0.016746175 -0.002216223 0.999857306 10.445428848
0.999734402 0.011504383 0.019969191 0.002061274 -0.011537318 0.999932230 0.001534859 -0.195071816 -0.019950183 -0.001764842 0.999799430 10.819226265
0.999652803 0.012140820 0.023385469 0.005617918 -0.012207200 0.999921739 0.002697801 -0.204641297 -0.023350889 -0.002982335 0.999722898 11.177978516
0.999615431 0.008345526 0.026446603 0.021918058 -0.008432396 0.999959409 0.003174891 -0.207522482 -0.026419032 -0.003396678 0.999645174 11.503649712
0.999577224 0.003408472 0.028873982 0.045387205 -0.003481811 0.999990761 0.002490045 -0.206178218 -0.028865229 -0.002589527 0.999579966 11.803396225
0.999503195 -0.000658885 0.031511068 0.048242241 0.000522635 0.999990463 0.004331927 -0.219516113 -0.031513624 -0.004313307 0.999494016 12.033143044
0.999418497 -0.000915888 0.034086447 0.058785703 0.000725971 0.999984086 0.005583599 -0.227061480 -0.034091022 -0.005555606 0.999403358 12.262429237
0.999358714 -0.000222226 0.035807021 0.072472408 0.000057094 0.999989390 0.004612667 -0.232482940 -0.035807665 -0.004607664 0.999348104 12.463645935
0.999280691 0.000740402 0.037914384 0.082488000 -0.000866923 0.999994099 0.003320670 -0.237424165 -0.037911702 -0.003351151 0.999275506 12.658473015
0.999166965 0.003111513 0.040689759 0.081359923 -0.003202511 0.999992430 0.002171377 -0.239374205 -0.040682703 -0.002299878 0.999169469 12.831144333
0.999061823 0.006207099 0.042857576 0.079195075 -0.006285582 0.999978781 0.001696726 -0.249654889 -0.042846132 -0.001964519 0.999079764 12.987693787
0.999009311 0.007413263 0.043879524 0.087591343 -0.007444415 0.999972105 0.000546597 -0.256645352 -0.043874253 -0.000872713 0.999036670 13.134853363
0.998913229 0.006613419 0.046136383 0.093196012 -0.006562780 0.999977589 -0.001248981 -0.261020780 -0.046143610 0.000944841 0.998934388 13.283151627
0.998871386 0.005028095 0.047230069 0.108016305 -0.004913378 0.999984682 -0.002544670 -0.266645283 -0.047242139 0.002309739 0.998880804 13.440744400
0.998808205 0.004287922 0.048619196 0.114532158 -0.004116605 0.999984980 -0.003623262 -0.268929511 -0.048634000 0.003418799 0.998810828 13.580107689
0.998740673 0.005299113 0.049890667 0.125627056 -0.005049145 0.999974012 -0.005135038 -0.270213217 -0.049916591 0.004876666 0.998741508 13.714286804
0.998655200 0.006009042 0.051496487 0.127943411 -0.005653416 0.999959171 -0.007048731 -0.275769442 -0.051536746 0.006748119 0.998648345 13.836100578
0.998604536 0.006295390 0.052433819 0.133613706 -0.005801814 0.999937415 -0.009560221 -0.274142951 -0.052490722 0.009242669 0.998578608 13.961455345
0.998574674 0.005558921 0.053082950 0.143593580 -0.004940806 0.999918580 -0.011768470 -0.278798848 -0.053144045 0.011489423 0.998520732 14.080854416
0.998602033 0.004814202 0.052638728 0.150099218 -0.004108098 0.999900281 -0.013514158 -0.284646690 -0.052698538 0.013279020 0.998522162 14.215283394
0.998716235 0.004109690 0.050487552 0.154854268 -0.003364409 0.999884248 -0.014837827 -0.286448240 -0.050542686 0.014648917 0.998614430 14.336915970
0.998869896 0.004080541 0.047352552 0.159789994 -0.003350434 0.999874532 -0.015487702 -0.293067783 -0.047409806 0.015311548 0.998758197 14.456931114
0.999058485 0.004610284 0.043138389 0.165895313 -0.003880574 0.999848306 -0.016984042 -0.289762259 -0.043210145 0.016800648 0.998924732 14.584942818
0.999289870 0.004323096 0.037429698 0.162742406 -0.003653320 0.999832392 -0.017944176 -0.297348619 -0.037501000 0.017794693 0.999138176 14.717062950
0.999519289 0.004129371 0.030727059 0.158917472 -0.003566955 0.999825537 -0.018335966 -0.301498145 -0.030797414 0.018217549 0.999359608 14.833154678
0.999705732 0.004808794 0.023779517 0.153296307 -0.004351141 0.999805152 -0.019260069 -0.302567184 -0.023867501 0.019150933 0.999531686 14.959689140
0.999869704 0.004055541 0.015627105 0.148812205 -0.003745727 0.999796867 -0.019803941 -0.308982015 -0.015704246 0.019742822 0.999681711 15.095323563
0.999978423 0.003230425 0.005720551 0.138943508 -0.003107127 0.999765456 -0.021432756 -0.307398796 -0.005788447 0.021414518 0.999753952 15.225390434
0.999969125 0.001764902 -0.007660225 0.133187607 -0.001939573 0.999736965 -0.022855086 -0.313025862 0.007617869 0.022869240 0.999709427 15.372696877
0.999725342 0.000932096 -0.023418911 0.106545687 -0.001515083 0.999689102 -0.024888443 -0.315581828 0.023388429 0.024917087 0.999415874 15.529463768
0.999090075 0.001389662 -0.042628985 0.080265872 -0.002506982 0.999654472 -0.026168076 -0.312835932 0.042577889 0.026251134 0.998748183 15.710746765
0.997915745 0.001880349 -0.064502873 0.042097460 -0.003544276 0.999663591 -0.025691446 -0.320659012 0.064432882 0.025866512 0.997586787 15.896774292
0.996117175 0.003004923 -0.087986253 0.003206650 -0.005152107 0.999694169 -0.024186712 -0.328741074 0.087886684 0.024546113 0.995828032 16.081062317
0.993373275 0.003824396 -0.114869408 -0.046400622 -0.006485255 0.999718904 -0.022799430 -0.332932204 0.114749946 0.023393299 0.993119001 16.301891327
0.989469051 0.004805211 -0.144664854 -0.122986823 -0.007864003 0.999757290 -0.020579584 -0.340751350 0.144530863 0.021500511 0.989266753 16.536600113
0.984023750 0.004976657 -0.177967489 -0.190567136 -0.008146509 0.999820828 -0.017085098 -0.348583579 0.177850589 0.018261958 0.983888090 16.775342941
0.976659417 0.006125299 -0.214706406 -0.274294138 -0.009091814 0.999876261 -0.012831769 -0.357979476 0.214601293 0.014484339 0.976594329 17.026039124
0.967067063 0.007817450 -0.254401416 -0.383816630 -0.010124133 0.999918580 -0.007759011 -0.358152002 0.254320055 0.010079077 0.967067659 17.285902023
0.955238581 0.011751203 -0.295602798 -0.504478693 -0.013156467 0.999909520 -0.002765283 -0.366484970 0.295543551 0.006530593 0.955306947 17.552314758
0.941266239 0.015113965 -0.337326825 -0.653139830 -0.015513594 0.999878466 0.001511015 -0.365164727 0.337308675 0.003810883 0.941386402 17.829565048
0.924462378 0.018010439 -0.380847633 -0.804194272 -0.016224558 0.999837041 0.007899517 -0.374937624 0.380927891 -0.001123723 0.924603999 18.113080978
0.905204356 0.021211945 -0.424446911 -0.976748943 -0.016200388 0.999749899 0.015412941 -0.376041174 0.424667746 -0.007075654 0.905321598 18.398447037
0.883352220 0.025685506 -0.468005478 -1.165354967 -0.017479531 0.999607980 0.021869091 -0.375505328 0.468383759 -0.011137593 0.883454919 18.677186966
0.858744323 0.031280741 -0.511448562 -1.366410255 -0.020526595 0.999433756 0.026661389 -0.377903849 0.511992991 -0.012397020 0.858900130 18.936302185
0.830742419 0.034474391 -0.555588424 -1.588312626 -0.021328226 0.999318838 0.030116977 -0.376422912 0.556248248 -0.013169732 0.830911815 19.209798813
0.799855888 0.038132798 -0.598979533 -1.831807852 -0.023673534 0.999207556 0.031999689 -0.373377562 0.599725008 -0.011415176 0.800124705 19.464466095
0.765965104 0.041653950 -0.641531289 -2.109880209 -0.024609167 0.999067128 0.035485916 -0.371871054 0.642410994 -0.011393419 0.766275585 19.740444183
0.729429722 0.044627685 -0.682598412 -2.428988934 -0.025468159 0.998949409 0.038094983 -0.340222359 0.683581412 -0.010403087 0.729799986 20.019378662
0.691286325 0.045577575 -0.721142113 -2.788095236 -0.022744780 0.998886704 0.041328438 -0.325531214 0.722222924 -0.012167565 0.691553354 20.303932190
0.649926662 0.045162577 -0.758653939 -3.134521723 -0.020065229 0.998904467 0.042275108 -0.308756649 0.759732068 -0.012253157 0.650120854 20.566637039
0.607722461 0.043988168 -0.792930305 -3.516636610 -0.014832938 0.998919308 0.044047151 -0.292885423 0.794010997 -0.015006957 0.607718170 20.812349319
0.562640071 0.044380903 -0.825509846 -3.922811747 -0.009816378 0.998846114 0.047009267 -0.284028172 0.826643705 -0.018345779 0.562426567 21.061229706
0.516791642 0.045365073 -0.854908466 -4.352359295 -0.008105765 0.998809576 0.048101142 -0.254184783 0.856072843 -0.017928582 0.516544223 21.263677597
0.467629701 0.045835581 -0.882735252 -4.803594112 -0.007560033 0.998825490 0.047858573 -0.237078145 0.883892119 -0.015706584 0.467426986 21.460783005
0.415411353 0.044821240 -0.908528745 -5.288113594 -0.001560213 0.998818874 0.048562221 -0.219001278 0.909632325 -0.018755801 0.414990664 21.647270203
0.361244112 0.043635897 -0.931449711 -5.781612873 0.003345934 0.998837411 0.048090473 -0.194046706 0.932465315 -0.020488970 0.360678047 21.811361313
0.307957113 0.043624923 -0.950399518 -6.322175503 0.006646221 0.998825133 0.048001308 -0.181092530 0.951377034 -0.021098910 0.307305336 21.952634811
0.255273163 0.048360333 -0.965658784 -6.900270939 0.006962812 0.998630524 0.051852182 -0.135852575 0.966843903 -0.019960174 0.254586846 22.067930222
0.203927904 0.053116590 -0.977543950 -7.478806019 0.009257273 0.998377681 0.056179814 -0.105314545 0.978942156 -0.020506024 0.203105375 22.151353836
0.155626014 0.054276168 -0.986323833 -8.089196205 0.014808659 0.998248935 0.057268966 -0.075655527 0.987705112 -0.023518676 0.154549748 22.225618362
0.111623414 0.056154970 -0.992162704 -8.649815559 0.017681042 0.998131871 0.058482017 -0.065181859 0.993593276 -0.024070429 0.110422008 22.259902954
0.071171172 0.054364085 -0.995981574 -9.286754608 0.017643174 0.998288870 0.055750776 -0.034910906 0.997308016 -0.021540122 0.070090219 22.276845932
0.035646137 0.049907323 -0.998117447 -9.927695274 0.014757438 0.998617053 0.050459344 0.003401419 0.999255538 -0.016528336 0.034860335 22.271717072
0.007151780 0.049810477 -0.998733044 -10.605340958 0.012603284 0.998674750 0.049897823 0.038980093 0.999895036 -0.012944173 0.006514525 22.252176285
-0.013962702 0.054089759 -0.998438478 -11.301324844 0.011316037 0.998480380 0.053933784 0.070618905 0.999838471 -0.010545305 -0.014553567 22.225612640
-0.026685067 0.059920419 -0.997846425 -12.028075218 0.012877431 0.998139620 0.059593655 0.108503498 0.999560952 -0.011259438 -0.027407045 22.193042755
-0.034718070 0.062672555 -0.997430146 -12.759955406 0.012629087 0.997979641 0.062267505 0.141573071 0.999317348 -0.010434824 -0.035439420 22.159006119
-0.038488995 0.059905298 -0.997461736 -13.520717621 0.013500578 0.998141468 0.059425175 0.173548579 0.999167800 -0.011179092 -0.039226227 22.121274948
-0.037708510 0.056074385 -0.997714221 -14.299612999 0.020915573 0.998249829 0.055313993 0.211705804 0.999069870 -0.018781958 -0.038815346 22.096347809
-0.033298176 0.054338839 -0.997967184 -15.106156349 0.032608289 0.998048365 0.053255260 0.260568172 0.998913348 -0.030768702 -0.035005089 22.083620071
-0.027672170 0.054367844 -0.998137474 -15.928194046 0.032859512 0.998029590 0.053450990 0.301835448 0.999076784 -0.031319212 -0.029404152 22.061878204
-0.022461027 0.053135168 -0.998334706 -16.784227371 0.031087130 0.998140872 0.052425437 0.332127303 0.999264300 -0.029857835 -0.024071088 22.037939072
-0.019606458 0.046552464 -0.998723447 -17.643920898 0.034980454 0.998335838 0.045847680 0.371414542 0.999195695 -0.034036886 -0.021202253 22.030961990
-0.017366916 0.035738602 -0.999210179 -18.528848648 0.032452926 0.998854578 0.035161823 0.408610612 0.999322295 -0.031816654 -0.018506844 22.012140274
-0.016545668 0.027322005 -0.999489725 -19.417079926 0.024624122 0.999334574 0.026910130 0.434256434 0.999559879 -0.024166314 -0.017207436 21.975910187
-0.017853651 0.024456795 -0.999541461 -20.346733093 0.019185446 0.999525070 0.024113707 0.463973850 0.999656498 -0.018746132 -0.018314388 21.945915222
-0.021281689 0.030820839 -0.999298275 -21.271091461 0.009794831 0.999483287 0.030617941 0.478663415 0.999725461 -0.009136356 -0.021572579 21.901626587
-0.026241714 0.039245829 -0.998884916 -22.236545563 0.005184921 0.999220967 0.039122824 0.503498375 0.999642253 -0.004152488 -0.026424758 21.856418610
-0.030582134 0.048484601 -0.998355627 -23.204307556 0.003610143 0.998821735 0.048396647 0.542426586 0.999525666 -0.002124133 -0.030721135 21.813459396
-0.032266296 0.058493432 -0.997766137 -24.216941833 0.001962112 0.998287797 0.058460556 0.578501582 0.999477386 -0.000071424 -0.032325819 21.777065277
-0.033394612 0.066470832 -0.997229338 -25.235813141 0.004132829 0.997786582 0.066369578 0.624482870 0.999433756 -0.001904992 -0.033595406 21.743507385
-0.035113897 0.066907063 -0.997141182 -26.267711639 0.005064467 0.997755527 0.066769943 0.683942556 0.999370515 -0.002705436 -0.035373930 21.705331802
-0.036523737 0.064162210 -0.997270882 -27.273124695 0.003574724 0.997938693 0.064074263 0.739121377 0.999326408 -0.001224737 -0.036677815 21.662254333
-0.039228790 0.059269771 -0.997470856 -28.286033630 0.003163944 0.998241603 0.059191134 0.788231671 0.999225259 -0.000833946 -0.039347339 21.614465714
-0.043650281 0.053774212 -0.997598588 -29.317035675 0.002834118 0.998552978 0.053701643 0.837588072 0.999042928 -0.000483220 -0.043739524 21.558931351
-0.049316261 0.049201276 -0.997570634 -30.361389160 0.002996228 0.998788714 0.049113225 0.879810214 0.998778701 -0.000566869 -0.049403951 21.501482010
-0.055993985 0.047552958 -0.997298002 -31.384296417 0.002140866 0.998868585 0.047507644 0.919120908 0.998428822 0.000525061 -0.056032445 21.428236008
-0.062866606 0.049852822 -0.996775985 -32.410118103 0.002678741 0.998756409 0.049782932 0.961297512 0.998018324 0.000459579 -0.062921979 21.362714767
-0.068914339 0.054467160 -0.996134579 -33.474517822 0.001003601 0.998511672 0.054527715 1.005209923 0.997622073 0.002758020 -0.068866439 21.276453018
-0.075098835 0.057604566 -0.995510876 -34.526298523 -0.001827068 0.998320282 0.057904977 1.046892285 0.997174442 0.006167463 -0.074867472 21.185325623
-0.079624072 0.059594531 -0.995041966 -35.597255707 -0.005030240 0.998174548 0.060184676 1.099737525 0.996812284 0.009797449 -0.079178967 21.089866638
-0.082037754 0.061312325 -0.994741499 -36.677928925 -0.009792361 0.998008072 0.062321253 1.143254519 0.996581078 0.014853565 -0.081273966 20.982940674
-0.083891392 0.062242899 -0.994529068 -37.734123230 -0.013848596 0.997878075 0.063620672 1.201504827 0.996378601 0.019110059 -0.082851410 20.883876801
-0.085004337 0.061635781 -0.994472444 -38.811325073 -0.014720544 0.997898281 0.063106380 1.257635593 0.996271789 0.020003490 -0.083918363 20.775375366
-0.086350508 0.060957983 -0.994398117 -39.889900208 -0.015826074 0.997916460 0.062547944 1.306568384 0.996139109 0.021138465 -0.085205860 20.673110962
-0.087781437 0.059989404 -0.994331837 -40.968490601 -0.016749281 0.997955024 0.061686665 1.360372066 0.995998919 0.022069287 -0.086597152 20.575004578
-0.088435695 0.059170958 -0.994322896 -42.054489136 -0.018735195 0.997958660 0.061053630 1.416990399 0.995905697 0.024028154 -0.087146588 20.463520050
-0.088913679 0.057102803 -0.994401157 -43.116970062 -0.023649285 0.997952819 0.059421331 1.452083230 0.995758533 0.028800247 -0.087381214 20.354995728
-0.089265779 0.052139215 -0.994642258 -44.205581665 -0.028616225 0.998082459 0.054887757 1.501653910 0.995596707 0.033362504 -0.087602563 20.247837067
-0.088199712 0.051596031 -0.994765580 -45.292953491 -0.030402694 0.998052895 0.054462150 1.547465324 0.995638728 0.035047106 -0.086459309 20.145271301
-0.086791225 0.055601977 -0.994673669 -46.404083252 -0.031429466 0.997791409 0.058518670 1.596496940 0.995730639 0.036340967 -0.084851995 20.047367096
-0.084961310 0.059401721 -0.994612038 -47.498313904 -0.031299576 0.997569621 0.062252011 1.636902809 0.995892525 0.036419947 -0.082895562 19.943851471
-0.082804210 0.058586057 -0.994842291 -48.593647003 -0.029728657 0.997681022 0.061227642 1.696417451 0.996122301 0.034645230 -0.080870487 19.847024918
-0.080540724 0.057443969 -0.995094776 -49.701370239 -0.029349402 0.997768402 0.059973791 1.752014041 0.996319115 0.034035765 -0.078675047 19.757520676
-0.076458372 0.057884879 -0.995391130 -50.817398071 -0.034108870 0.997577190 0.060631998 1.808387518 0.996489167 0.038587485 -0.074298762 19.659572601
-0.070551805 0.058962144 -0.995764017 -51.942676544 -0.039109882 0.997320354 0.061825320 1.860876918 0.996741176 0.043306097 -0.068056755 19.562429428
-0.065220684 0.058469068 -0.996156454 -53.060188293 -0.042831626 0.997197747 0.061334487 1.914134383 0.996951222 0.046667270 -0.062533602 19.482847214
-0.058248505 0.057433065 -0.996648788 -54.207771301 -0.044757832 0.997189581 0.060080081 1.975353360 0.997298300 0.048107423 -0.055514231 19.391628265
-0.052702673 0.056530789 -0.997008920 -55.343017578 -0.044259310 0.997283041 0.058885917 2.031495810 0.997628987 0.047230378 -0.050057471 19.332777023
-0.046926539 0.056114651 -0.997320950 -56.485889435 -0.042845685 0.997389019 0.058134466 2.085455179 0.997978985 0.045458950 -0.044399735 19.263475418
-0.042001862 0.056597371 -0.997513235 -57.627395630 -0.041572068 0.997430563 0.058343146 2.137558460 0.998252213 0.043919202 -0.039541077 19.220302582
-0.035454120 0.058099687 -0.997681022 -58.768650055 -0.041065592 0.997380793 0.059541531 2.191570997 0.998527169 0.043081358 -0.032975364 19.164947510
-0.030241821 0.059557416 -0.997766674 -59.925197601 -0.041886557 0.997270882 0.060797386 2.243244886 0.998664558 0.043631632 -0.027664635 19.131933212
-0.025104864 0.058286294 -0.997984171 -61.095027924 -0.041224524 0.997389317 0.059288580 2.300364256 0.998834431 0.042629853 -0.022636497 19.104442596
-0.019916069 0.054056119 -0.998339236 -62.235740662 -0.041513477 0.997631431 0.054845959 2.345569849 0.998939455 0.042536862 -0.017624838 19.068019867
-0.015769757 0.048723418 -0.998687744 -63.388595581 -0.041551262 0.997917354 0.049341936 2.391329765 0.999011934 0.042274851 -0.013712390 19.052150726
-0.011971219 0.048403859 -0.998756051 -64.574691772 -0.041095156 0.997960031 0.048857849 2.431036472 0.999083519 0.041628931 -0.009957627 19.026458740
-0.008812885 0.050666761 -0.998676717 -65.765533447 -0.040705353 0.997869492 0.050985012 2.469224691 0.999132276 0.041100822 -0.006731701 19.026889801
-0.007096335 0.049740743 -0.998736978 -66.931610107 -0.041318685 0.997894585 0.049992371 2.520164728 0.999120831 0.041621260 -0.005026171 19.016441345
-0.004994870 0.049660109 -0.998753726 -68.100326538 -0.043267943 0.997820079 0.049830072 2.566180706 0.999050975 0.043462921 -0.002835290 18.991201401
-0.004119693 0.050760113 -0.998702347 -69.276123047 -0.044645201 0.997705698 0.050893616 2.602799654 0.998994410 0.044796929 -0.001844045 18.976938248
-0.002694239 0.050303161 -0.998730361 -70.454643250 -0.045335934 0.997700930 0.050373614 2.645341396 0.998968124 0.045414094 -0.000407503 18.964012146
-0.001576255 0.048220895 -0.998835504 -71.623458862 -0.045405127 0.997803152 0.048242707 2.684596539 0.998967409 0.045428291 0.000616683 18.952716827
-0.001386191 0.047128260 -0.998887897 -72.836547852 -0.043919101 0.997922122 0.047143649 2.725790024 0.999034107 0.043935608 0.000686519 18.961399078
-0.000658636 0.046744179 -0.998906672 -74.023269653 -0.041014839 0.998065114 0.046731837 2.768013954 0.999158323 0.041000780 0.001259844 18.954502106
-0.000809683 0.047756746 -0.998858690 -75.207557678 -0.038481206 0.998117685 0.047752514 2.799952030 0.999258995 0.038475946 0.001029579 18.960872650
-0.000874393 0.050603449 -0.998718500 -76.395240784 -0.038241655 0.997986615 0.050599851 2.839743376 0.999268115 0.038236890 0.001062527 18.957679749
-0.000412078 0.054032352 -0.998539090 -77.575622559 -0.040772151 0.997707963 0.054004207 2.880615711 0.999168336 0.040734846 0.001791882 18.950948715
-0.000310749 0.054086667 -0.998536170 -78.780937195 -0.042679127 0.997625649 0.054050632 2.927572966 0.999088764 0.042633455 0.001998361 18.949838638
0.000151310 0.051902328 -0.998652220 -79.954650879 -0.043931488 0.997688353 0.051845580 2.972509146 0.999034524 0.043864433 0.002431107 18.942743301
0.000604836 0.049586646 -0.998769641 -81.141807556 -0.043631114 0.997820079 0.049513072 3.014940977 0.999047518 0.043547485 0.002767038 18.933500290
0.000049581 0.049361035 -0.998780966 -82.297302246 -0.041752577 0.997910142 0.049315926 3.038964987 0.999127984 0.041699234 0.002110427 18.939060211
0.000356479 0.050682470 -0.998714745 -83.470649719 -0.040360093 0.997901797 0.050626807 3.081840038 0.999185145 0.040290169 0.002401280 18.937118530
0.000815784 0.053501360 -0.998567402 -84.639083862 -0.039866198 0.997775674 0.053426366 3.117204666 0.999204695 0.039765503 0.002946864 18.930374146
0.001313103 0.056148242 -0.998421550 -85.815155029 -0.040365737 0.997611701 0.056049600 3.157242298 0.999184132 0.040228426 0.003576432 18.929809570
0.001659629 0.056277003 -0.998413801 -86.983299255 -0.041845117 0.997544646 0.056158442 3.199977875 0.999122798 0.041685544 0.004010471 18.919183731
0.002490408 0.054052610 -0.998534918 -88.140373230 -0.041501913 0.997683465 0.053902995 3.246314049 0.999135256 0.041306872 0.004727925 18.914131165
0.002661108 0.052642860 -0.998609841 -89.309707642 -0.039861221 0.997825325 0.052495271 3.291231871 0.999201715 0.039666109 0.004753730 18.916177750
0.002460881 0.053697716 -0.998554170 -90.475280762 -0.037846062 0.997846842 0.053566407 3.331577778 0.999280572 0.037659522 0.004487830 18.921075821
0.003550054 0.056635387 -0.998388588 -91.638832092 -0.036878064 0.997723162 0.056466509 3.380141497 0.999313414 0.036618188 0.005630575 18.908946991
0.002712465 0.058867067 -0.998262048 -92.804389954 -0.035450432 0.997644007 0.058734294 3.425806761 0.999367714 0.035229519 0.004792938 18.920236588
0.003246561 0.060685351 -0.998151660 -93.978111267 -0.036782477 0.997488737 0.060525399 3.482438087 0.999318004 0.036517993 0.005470565 18.912086487
0.004333284 0.062805876 -0.998016357 -95.132652283 -0.038884450 0.997281432 0.062590785 3.524470091 0.999234319 0.038536090 0.006763677 18.903772354
0.004650829 0.062102560 -0.998058856 -96.296142578 -0.040948246 0.997244358 0.061861053 3.575811863 0.999150455 0.040581048 0.007181004 18.898307800
0.004430067 0.058019225 -0.998305559 -97.443778992 -0.043377060 0.997386813 0.057773340 3.623427629 0.999049008 0.043047629 0.006935195 18.892816544
0.004685943 0.056591753 -0.998386502 -98.634216309 -0.044727977 0.997409940 0.056326479 3.671434164 0.998988211 0.044391867 0.007205043 18.895618439
0.004664067 0.054830622 -0.998484731 -99.799194336 -0.044586942 0.997513950 0.054569043 3.720287085 0.998994648 0.044264875 0.007097202 18.899063110
0.004862596 0.055221863 -0.998462200 -100.969917297 -0.043190941 0.997553885 0.054961283 3.766738415 0.999055028 0.042857271 0.007235787 18.905416489
0.004793062 0.057040002 -0.998360395 -102.121696472 -0.043286491 0.997447848 0.056780055 3.817483187 0.999051273 0.042943370 0.007249891 18.904825211
0.004735891 0.059612386 -0.998210311 -103.293365479 -0.042304836 0.997339785 0.059359688 3.855520964 0.999093473 0.041948002 0.007245185 18.911504745
0.004095452 0.058449823 -0.998281956 -104.457191467 -0.045978405 0.997245491 0.058200523 3.911777973 0.998934031 0.045661047 0.006771601 18.907777786
0.004310828 0.059735224 -0.998204947 -105.622955322 -0.049940620 0.996981382 0.059446339 3.960655689 0.998742938 0.049594708 0.007281029 18.900545120
0.004069399 0.059245035 -0.998235166 -106.832839966 -0.054251619 0.996786296 0.058937881 4.015027523 0.998519003 0.053916030 0.007270461 18.889101028
0.003826056 0.055181660 -0.998468995 -108.005256653 -0.054918438 0.996980965 0.054888979 4.068959236 0.998483539 0.054624353 0.006844996 18.889194489
0.003301433 0.051508833 -0.998667061 -109.197731018 -0.054928288 0.997174084 0.051250249 4.112987995 0.998484790 0.054685872 0.006121396 18.883308411
0.002102976 0.050589547 -0.998717368 -110.397102356 -0.051413938 0.997403979 0.050414767 4.158647060 0.998675168 0.051241975 0.004698525 18.887502670
0.001738907 0.050026819 -0.998746336 -111.574440002 -0.047202263 0.997638702 0.049889155 4.197610378 0.998883843 0.047056343 0.004096181 18.893854141
0.001391073 0.051714912 -0.998660922 -112.779235840 -0.046572093 0.997581601 0.051594149 4.246382236 0.998914003 0.046437956 0.003796181 18.889886856
0.000301828 0.056151636 -0.998422265 -113.998847961 -0.045047287 0.997409463 0.056081064 4.280295372 0.998984814 0.044959288 0.002830525 18.887283325
-0.000367115 0.055792809 -0.998442292 -115.262779236 -0.043737192 0.997486055 0.055755455 4.349123001 0.999042928 0.043689538 0.002074028 18.894432068
-0.001549409 0.051450875 -0.998674333 -116.485366821 -0.043817878 0.997712851 0.051469315 4.399506569 0.999038339 0.043839540 0.000708603 18.892614365
-0.002500133 0.048165962 -0.998836219 -117.729057312 -0.044426411 0.997847855 0.048229501 4.439702511 0.999009490 0.044495292 -0.000354911 18.886590958
-0.002492285 0.046308678 -0.998924077 -118.996177673 -0.043258864 0.997987092 0.046373170 4.496035099 0.999060810 0.043327894 -0.000484007 18.875064850
-0.003487680 0.047440462 -0.998868048 -120.236328125 -0.045427606 0.997835338 0.047550034 4.542858124 0.998961568 0.045542017 -0.001325024 18.866617203
-0.003698319 0.052510757 -0.998613536 -121.502334595 -0.050108939 0.997356057 0.052630220 4.584450245 0.998736978 0.050234102 -0.001057282 18.846260071
-0.003900206 0.055798888 -0.998434365 -122.754417419 -0.055607263 0.996885002 0.055929504 4.634155273 0.998445094 0.055738341 -0.000785235 18.825954437
-0.003941038 0.055283576 -0.998462856 -124.016876221 -0.062851474 0.996482790 0.055422012 4.692232609 0.998015165 0.062973283 -0.000452523 18.803552628
-0.003256605 0.053227652 -0.998577118 -125.269287109 -0.066236138 0.996378005 0.053326439 4.743975639 0.997798622 0.066315562 0.000280785 18.777223587
-0.004379748 0.052150983 -0.998629630 -126.507682800 -0.068137720 0.996302783 0.052328303 4.791275978 0.997666299 0.068273537 -0.000810107 18.771049500
-0.005119606 0.051208671 -0.998674870 -127.768653870 -0.067996278 0.996358693 0.051438484 4.836678028 0.997672439 0.068169512 -0.001618965 18.761222839
-0.005522958 0.050880440 -0.998689473 -129.063873291 -0.065941125 0.996512473 0.051134199 4.877648354 0.997808218 0.066137105 -0.002148583 18.752008438
-0.006172260 0.051658500 -0.998645723 -130.313827515 -0.065986678 0.996466994 0.051953644 4.920394421 0.997801363 0.066217989 -0.002741681 18.744474411
-0.006804504 0.056653149 -0.998370647 -131.579116821 -0.066092260 0.996185303 0.056979597 4.968364239 0.997790337 0.066372298 -0.003034211 18.729846954
-0.007261436 0.060859542 -0.998119891 -132.855316162 -0.065154321 0.995996535 0.061204068 5.019128799 0.997848809 0.065476254 -0.003267102 18.716548920
-0.007109731 0.059785210 -0.998185873 -134.123748779 -0.064975739 0.996074080 0.060121510 5.071789742 0.997861564 0.065285325 -0.003197231 18.692314148
-0.006412516 0.058071256 -0.998291850 -135.395645142 -0.065222740 0.996162295 0.058366336 5.131284237 0.997850120 0.065485604 -0.002600340 18.675146103
-0.005096444 0.057518944 -0.998331368 -136.646087646 -0.064316899 0.996258438 0.057727836 5.185350895 0.997916520 0.064503804 -0.001377934 18.659067154
-0.004070690 0.057025045 -0.998364389 -137.897918701 -0.065112419 0.996238947 0.057169121 5.230934143 0.997869670 0.065238640 -0.000342341 18.647798538
-0.003658444 0.058876928 -0.998258471 -139.138458252 -0.064348996 0.996182382 0.058990311 5.284344673 0.997920692 0.064452745 0.000144194 18.651710510
-0.002924713 0.062150676 -0.998062372 -140.384872437 -0.065122597 0.995936215 0.062209111 5.342292309 0.997873008 0.065178350 0.001134585 18.642282486
-0.001564374 0.063069351 -0.998007834 -141.646102905 -0.067062169 0.995755732 0.063032150 5.403100967 0.997747600 0.067027181 0.002671833 18.631532669
-0.000320741 0.060972981 -0.998139381 -142.889511108 -0.068950057 0.995762587 0.060849957 5.445597649 0.997619987 0.068841293 0.003884709 18.618297577
-0.000330416 0.058245827 -0.998302221 -144.131256104 -0.067622311 0.996015787 0.058134809 5.497138977 0.997710943 0.067526728 0.003609618 18.616317749
-0.000200316 0.056489754 -0.998403132 -145.374511719 -0.065082327 0.996285737 0.056382999 5.548863888 0.997879863 0.064989701 0.003476913 18.621046066
-0.000986512 0.055952851 -0.998432875 -146.608352661 -0.063290708 0.996428192 0.055903036 5.595230103 0.997994661 0.063246690 0.002558307 18.623340607
-0.000763164 0.056513682 -0.998401523 -147.834472656 -0.061354268 0.996518195 0.056453981 5.637577534 0.998115778 0.061299291 0.002706849 18.616521835
-0.000789488 0.055026546 -0.998484612 -149.063034058 -0.059499782 0.996713340 0.054975975 5.686719418 0.998228073 0.059453022 0.002487174 18.612945557
-0.000522606 0.055153746 -0.998477757 -150.309936523 -0.058329478 0.996776164 0.055090286 5.736021996 0.998297274 0.058269467 0.002696168 18.602584839
-0.000886840 0.057348866 -0.998353839 -151.554916382 -0.056263603 0.996769905 0.057307862 5.792884350 0.998415649 0.056221794 0.002342678 18.602336884
-0.000914341 0.058975216 -0.998258948 -152.779205322 -0.053629223 0.996819973 0.058939315 5.837635517 0.998560429 0.053589750 0.002251361 18.598791122
-0.000621634 0.057674855 -0.998335183 -154.008102417 -0.051745918 0.996996045 0.057629716 5.887699604 0.998660028 0.051695596 0.002364672 18.590259552
-0.001953988 0.058128837 -0.998307168 -155.219223022 -0.052621491 0.996919930 0.058151066 5.936577320 0.998612642 0.052646037 0.001110857 18.588737488
-0.001629891 0.062515378 -0.998042762 -156.449188232 -0.053382933 0.996615529 0.062513165 5.995451927 0.998572826 0.053380333 0.001712880 18.580507278
-0.000906731 0.069276758 -0.997597098 -157.683990479 -0.058065489 0.995910704 0.069212429 6.050367832 0.998312414 0.057988722 0.003119566 18.569692612
-0.000278526 0.069452412 -0.997585237 -158.905059814 -0.062522225 0.995632350 0.069333896 6.108882427 0.998043478 0.062390555 0.004065010 18.563211441
0.001345210 0.065385066 -0.997859180 -160.135955811 -0.066362299 0.995666265 0.065151908 6.174857616 0.997794688 0.066132590 0.005678485 18.545391083
0.003079616 0.060241528 -0.998179078 -161.363800049 -0.068287149 0.995866418 0.059891272 6.226648808 0.997660935 0.067978360 0.007180609 18.536926270
0.003370524 0.058960311 -0.998254597 -162.581665039 -0.070965558 0.995757580 0.058573209 6.277743340 0.997473121 0.070644259 0.007540375 18.539686203
0.005039233 0.055621199 -0.998439252 -163.773727417 -0.065586992 0.996320426 0.055172134 6.321981907 0.997834146 0.065206602 0.008668720 18.546628952
0.005709674 0.050806809 -0.998692214 -164.994384766 -0.062691651 0.996762097 0.050350197 6.375631332 0.998016655 0.062322184 0.008876351 18.544420242
0.004995151 0.047499366 -0.998858690 -166.200805664 -0.055947974 0.997319937 0.047146402 6.414180756 0.998421192 0.055648621 0.007639257 18.561309814
0.003610408 0.050713584 -0.998706698 -167.431365967 -0.054025840 0.997264504 0.050445046 6.456535816 0.998533010 0.053773846 0.006340376 18.568683624
0.004318546 0.056558080 -0.998389900 -168.662261963 -0.054752808 0.996914983 0.056237694 6.507058620 0.998490632 0.054421790 0.007401937 18.567995071
0.006515944 0.059982508 -0.998178124 -169.880386353 -0.056200534 0.996643543 0.059523426 6.557250500 0.998398244 0.055710297 0.009865124 18.564151764
0.008401488 0.056303084 -0.998378396 -171.087905884 -0.057204191 0.996805608 0.055733010 6.611227036 0.998327136 0.056643184 0.011595423 18.564821243
0.008925572 0.056598183 -0.998357058 -172.326766968 -0.059486188 0.996658802 0.055970080 6.663462162 0.998189211 0.058888905 0.012262560 18.571634293
0.009702907 0.057429548 -0.998302400 -173.546966553 -0.058085088 0.996696115 0.056772586 6.714478970 0.998264492 0.057435624 0.013006650 18.579849243
0.010475326 0.055560596 -0.998400331 -174.754287720 -0.057629824 0.996829033 0.054868497 6.759503365 0.998283088 0.056962863 0.013644056 18.592813492
0.012089417 0.054474052 -0.998442054 -175.939514160 -0.057828922 0.996881723 0.053688716 6.800616264 0.998253286 0.057089765 0.015201897 18.603775024
0.013497681 0.055931102 -0.998343408 -177.080871582 -0.059032764 0.996737301 0.055042997 6.844864845 0.998164773 0.058192011 0.016755415 18.620765686
0.014734606 0.058109794 -0.998201489 -178.215713501 -0.059051171 0.996617913 0.057145946 6.876337051 0.998146176 0.058102943 0.018116226 18.633615494
0.015354708 0.059463184 -0.998112381 -179.319274902 -0.059874706 0.996493399 0.058445640 6.912157059 0.998087823 0.058864269 0.018861204 18.643444061
0.015502685 0.060796324 -0.998029768 -180.391647339 -0.060178861 0.996397018 0.059762079 6.945579052 0.998067260 0.059133828 0.019105483 18.654615402
0.015206944 0.061701383 -0.997978806 -181.443069458 -0.059345361 0.996390283 0.060698893 6.983705044 0.998121619 0.058302362 0.018813742 18.668159485
0.016115343 0.060620047 -0.998030782 -182.467269897 -0.060029507 0.996418536 0.059552815 7.023382664 0.998066545 0.058951586 0.019696621 18.672134399
0.017318573 0.060952760 -0.997990370 -183.439849854 -0.060347974 0.996384084 0.059807405 7.048916817 0.998027086 0.059190921 0.020934325 18.691213608
0.018891647 0.061705414 -0.997915626 -184.398056030 -0.061252985 0.996290326 0.060445331 7.086073399 0.997943401 0.059983399 0.022601206 18.704370499
0.017905949 0.060190689 -0.998026252 -185.343063354 -0.059506614 0.996480942 0.059029862 7.115470886 0.998067319 0.058332175 0.021424677 18.722608566
0.014753426 0.057282541 -0.998248994 -186.283782959 -0.057151262 0.996773779 0.056353237 7.145750999 0.998256505 0.056219783 0.017979598 18.736602783
0.009639982 0.053789090 -0.998505712 -187.212646484 -0.057190940 0.996947348 0.053152993 7.175493240 0.998316705 0.056593090 0.012686802 18.745218277
0.004628010 0.050712101 -0.998702526 -188.138351440 -0.059083298 0.996982455 0.050350957 7.209741116 0.998242319 0.058773611 0.007610283 18.739757538
0.000780188 0.049932890 -0.998752296 -189.087646484 -0.060713902 0.996912479 0.049793486 7.245356083 0.998154879 0.060599301 0.003809400 18.740955353
-0.002207690 0.050794967 -0.998706579 -189.984863281 -0.062571786 0.996745050 0.050833505 7.268525124 0.998038054 0.062603086 0.000977827 18.731107712
-0.004019290 0.052509688 -0.998612285 -190.907226562 -0.061369080 0.996725142 0.052657451 7.303795815 0.998107076 0.061495561 -0.000783657 18.722497940
-0.005649288 0.053890582 -0.998530865 -191.833114624 -0.058607355 0.996812522 0.054129422 7.337474823 0.998265147 0.058827054 -0.002472897 18.722330093
-0.006851920 0.054647706 -0.998482168 -192.740676880 -0.056826346 0.996870637 0.054949466 7.359107971 0.998360574 0.057116605 -0.003725051 18.707862854
-0.007699068 0.053489070 -0.998538733 -193.622161865 -0.057552207 0.996889412 0.053844459 7.392480850 0.998312771 0.057882667 -0.004596706 18.696569443
-0.008401831 0.052382119 -0.998591721 -194.533233643 -0.059338287 0.996841073 0.052789539 7.425718784 0.998202562 0.059698254 -0.005267025 18.682336807
-0.008950458 0.051520966 -0.998631775 -195.440048218 -0.062823042 0.996670008 0.051982813 7.460405350 0.997984469 0.063202359 -0.005683949 18.673837662
-0.007808001 0.050277721 -0.998704672 -196.331619263 -0.065728091 0.996549547 0.050683085 7.483872414 0.997806966 0.066038691 -0.004476401 18.653423309
-0.006739093 0.047790296 -0.998834670 -197.256317139 -0.065355882 0.996700644 0.048129145 7.513102531 0.997839272 0.065604068 -0.003593483 18.638454437
-0.005871154 0.045122787 -0.998964190 -198.168319702 -0.065297671 0.996832013 0.045410249 7.544564247 0.997848630 0.065496638 -0.002906142 18.624164581
-0.004641959 0.044493936 -0.998998880 -199.087600708 -0.065615185 0.996843159 0.044702809 7.577763081 0.997834265 0.065757006 -0.001707828 18.607481003
-0.003980590 0.048002891 -0.998839200 -200.011810303 -0.063047469 0.996847928 0.048158441 7.597184181 0.998002648 0.063165992 -0.000941583 18.600221634
-0.004777889 0.048571087 -0.998808265 -200.939163208 -0.062749833 0.996836722 0.048775375 7.634603500 0.998017848 0.062908098 -0.001714947 18.605943680
-0.004017400 0.044945922 -0.998981297 -201.879837036 -0.057737853 0.997312427 0.045103025 7.662726402 0.998323679 0.057860240 -0.001411522 18.605072021
-0.003867250 0.042147931 -0.999103904 -202.820877075 -0.055964224 0.997536361 0.042298425 7.689199448 0.998425305 0.056077655 -0.001498946 18.602117538
-0.003510953 0.042145740 -0.999105334 -203.772644043 -0.060947686 0.997245133 0.042281430 7.728139400 0.998134792 0.061041608 -0.000932595 18.591003418
-0.001634716 0.046349350 -0.998923898 -204.740097046 -0.061902452 0.997004867 0.046361603 7.756392002 0.998080790 0.061911620 0.001239319 18.571660995
0.000673061 0.045829054 -0.998949051 -205.703933716 -0.059568904 0.997177124 0.045707628 7.789087296 0.998223901 0.059475541 0.003401147 18.568155289
0.002362148 0.046761982 -0.998903275 -206.680999756 -0.057920478 0.997235477 0.046546940 7.829259396 0.998318434 0.057747006 0.005064095 18.578685760
0.004179082 0.051240180 -0.998677611 -207.669219971 -0.059235089 0.996945322 0.050903432 7.870037079 0.998235404 0.058944032 0.007201533 18.575946808
0.005856090 0.055544216 -0.998439014 -208.668395996 -0.056482587 0.996880531 0.055126231 7.904558182 0.998386502 0.056071602 0.008975103 18.577470779
0.007286764 0.056304466 -0.998387039 -209.677124023 -0.055280071 0.996909499 0.055817682 7.942529678 0.998444259 0.054784175 0.010376760 18.591409683
0.009061880 0.056715086 -0.998349249 -210.680068970 -0.058582462 0.996705532 0.056089967 7.992245674 0.998241484 0.057977472 0.012354536 18.598642349
0.012164244 0.058862437 -0.998192012 -211.701248169 -0.061362829 0.996428370 0.058010645 8.035548210 0.998041332 0.060546242 0.015732763 18.600393295
0.015213299 0.059160821 -0.998132646 -212.718154907 -0.062930621 0.996325612 0.058094557 8.079064369 0.997901857 0.061929293 0.018880431 18.612710953
0.018406346 0.056751743 -0.998218656 -213.744079590 -0.065841846 0.996289432 0.055427987 8.123723030 0.997660220 0.064704329 0.022074690 18.621669769
0.021006742 0.053894967 -0.998325646 -214.759872437 -0.065981820 0.996443748 0.052404985 8.163042068 0.997599661 0.064770482 0.024488129 18.646860123
