1.000000000 0.000000000 0.000000000 0.000000000 0.000000000 1.000000000 0.000000000 0.000000000 0.000000000 0.000000000 1.000000000 0.000000000
0.999995708 0.002916658 0.000163006 -0.006453092 -0.002916880 0.999994814 0.001382311 -0.013313434 -0.000158974 -0.001382780 0.999999046 0.771755874
0.999984264 0.005576096 0.000594189 -0.013336276 -0.005577209 0.999982655 0.001888330 -0.029347338 -0.000583649 -0.001891614 0.999997973 1.533591151
0.999975443 0.006883273 0.001328642 -0.028964086 -0.006885615 0.999974728 0.001766731 -0.047799848 -0.001316448 -0.001775836 0.999997556 2.260220289
0.999959648 0.008905717 0.001206369 -0.030177489 -0.008907259 0.999959469 0.001278681 -0.059493985 -0.001194932 -0.001289375 0.999998450 2.990832567
0.999958217 0.008936145 0.001929029 -0.042800359 -0.008938570 0.999959290 0.001252841 -0.076841503 -0.001917755 -0.001270032 0.999997377 3.698662996
0.999956310 0.009187398 0.001697348 -0.033587433 -0.009190820 0.999955714 0.002019678 -0.086975344 -0.001678717 -0.002035190 0.999996543 4.401264668
0.999945045 0.010071631 0.002887881 -0.051495593 -0.010086283 0.999936163 0.005104637 -0.103887863 -0.002836284 -0.005133485 0.999982834 5.062662601
0.999941826 0.010046627 0.003933583 -0.046158753 -0.010080280 0.999911904 0.008630787 -0.106249951 -0.003846526 -0.008669935 0.999955058 5.735509396
0.999946713 0.008775410 0.005441474 -0.049383227 -0.008843279 0.999881804 0.012576287 -0.124533258 -0.005330469 -0.012623737 0.999906123 6.335505009
0.999941111 0.008562548 0.006669151 -0.042101856 -0.008661607 0.999850392 0.014968378 -0.134000927 -0.006539987 -0.015025263 0.999865711 6.958445549
0.999924779 0.009323868 0.007964195 -0.039541241 -0.009441006 0.999845862 0.014799159 -0.139563575 -0.007824983 -0.014873235 0.999858797 7.541796207
0.999910891 0.010261619 0.008534535 -0.029021926 -0.010367030 0.999869347 0.012399722 -0.149970815 -0.008406178 -0.012487093 0.999886692 8.098825455
0.999892056 0.010476565 0.010306592 -0.041241847 -0.010573541 0.999899864 0.009399902 -0.155522451 -0.010207082 -0.009507863 0.999902666 8.608523369
0.999902308 0.008399195 0.011172668 -0.015224888 -0.008490090 0.999931037 0.008113042 -0.167096123 -0.011103754 -0.008207105 0.999904692 9.118448257
0.999902189 0.004437220 0.013263421 -0.014011676 -0.004510731 0.999974728 0.005517663 -0.170326948 -0.013238601 -0.005576951 0.999896765 9.578338623
0.999886990 0.002868558 0.014757299 0.001698795 -0.002934061 0.999985993 0.004418981 -0.177145779 -0.014744414 -0.004461781 0.999881327 10.019641876
0.999840260 0.006838416 0.016510176 0.008984768 -0.006876411 0.999973953 0.002245662 -0.186456144 -0.016494386 -0.002358834 0.999861121 10.431936264
0.999735296 0.011515190 0.019919351 0.004747345 -0.011549940 0.999932051 0.001630369 -0.198390439 -0.019899221 -0.001860004 0.999800265 10.805734634
0.999656379 0.012165347 0.023214137 0.009494028 -0.012235936 0.999921024 0.002901130 -0.208589181 -0.023177007 -0.003184180 0.999726295 11.164297104
0.999620616 0.007988584 0.026358519 0.024835236 -0.008083258 0.999961197 0.003487199 -0.214181855 -0.026329640 -0.003698938 0.999646485 11.488225937
0.999578059 0.002881937 0.028903635 0.041437272 -0.002973060 0.999990761 0.003110166 -0.217669085 -0.028894402 -0.003194786 0.999577343 11.771110535
0.999511421 -0.000421065 0.031253569 0.058488484 0.000285778 0.999990582 0.004333018 -0.220934644 -0.031255096 -0.004321969 0.999502063 12.029224396
0.999426246 -0.000988423 0.033854857 0.064745270 0.000797742 0.999983728 0.005645366 -0.229188442 -0.033859886 -0.005615120 0.999410808 12.259456635
0.999354422 -0.000541036 0.035923373 0.072503835 0.000375311 0.999989271 0.004619860 -0.234464750 -0.035925485 -0.004603394 0.999343932 12.468113899
0.999299884 0.000363412 0.037412412 0.091069676 -0.000489337 0.999994278 0.003356761 -0.240195394 -0.037410982 -0.003372718 0.999294221 12.660969734
0.999174833 0.002934995 0.040508915 0.086684197 -0.003039635 0.999992251 0.002521804 -0.246402398 -0.040501200 -0.002642856 0.999175966 12.816697121
0.999087453 0.005690248 0.042330321 0.090678297 -0.005769217 0.999981880 0.001743616 -0.250394315 -0.042319633 -0.001986238 0.999102175 12.991351128
0.999031007 0.007020451 0.043448579 0.099366672 -0.007048991 0.999975145 0.000503703 -0.258763582 -0.043443955 -0.000809484 0.999055505 13.145553589
0.998929083 0.006301604 0.045836564 0.100542605 -0.006247956 0.999979675 -0.001313586 -0.264278084 -0.045843907 0.001025794 0.998948097 13.294540405
0.998867154 0.004667880 0.047356900 0.104982920 -0.004549346 0.999986231 -0.002610469 -0.268102854 -0.047368441 0.002392068 0.998874605 13.434092522
0.998815179 0.003925445 0.048506904 0.115084961 -0.003753892 0.999986351 -0.003627273 -0.270746827 -0.048520487 0.003440886 0.998816252 13.571527481
0.998729467 0.005229995 0.050120700 0.120573036 -0.004976915 0.999974191 -0.005172880 -0.271113604 -0.050146464 0.004916862 0.998729765 13.706418991
0.998672485 0.005638878 0.051200427 0.130269021 -0.005290392 0.999961853 -0.006939276 -0.277220905 -0.051237606 0.006659193 0.998664320 13.829545975
0.998631716 0.005734185 0.051978566 0.138701230 -0.005249653 0.999941468 -0.009453493 -0.277459204 -0.052029740 0.009167690 0.998603463 13.953010559
0.998589158 0.005425024 0.052823391 0.146264076 -0.004809170 0.999919057 -0.011778863 -0.280716956 -0.052883014 0.011508210 0.998534381 14.081451416
0.998628557 0.004443417 0.052165646 0.156053901 -0.003738763 0.999900579 -0.013597820 -0.284921885 -0.052220881 0.013384137 0.998545885 14.215271950
0.998739362 0.003547313 0.050070606 0.161904037 -0.002821659 0.999890029 -0.014555886 -0.293119520 -0.050116740 0.014396255 0.998639584 14.334369659
0.998887181 0.003892076 0.047002960 0.167504355 -0.003173091 0.999876857 -0.015361518 -0.296865582 -0.047056969 0.015195279 0.998776615 14.464892387
0.999064565 0.004392826 0.043019112 0.164142966 -0.003664240 0.999848664 -0.017000558 -0.292488903 -0.043087285 0.016827021 0.998929620 14.587000847
0.999277949 0.004257474 0.037753101 0.150032312 -0.003578269 0.999830782 -0.018040050 -0.297937214 -0.037823524 0.017891932 0.999124229 14.701365471
0.999507248 0.004572801 0.031056220 0.154411420 -0.003985592 0.999812603 -0.018943610 -0.296474516 -0.031137029 0.018810498 0.999338090 14.828151703
0.999703705 0.004718106 0.023877595 0.148860350 -0.004247037 0.999796033 -0.019740874 -0.299957007 -0.023965871 0.019633615 0.999519944 14.957773209
0.999869943 0.004426826 0.015506319 0.147008941 -0.004109198 0.999782264 -0.020456064 -0.303450674 -0.015593501 0.020389685 0.999670506 15.091929436
0.999976277 0.003590337 0.005859370 0.131229654 -0.003462540 0.999759078 -0.021676917 -0.306939572 -0.005935787 0.021656113 0.999747872 15.222179413
0.999968827 0.002049420 -0.007623174 0.128348261 -0.002227384 0.999723434 -0.023410356 -0.307824969 0.007573086 0.023426605 0.999696851 15.366962433
0.999720037 0.001049496 -0.023637716 0.107613891 -0.001651853 0.999673963 -0.025477747 -0.308147639 0.023603264 0.025509659 0.999395847 15.527327538
0.999081492 0.001673762 -0.042816602 0.079983316 -0.002807941 0.999646425 -0.026442824 -0.314743489 0.042757206 0.026538763 0.998732924 15.694535255
0.997929454 0.003020900 -0.064246640 0.038670253 -0.004690673 0.999654651 -0.025855102 -0.320441335 0.064146340 0.026102927 0.997599065 15.873793602
0.996115744 0.003262250 -0.087992266 0.001678213 -0.005410185 0.999692917 -0.024183055 -0.333999246 0.087886341 0.024565179 0.995827556 16.067617416
0.993349016 0.004028120 -0.115071461 -0.044873100 -0.006697828 0.999717176 -0.022823215 -0.338178903 0.114946961 0.023442149 0.993094981 16.289558411
0.989431500 0.004983943 -0.144915149 -0.119172491 -0.008064280 0.999753714 -0.020676490 -0.344588488 0.144776404 0.021626608 0.989227951 16.523445129
0.984008491 0.005117109 -0.178047746 -0.189819857 -0.008279257 0.999820888 -0.017021656 -0.354141712 0.177928761 0.018223559 0.983874619 16.768228531
0.976658821 0.006127253 -0.214709088 -0.277142227 -0.009099239 0.999875903 -0.012856271 -0.362118542 0.214603677 0.014509879 0.976593435 17.016578674
0.967079103 0.007773483 -0.254357249 -0.384313226 -0.010058177 0.999919951 -0.007682861 -0.363105208 0.254277110 0.009988306 0.967079759 17.275840759
0.955259442 0.011550925 -0.295543522 -0.510686398 -0.012941072 0.999912500 -0.002748050 -0.369334787 0.295485884 0.006449749 0.955325365 17.550279617
0.941252589 0.014923659 -0.337373495 -0.646787882 -0.015253628 0.999882221 0.001672886 -0.371527046 0.337358713 0.003571560 0.941369355 17.816673279
0.924558938 0.017947033 -0.380616188 -0.795541584 -0.016180998 0.999838293 0.007839525 -0.379417092 0.380695432 -0.001089354 0.924699783 18.082754135
0.905312657 0.021123532 -0.424220264 -0.968873143 -0.016184263 0.999752820 0.015243252 -0.380586296 0.424437433 -0.006934215 0.905430675 18.368093491
0.883476257 0.025567375 -0.467777640 -1.146350741 -0.017328842 0.999609768 0.021907374 -0.381964087 0.468155265 -0.011248601 0.883574605 18.634830475
0.858954608 0.031107910 -0.511105895 -1.362047315 -0.020372014 0.999438703 0.026592946 -0.383404285 0.511646330 -0.012429874 0.859106243 18.907714844
0.830819964 0.034676734 -0.555459857 -1.586007237 -0.021570629 0.999313474 0.030122098 -0.382305115 0.556123078 -0.013044422 0.830997527 19.188760757
0.799763083 0.037857078 -0.599120915 -1.831197381 -0.023623968 0.999221325 0.031603009 -0.372270793 0.599850774 -0.011121307 0.800034523 19.451770782
0.765945256 0.040993109 -0.641597509 -2.094065189 -0.024260944 0.999097347 0.034871627 -0.366884708 0.642447889 -0.011143995 0.766248286 19.709129333
0.729283214 0.044793751 -0.682744205 -2.414513350 -0.025516657 0.998941123 0.038282938 -0.349892884 0.683736026 -0.010497754 0.729653835 19.992811203
0.690993428 0.046214208 -0.721382260 -2.781718731 -0.023418125 0.998861551 0.041558862 -0.333080232 0.722481608 -0.011823483 0.691288948 20.282552719
0.649728656 0.045934163 -0.758777142 -3.128357649 -0.020838430 0.998873651 0.042625308 -0.317850083 0.759880543 -0.011883160 0.649954081 20.542228699
0.607614338 0.044735640 -0.792971432 -3.511169672 -0.015111838 0.998882830 0.044772740 -0.304492265 0.794088423 -0.015221301 0.607611597 20.788249969
0.562587917 0.044883974 -0.825518131 -3.919109821 -0.010483973 0.998832226 0.047162373 -0.289135724 0.826670945 -0.017878272 0.562401414 21.036233902
0.516559958 0.045804009 -0.855025053 -4.341551304 -0.008642190 0.998796165 0.048284743 -0.259132504 0.856207371 -0.017552672 0.516333938 21.238075256
0.467091948 0.046835966 -0.882967591 -4.799924374 -0.008633997 0.998790085 0.048412248 -0.246231809 0.884166598 -0.014989426 0.466931224 21.442228317
0.414930344 0.045829423 -0.908698261 -5.284110546 -0.002491519 0.998784125 0.049235154 -0.228492066 0.909849763 -0.018165119 0.414539993 21.627576828
0.360800952 0.044661641 -0.931572914 -5.778280735 0.002371805 0.998805642 0.048803531 -0.202451587 0.932639837 -0.019817866 0.360264063 21.790937424
0.307337999 0.044337653 -0.950567007 -6.315674305 0.005383058 0.998817027 0.048328653 -0.185890719 0.951585174 -0.019970190 0.306735784 21.932260513
0.254447788 0.049422242 -0.965822756 -6.886901855 0.006342119 0.998586595 0.052769639 -0.145239592 0.967065692 -0.019552480 0.253774732 22.046642303
0.203121632 0.054245915 -0.977649689 -7.466154099 0.008716879 0.998324454 0.057204135 -0.115103833 0.979114711 -0.020141453 0.202308476 22.128940582
0.154914916 0.055485327 -0.986368477 -8.071690559 0.014370745 0.998189390 0.058407284 -0.085247383 0.987823308 -0.023223009 0.153837055 22.201118469
0.110803843 0.057180975 -0.992195904 -8.616073608 0.017032579 0.998087704 0.059422631 -0.074452996 0.993696332 -0.023483915 0.109617993 22.234077454
0.070245899 0.055427622 -0.995988548 -9.254841805 0.017352588 0.998236120 0.056776546 -0.045514561 0.997378826 -0.021271300 0.069160171 22.253252029
0.034766961 0.051122293 -0.998087049 -9.893115044 0.014416846 0.998561263 0.051648773 -0.005758302 0.999291480 -0.016184939 0.033979915 22.245771408
0.006314818 0.050992057 -0.998679161 -10.572216988 0.012272304 0.998619795 0.051066637 0.031331178 0.999904811 -0.012578570 0.005680309 22.225988388
-0.014783633 0.055214338 -0.998365104 -11.273197174 0.011081556 0.998421967 0.055053394 0.063198879 0.999829292 -0.010249549 -0.015372165 22.197416306
-0.027573919 0.061031327 -0.997754931 -12.006333351 0.012498945 0.998077393 0.060705639 0.101468533 0.999541640 -0.010796992 -0.028283730 22.171987534
-0.035334621 0.063736133 -0.997341037 -12.748420715 0.012277964 0.997916579 0.063337930 0.136737391 0.999300182 -0.010007296 -0.036043551 22.136014938
-0.039102331 0.060746342 -0.997387052 -13.501564026 0.012860076 0.998098314 0.060285483 0.174791783 0.999152482 -0.010469167 -0.039809175 22.093166351
-0.038451698 0.056893196 -0.997639477 -14.277564049 0.020378634 0.998214781 0.056140561 0.213755280 0.999052644 -0.018171828 -0.039542463 22.070093155
-0.034015384 0.055176515 -0.997897029 -15.085324287 0.032367945 0.998011887 0.054079544 0.261531323 0.998897016 -0.030460333 -0.035733715 22.057567596
-0.028409731 0.055382755 -0.998060942 -15.909476280 0.032579247 0.997984827 0.054451164 0.301390201 0.999065280 -0.030969130 -0.030156808 22.035982132
-0.023164185 0.054114714 -0.998265982 -16.760482788 0.030808778 0.998098314 0.053390726 0.332085282 0.999256790 -0.029518610 -0.024787340 22.008796692
-0.020284649 0.047503721 -0.998665094 -17.626634598 0.034240931 0.998317599 0.046791703 0.375899881 0.999207675 -0.033246070 -0.021877095 22.003074646
-0.017893758 0.036641803 -0.999168277 -18.500391006 0.032156721 0.998832285 0.036053605 0.409052819 0.999322653 -0.031484835 -0.019051148 21.979066849
-0.017252615 0.028484201 -0.999445379 -19.393630981 0.024371743 0.999309003 0.028059611 0.436748713 0.999554098 -0.023874121 -0.017934902 21.944671631
-0.018049303 0.025588993 -0.999509573 -20.316865921 0.018813461 0.999504089 0.025249116 0.463203460 0.999660075 -0.018348502 -0.018521771 21.907135010
-0.021766670 0.031389136 -0.999270201 -21.242462158 0.009143264 0.999471366 0.031196294 0.489061207 0.999721289 -0.008457548 -0.022042165 21.866910934
-0.026778307 0.040054046 -0.998838603 -22.209503174 0.004425339 0.999191821 0.039949577 0.506512225 0.999631524 -0.003350418 -0.026933922 21.816926956
-0.031650651 0.049430761 -0.998275936 -23.206464767 0.003019474 0.998776436 0.049359817 0.548245013 0.999494374 -0.001451998 -0.031761177 21.779531479
-0.033154216 0.059493881 -0.997677922 -24.228988647 0.001753838 0.998228610 0.059468437 0.590037704 0.999448657 0.000221864 -0.033199832 21.737190247
-0.034067608 0.067299031 -0.997151077 -25.255779266 0.003997108 0.997731328 0.067201637 0.636566460 0.999411523 -0.001696321 -0.034259327 21.701290131
-0.035628743 0.068018429 -0.997047663 -26.302448273 0.004472205 0.997681916 0.067901894 0.693585694 0.999355078 -0.002039744 -0.035850350 21.660903931
-0.037579112 0.064839087 -0.997187853 -27.320653915 0.003542967 0.997895002 0.064751558 0.754351377 0.999287426 -0.001099698 -0.037729740 21.620037079
-0.040551253 0.060463663 -0.997346342 -28.345664978 0.003142588 0.998170078 0.060385823 0.797570109 0.999172509 -0.000685528 -0.040667068 21.575214386
-0.045137659 0.055305313 -0.997448683 -29.349040985 0.003066584 0.998469353 0.055223130 0.842625797 0.998976052 -0.000566117 -0.045238167 21.519811630
-0.050431330 0.050501559 -0.997449875 -30.375242233 0.002903005 0.998723805 0.050419290 0.887636900 0.998723328 -0.000352890 -0.050513580 21.457731247
-0.057449579 0.048809782 -0.997154474 -31.402437210 0.002564969 0.998808086 0.048742939 0.928144038 0.998345137 0.000242591 -0.057506304 21.388393402
-0.064276829 0.051336601 -0.996610701 -32.468379974 0.002824808 0.998681307 0.051261071 0.970488310 0.997928083 0.000479665 -0.064337097 21.318202972
-0.070295207 0.056198161 -0.995941937 -33.533882141 0.001493628 0.998416603 0.056232370 1.014451146 0.997525036 0.002465300 -0.070267849 21.230236053
-0.076383203 0.059352588 -0.995310426 -34.589199066 -0.001233438 0.998220325 0.059620768 1.057188153 0.997077763 0.005781679 -0.076174058 21.135282516
-0.080918513 0.060949795 -0.994855464 -35.662918091 -0.004585689 0.998095155 0.061521269 1.115544438 0.996710181 0.009540307 -0.080484882 21.036928177
-0.083525911 0.062809072 -0.994524240 -36.738540649 -0.008817612 0.997925997 0.063764468 1.159039378 0.996466637 0.014095315 -0.082798854 20.931671143
-0.085264370 0.064163469 -0.994290173 -37.820152283 -0.013149411 0.997764945 0.065515310 1.213796616 0.996271610 0.018660452 -0.084230080 20.823375702
-0.086652078 0.063359588 -0.994221807 -38.897438049 -0.014063366 0.997798324 0.064813212 1.274423718 0.996139407 0.019598303 -0.085570246 20.716449738
-0.087966822 0.062868252 -0.994137526 -39.987117767 -0.015143831 0.997806668 0.064440295 1.323044538 0.996008277 0.020723658 -0.086821817 20.611034393
-0.089525558 0.061835736 -0.994063199 -41.065769196 -0.015734367 0.997858524 0.063488871 1.380036831 0.995860279 0.021324828 -0.088360898 20.513906479
-0.089976728 0.061033770 -0.994071901 -42.153247833 -0.017997874 0.997857869 0.062895261 1.437785864 0.995781302 0.023550289 -0.088685505 20.395318985
-0.090498224 0.058976769 -0.994148791 -43.235435486 -0.023077875 0.997852743 0.061297301 1.477595448 0.995629191 0.028490139 -0.088942841 20.286315918
-0.090761594 0.053857662 -0.994415224 -44.326210022 -0.027805407 0.998010278 0.056590199 1.531275511 0.995484412 0.032786336 -0.089083463 20.177333832
-0.090178661 0.053457204 -0.994489908 -45.417045593 -0.029777154 0.997967243 0.056344267 1.576757789 0.995480359 0.034694124 -0.088403545 20.074645996
-0.088849328 0.057740372 -0.994370103 -46.528179169 -0.030802222 0.997681558 0.060684916 1.625360489 0.995568693 0.036020618 -0.086864807 19.975448608
-0.086609267 0.060865290 -0.994381368 -47.619426727 -0.030761464 0.997492611 0.063735008 1.674679637 0.995767355 0.036108665 -0.084519789 19.868724823
-0.084459744 0.060385186 -0.994595408 -48.708251953 -0.029121419 0.997586071 0.063039713 1.732320189 0.996001244 0.034288354 -0.082497351 19.767044067
-0.082151249 0.059323601 -0.994852662 -49.818275452 -0.029058930 0.997659862 0.061890580 1.789036393 0.996196151 0.033993743 -0.080235124 19.673328400
-0.078229025 0.059781283 -0.995141327 -50.932712555 -0.033211008 0.997490108 0.062533140 1.846855879 0.996382058 0.037941553 -0.076047294 19.581089020
-0.072439529 0.060719546 -0.995522738 -52.054111481 -0.038384490 0.997235894 0.063617095 1.902267456 0.996633887 0.042821024 -0.069908619 19.483407974
-0.066855021 0.060332771 -0.995936871 -53.171348572 -0.042137500 0.997108877 0.063232362 1.957912803 0.996872544 0.046193689 -0.064119458 19.397506714
-0.060052212 0.059383001 -0.996427298 -54.317535400 -0.043897461 0.997106016 0.062069047 2.019581318 0.997229517 0.047468014 -0.057271659 19.308242798
-0.054820292 0.058208529 -0.996798038 -55.452720642 -0.043275416 0.997222722 0.060613312 2.079436779 0.997557938 0.046459693 -0.052149042 19.250278473
-0.049262885 0.057951462 -0.997103155 -56.600540161 -0.042149000 0.997305334 0.060045633 2.136688471 0.997896075 0.044984922 -0.046687543 19.182970047
-0.043954305 0.058590941 -0.997313976 -57.740314484 -0.040974636 0.997332990 0.060397923 2.189566374 0.998192906 0.043519326 -0.041436333 19.132854462
-0.038082652 0.060237806 -0.997457266 -58.883148193 -0.040186148 0.997281551 0.061761491 2.243505239 0.998466134 0.042436004 -0.035558406 19.082605362
-0.032800473 0.061522555 -0.997566640 -60.037181854 -0.040964168 0.997182250 0.062845774 2.299175978 0.998622000 0.042925857 -0.030187827 19.045589447
-0.028151978 0.060532033 -0.997769117 -61.209274292 -0.040356927 0.997282147 0.061641157 2.355287790 0.998788655 0.042002220 -0.025632575 19.020015717
-0.022559971 0.056259871 -0.998161256 -62.352260590 -0.040620603 0.997539222 0.057142917 2.403990984 0.998919904 0.041835047 -0.020219147 18.975206375
-0.018581068 0.050976787 -0.998526990 -63.505065918 -0.040408429 0.997845113 0.051693927 2.451946735 0.999010444 0.041309431 -0.016481139 18.957941055
-0.015001831 0.050493773 -0.998611689 -64.692909241 -0.040069137 0.997891426 0.051059306 2.496332169 0.999084234 0.040779483 -0.012946956 18.933437347
-0.010781620 0.052957933 -0.998538554 -65.867431641 -0.039890964 0.997778833 0.053348362 2.542312145 0.999145865 0.040407844 -0.008645128 18.904783249
-0.009138602 0.052947253 -0.998555481 -67.023612976 -0.039701622 0.997790635 0.053270038 2.582362652 0.999169767 0.040131081 -0.007016319 18.894474030
-0.007865141 0.052821450 -0.998572946 -68.200263977 -0.041468129 0.997727573 0.053103346 2.627324343 0.999108851 0.041826624 -0.005656862 18.877187729
-0.007137235 0.053704694 -0.998531282 -69.369491577 -0.042362988 0.997644007 0.053959768 2.672505617 0.999076784 0.042685896 -0.004845328 18.861814499
-0.005829382 0.053580049 -0.998546541 -70.537452698 -0.043326780 0.997612298 0.053782851 2.712704420 0.999043941 0.043577328 -0.003494013 18.844163895
-0.004755722 0.051398274 -0.998666883 -71.696891785 -0.043770030 0.997710407 0.051557481 2.755781889 0.999030292 0.043956883 -0.002495129 18.831380844
-0.004394475 0.050036781 -0.998737693 -72.875801086 -0.042233415 0.997846961 0.050177980 2.802393198 0.999098122 0.042400613 -0.002271789 18.827091217
-0.003841495 0.050006945 -0.998741508 -74.053802490 -0.038558576 0.997998714 0.050118066 2.840182543 0.999248981 0.038702577 -0.001905611 18.817136765
-0.003676361 0.050441992 -0.998720229 -75.236145020 -0.036568098 0.998052180 0.050542865 2.888010502 0.999324381 0.036707107 -0.001824633 18.813217163
-0.003417291 0.053808942 -0.998545349 -76.418052673 -0.035853811 0.997902632 0.053897005 2.921602726 0.999351203 0.035985835 -0.001480868 18.803642273
-0.002491482 0.057250071 -0.998356760 -77.598297119 -0.038431503 0.997616887 0.057303555 2.969425917 0.999258101 0.038511124 -0.000285338 18.783929825
-0.002321898 0.057632495 -0.998335123 -78.780479431 -0.040887740 0.997497618 0.057679228 3.011347294 0.999161065 0.040953599 0.000040375 18.777502060
-0.001824453 0.055310678 -0.998467445 -79.968009949 -0.041798886 0.997592330 0.055338576 3.059346437 0.999124408 0.041835800 0.000491864 18.770530701
-0.001119178 0.052676938 -0.998610914 -81.149948120 -0.041724492 0.997739434 0.052677725 3.110310078 0.999128580 0.041725498 0.001081270 18.758783340
-0.001351759 0.052174240 -0.998637021 -82.329795837 -0.039355025 0.997861505 0.052186996 3.151882648 0.999224305 0.039371923 0.000704450 18.756389618
-0.001690895 0.053186946 -0.998583078 -83.506263733 -0.038169228 0.997853458 0.053212710 3.200558424 0.999269843 0.038205117 0.000342839 18.761230469
-0.000768767 0.056305442 -0.998413265 -84.672485352 -0.036951505 0.997730076 0.056295373 3.240302563 0.999316752 0.036936149 0.001313549 18.745008469
-0.000025455 0.058692805 -0.998276055 -85.847839355 -0.037489161 0.997574151 0.058652509 3.286819935 0.999297082 0.037426025 0.002174952 18.740045547
0.000110208 0.058877595 -0.998265207 -87.015960693 -0.038778778 0.997514546 0.058829047 3.332055092 0.999247789 0.038705021 0.002393136 18.729766846
0.000760178 0.056692999 -0.998391330 -88.181632996 -0.038898084 0.997637749 0.056620590 3.378847361 0.999242842 0.038792472 0.002963631 18.726737976
0.000520786 0.055288661 -0.998470247 -89.353492737 -0.037255295 0.997778416 0.055230912 3.427297831 0.999305606 0.037169542 0.002579424 18.731149673
-0.000071964 0.056460343 -0.998404801 -90.527526855 -0.035242990 0.997784436 0.056427799 3.471603394 0.999378741 0.035190832 0.001918027 18.742071152
0.001647344 0.059170783 -0.998246491 -91.681442261 -0.033726014 0.997683287 0.059081741 3.520601511 0.999429703 0.033569556 0.003639121 18.719945908
0.000814578 0.061270691 -0.998120844 -92.849090576 -0.032283805 0.997602522 0.061212521 3.571319580 0.999478400 0.032173280 0.002790675 18.729764938
0.002064933 0.063557357 -0.997976065 -94.015968323 -0.033500046 0.997422397 0.063452780 3.620693445 0.999436557 0.033301208 0.004188784 18.713731766
0.002280057 0.065848321 -0.997827113 -95.183143616 -0.036370382 0.997174859 0.065722182 3.674214125 0.999335766 0.036141496 0.004668544 18.704095840
0.002372358 0.065539010 -0.997847259 -96.340950012 -0.038337842 0.997122347 0.065400243 3.720294237 0.999262035 0.038100153 0.004878155 18.700727463
0.002361599 0.061034888 -0.998132825 -97.515037537 -0.040229909 0.997333348 0.060890816 3.774599552 0.999187648 0.040011000 0.004810730 18.693664551
0.002534217 0.059408810 -0.998230517 -98.680618286 -0.041468401 0.997381270 0.059252992 3.824950695 0.999136627 0.041244864 0.004991168 18.691129684
0.002974122 0.057929445 -0.998316228 -99.862579346 -0.041788749 0.997455716 0.057755023 3.874749184 0.999122083 0.041546620 0.005387354 18.686580658
0.003049575 0.058089536 -0.998306692 -101.049377441 -0.040835004 0.997485876 0.057917040 3.926748753 0.999161243 0.040589228 0.005413994 18.692951202
0.002994196 0.060215391 -0.998180866 -102.200981140 -0.040576331 0.997370660 0.060044792 3.978087187 0.999171972 0.040322725 0.005429642 18.690355301
0.003119588 0.062587999 -0.998034596 -103.365898132 -0.039695162 0.997260571 0.062415380 4.019774437 0.999206960 0.039422434 0.005595483 18.692792892
0.002656354 0.061034344 -0.998132169 -104.528923035 -0.043409009 0.997201800 0.060861927 4.083239555 0.999053895 0.043166254 0.005298361 18.686126709
0.002920424 0.062792100 -0.998022377 -105.695426941 -0.047312725 0.996917665 0.062584147 4.131773949 0.998875856 0.047036383 0.005882287 18.676420212
0.002529203 0.061875314 -0.998080671 -106.900840759 -0.051602561 0.996762216 0.061662812 4.192568302 0.998664439 0.051347557 0.005713939 18.664695740
0.002154736 0.057695121 -0.998331904 -108.076904297 -0.052499503 0.996964037 0.057502758 4.252492905 0.998618662 0.052288029 0.005177160 18.664466858
0.001746871 0.054192699 -0.998528898 -109.267913818 -0.052358430 0.997165740 0.054027118 4.296211720 0.998626828 0.052187029 0.004579365 18.655897141
0.000633006 0.053263240 -0.998580337 -110.467903137 -0.048770934 0.997393847 0.053169031 4.346117020 0.998809814 0.048668042 0.003229055 18.657104492
0.000509581 0.052729834 -0.998608708 -111.638160706 -0.044752136 0.997609496 0.052654240 4.388304234 0.998997927 0.044663038 0.002868135 18.660329819
0.000202134 0.054637354 -0.998506248 -112.843933105 -0.043893483 0.997544467 0.054575834 4.437826633 0.999036193 0.043816887 0.002599861 18.653549194
-0.000633946 0.058735378 -0.998273432 -114.056869507 -0.042476628 0.997371018 0.058709256 4.480646610 0.999097228 0.042440500 0.001862601 18.644905090
-0.001267716 0.058339439 -0.998296022 -115.306625366 -0.041340601 0.997440338 0.058341924 4.551830769 0.999144256 0.041344114 0.001147316 18.651601791
-0.002507706 0.053894322 -0.998543501 -116.527030945 -0.041327592 0.997687936 0.053951934 4.606457710 0.999142528 0.041402690 -0.000274586 18.649820328
-0.003415785 0.050605457 -0.998712957 -117.758239746 -0.041746642 0.997840881 0.050704047 4.648019791 0.999122381 0.041866109 -0.001295802 18.640476227
-0.003555441 0.048611041 -0.998811483 -119.027488708 -0.040761918 0.997980595 0.048715692 4.709567070 0.999162495 0.040886674 -0.001566782 18.631296158
-0.004797011 0.049864512 -0.998744547 -120.268272400 -0.042885553 0.997826874 0.050024673 4.758606434 0.999068439 0.043071680 -0.002648119 18.623964310
-0.004597646 0.054657727 -0.998494625 -121.534088135 -0.047818586 0.997350872 0.054815304 4.806533337 0.998845458 0.047998626 -0.001971810 18.597040176
-0.005160536 0.058069061 -0.998299181 -122.778717041 -0.053164795 0.996884644 0.058261607 4.856338024 0.998572409 0.053375032 -0.002057229 18.576150894
-0.005016839 0.057679560 -0.998322546 -124.043731689 -0.060475893 0.996490180 0.057877611 4.917196751 0.998157144 0.060664803 -0.001511008 18.549062729
-0.004476616 0.055387385 -0.998454928 -125.296035767 -0.063969813 0.996403992 0.055560432 4.974991322 0.997941792 0.064119712 -0.000917397 18.522762299
-0.005692750 0.054354452 -0.998505473 -126.532173157 -0.065865465 0.996332943 0.054611705 5.025937080 0.997812271 0.066077903 -0.002091793 18.514677048
-0.006632587 0.053359307 -0.998553336 -127.793594360 -0.065570556 0.996403039 0.053679932 5.074363232 0.997825921 0.065831736 -0.003109931 18.505058289
-0.006911882 0.053036604 -0.998568654 -129.097808838 -0.063758709 0.996537387 0.053370029 5.120187283 0.997941434 0.064036325 -0.003506403 18.490304947
-0.007384586 0.053814810 -0.998523653 -130.352493286 -0.063936226 0.996482313 0.054177638 5.166477680 0.997926712 0.064241901 -0.003917894 18.476751328
-0.008008924 0.058818534 -0.998236477 -131.609924316 -0.064014748 0.996190727 0.059211593 5.216482162 0.997916818 0.064376086 -0.004213165 18.463417053
-0.008354667 0.062895477 -0.997985065 -132.886932373 -0.063115984 0.995996773 0.063298546 5.272840977 0.997971237 0.063517652 -0.004351511 18.447191238
-0.008677847 0.061788511 -0.998051524 -134.156677246 -0.062977649 0.996073842 0.062213663 5.327596664 0.997977197 0.063394807 -0.004752481 18.427392960
-0.007545835 0.060153071 -0.998160779 -135.438842773 -0.063064940 0.996173322 0.060510062 5.389932632 0.997980893 0.063405536 -0.003723410 18.406709671
-0.006244660 0.059734516 -0.998194814 -136.688018799 -0.062314581 0.996250927 0.060008030 5.445250034 0.998037040 0.062576815 -0.002498917 18.388860703
-0.005618853 0.059108876 -0.998235762 -137.940505981 -0.062960207 0.996249974 0.059345677 5.493914127 0.998000264 0.063182577 -0.001876276 18.381723404
-0.005171352 0.061165985 -0.998114169 -139.171585083 -0.062129121 0.996179521 0.061369330 5.546827793 0.998054743 0.062329322 -0.001351407 18.385438919
-0.004262734 0.064741321 -0.997892916 -140.418350220 -0.063035235 0.995900035 0.064881302 5.604178905 0.998002291 0.063178994 -0.000164273 18.371570587
-0.003373029 0.065499522 -0.997846901 -141.677581787 -0.064840212 0.995738387 0.065580308 5.668487072 0.997889996 0.064921811 0.000888348 18.364978790
-0.001802393 0.063205957 -0.997998893 -142.922515869 -0.066852301 0.995760322 0.063184924 5.717512131 0.997761250 0.066832393 0.002430712 18.347198486
-0.001917007 0.060396940 -0.998172581 -144.166305542 -0.065424800 0.996028244 0.060392853 5.772749901 0.997855604 0.065421015 0.002042065 18.344596863
-0.002156581 0.058578130 -0.998280525 -145.396682739 -0.062465899 0.996325493 0.058598347 5.824229240 0.998044789 0.062484860 0.001510478 18.351554871
-0.002701367 0.058176059 -0.998302758 -146.632247925 -0.060727470 0.996454358 0.058232669 5.873289108 0.998150766 0.060781695 0.000841095 18.348146439
-0.003121480 0.058610443 -0.998276114 -147.854827881 -0.058768079 0.996544778 0.058692560 5.921511650 0.998266816 0.058849968 0.000333728 18.350931168
-0.003126696 0.056837372 -0.998378575 -149.059219360 -0.056721933 0.996766090 0.056923203 5.980394363 0.998385131 0.056807961 0.000107342 18.343276978
-0.003002844 0.056664497 -0.998388827 -150.297653198 -0.055606987 0.996839046 0.056743789 6.037238598 0.998448253 0.055687785 0.000157590 18.337526321
-0.003418727 0.059465654 -0.998224556 -151.538604736 -0.053592391 0.996784925 0.059563439 6.089128971 0.998557091 0.053700879 -0.000220828 18.335302353
-0.003126825 0.060806282 -0.998144627 -152.720199585 -0.051758695 0.996801794 0.060886618 6.140122890 0.998654723 0.051853050 0.000030430 18.330575943
-0.003274187 0.059262183 -0.998237073 -153.945220947 -0.049649842 0.997001708 0.059351679 6.194906235 0.998761296 0.049756657 -0.000322012 18.323810577
-0.004103312 0.059858486 -0.998198450 -155.160415649 -0.050173476 0.996937275 0.059989117 6.244424820 0.998732090 0.050329238 -0.001087436 18.317493439
-0.003992024 0.064249359 -0.997925878 -156.388641357 -0.050976366 0.996623337 0.064369425 6.305611610 0.998691857 0.051127601 -0.000703345 18.308633804
-0.003220175 0.070939988 -0.997475445 -157.624145508 -0.055845324 0.995911181 0.071009032 6.364334583 0.998434305 0.055932987 0.000754658 18.294309616
-0.002676416 0.071250811 -0.997454762 -158.829360962 -0.060341444 0.995629251 0.071282320 6.420730114 0.998174191 0.060378648 0.001634659 18.288698196
-0.001576941 0.067151070 -0.997741580 -160.056518555 -0.064135350 0.995681763 0.067113817 6.488429546 0.997939944 0.064096332 0.002736626 18.274837494
0.000534631 0.061971162 -0.998077810 -161.286941528 -0.066043802 0.995901167 0.061800629 6.545025826 0.997816503 0.065883808 0.004625249 18.258737564
0.000987661 0.060699727 -0.998155594 -162.508697510 -0.068775229 0.995796859 0.060488224 6.598849297 0.997631669 0.068588644 0.005158146 18.255941391
0.002526923 0.057524834 -0.998340905 -163.696563721 -0.063829876 0.996317506 0.057246692 6.643403530 0.997957587 0.063579336 0.006189420 18.262371063
0.003100975 0.052665759 -0.998607397 -164.912948608 -0.060767770 0.996776581 0.052380506 6.699759007 0.998147190 0.060520720 0.006291361 18.258798599
0.002675488 0.049439978 -0.998773456 -166.126342773 -0.054424871 0.997303903 0.049221449 6.739265919 0.998514295 0.054226425 0.005359038 18.269330978
0.001353248 0.052399158 -0.998625278 -167.355133057 -0.052374907 0.997259319 0.052256510 6.787603855 0.998626590 0.052232191 0.004093940 18.272632599
0.002211886 0.058845244 -0.998264611 -168.590728760 -0.053296920 0.996855140 0.058644071 6.835502625 0.998576283 0.053074714 0.005341200 18.269773483
0.004176183 0.062129423 -0.998059392 -169.790832520 -0.054177441 0.996616185 0.061812900 6.885287762 0.998522580 0.053814147 0.007528066 18.266635895
0.005426669 0.058620840 -0.998265624 -170.996734619 -0.055096496 0.996781349 0.058234174 6.939560413 0.998466194 0.054684911 0.008639006 18.271816254
0.005999545 0.059038125 -0.998237729 -172.228469849 -0.057276629 0.996637046 0.058599219 6.992325783 0.998340309 0.056824125 0.009360874 18.277015686
0.006825939 0.059521623 -0.998203695 -173.448654175 -0.055976875 0.996684492 0.059048250 7.049416065 0.998408735 0.055473268 0.010135141 18.280498505
0.007689899 0.057879228 -0.998294115 -174.649490356 -0.055570554 0.996805608 0.057364870 7.095615387 0.998425066 0.055034623 0.010881715 18.288684845
0.009377815 0.056803059 -0.998341441 -175.832290649 -0.055719271 0.996863782 0.056195598 7.139645576 0.998402417 0.055099856 0.012513429 18.295074463
0.010674027 0.058251914 -0.998244762 -176.971511841 -0.056810472 0.996724606 0.057555743 7.184613705 0.998327911 0.056096416 0.013948385 18.311368942
0.011802324 0.060594544 -0.998092592 -178.107803345 -0.056591786 0.996602774 0.059834901 7.218603134 0.998327672 0.055777654 0.015191382 18.323423386
0.012657577 0.061925959 -0.998000503 -179.197540283 -0.057999723 0.996445477 0.061093871 7.253542900 0.998236299 0.057110455 0.016204277 18.325494766
0.012686371 0.063187890 -0.997921050 -180.271850586 -0.058201462 0.996356010 0.062348891 7.290574074 0.998224258 0.057289489 0.016317770 18.336324692
0.012348330 0.064192437 -0.997861087 -181.317565918 -0.057261851 0.996344924 0.063386299 7.329152584 0.998282790 0.056356665 0.015978971 18.348501205
0.012721288 0.063224889 -0.997918248 -182.349884033 -0.057692133 0.996382833 0.062392175 7.372926712 0.998253405 0.056778319 0.016322849 18.353931427
0.014379685 0.063439451 -0.997882009 -183.316528320 -0.058402482 0.996334791 0.062499486 7.399898529 0.998189569 0.057380076 0.018032003 18.367977142
0.015997836 0.064229615 -0.997806907 -184.274215698 -0.059177544 0.996246159 0.063180342 7.439700127 0.998119354 0.058037020 0.019738734 18.378112793
0.015063771 0.062700100 -0.997918725 -185.219543457 -0.057599042 0.996429086 0.061737034 7.471974850 0.998226166 0.056549177 0.018621445 18.393245697
0.011516436 0.059775982 -0.998145342 -186.157775879 -0.055170801 0.996729076 0.059054606 7.504130363 0.998410583 0.054388389 0.014776655 18.408702850
0.006735529 0.056143742 -0.998399973 -187.089630127 -0.054960102 0.996934295 0.055690542 7.538836002 0.998465836 0.054497052 0.009800545 18.411314011
0.001353516 0.053063989 -0.998590231 -188.015655518 -0.056929193 0.996975720 0.052901030 7.575171947 0.998377264 0.056777332 0.004370314 18.406057358
-0.002274943 0.052244794 -0.998631716 -188.963226318 -0.058579527 0.996912420 0.052288294 7.613184452 0.998280108 0.058618322 0.000792556 18.402404785
-0.005160398 0.053136665 -0.998573899 -189.868362427 -0.060219511 0.996758521 0.053351250 7.639473438 0.998171747 0.060408950 -0.001943806 18.387996674
-0.006978931 0.054835584 -0.998471022 -190.792739868 -0.058996808 0.996733487 0.055152524 7.676187515 0.998233736 0.059291508 -0.003721011 18.376499176
-0.008686531 0.056193717 -0.998382151 -191.728713989 -0.056063406 0.996822000 0.056593698 7.713315010 0.998389363 0.056464307 -0.005508514 18.373117447
-0.009875726 0.056962967 -0.998327434 -192.631210327 -0.054439068 0.996864915 0.057418041 7.738299370 0.998468280 0.054915056 -0.006743753 18.357307434
-0.010530927 0.055885717 -0.998381615 -193.506362915 -0.055244286 0.996879518 0.056384359 7.771629810 0.998417258 0.055748653 -0.007410700 18.339879990
-0.011431374 0.054648250 -0.998440146 -194.414169312 -0.057011906 0.996845484 0.055213716 7.808085442 0.998308003 0.057554144 -0.008279713 18.326017380
-0.011910270 0.053848285 -0.998478055 -195.326873779 -0.060665146 0.996670604 0.054474447 7.845754147 0.998087049 0.061221622 -0.008603902 18.312528610
-0.011334478 0.052490950 -0.998557091 -196.221237183 -0.063505471 0.996567428 0.053107213 7.871809006 0.997917056 0.064015761 -0.007962110 18.294490814
-0.009851574 0.050011866 -0.998700023 -197.132400513 -0.063163407 0.996722817 0.050535928 7.902884960 0.997954547 0.063579150 -0.006660367 18.275753021
-0.008784652 0.047435500 -0.998835683 -198.045639038 -0.062972829 0.996865213 0.047895763 7.936109066 0.997976542 0.063320249 -0.005769966 18.256780624
-0.007727390 0.046918776 -0.998868763 -198.964477539 -0.063429363 0.996863961 0.047315307 7.969877243 0.997956455 0.063723236 -0.004727128 18.239332199
-0.006911463 0.050235920 -0.998713493 -199.887207031 -0.060918253 0.996861279 0.050564323 7.993989944 0.998118818 0.061189357 -0.003829485 18.227100372
-0.007851136 0.051139716 -0.998660624 -200.817153931 -0.060721170 0.996824026 0.051523037 8.030458450 0.998123884 0.061044361 -0.004720938 18.231796265
-0.007136106 0.047555562 -0.998843014 -201.757156372 -0.055646718 0.997301817 0.047879737 8.061031342 0.998424947 0.055924017 -0.004470541 18.228851318
-0.007175716 0.044095203 -0.999001563 -202.694366455 -0.054008082 0.997552037 0.044419158 8.097076416 0.998514712 0.054272894 -0.004776653 18.224960327
-0.006801883 0.044466626 -0.998987675 -203.650680542 -0.058753569 0.997267187 0.044790078 8.134027481 0.998249352 0.058998760 -0.004170722 18.209693909
-0.005152141 0.048679780 -0.998801172 -204.615112305 -0.059809767 0.997011244 0.048901055 8.164092064 0.998196423 0.059990019 -0.002225216 18.190925598
-0.002955755 0.048142690 -0.998836160 -205.580017090 -0.057501320 0.997179449 0.048233010 8.199611664 0.998341084 0.057576954 -0.000179150 18.185302734
-0.000840072 0.049146112 -0.998791158 -206.556274414 -0.056020390 0.997220814 0.049115956 8.243213654 0.998429298 0.055993937 0.001915447 18.186990738
0.000786818 0.053643700 -0.998559833 -207.541656494 -0.057253473 0.996924579 0.053510737 8.285764694 0.998359382 0.057128906 0.003855687 18.182851791
0.001910824 0.057647333 -0.998335123 -208.549316406 -0.054571446 0.996855438 0.057457432 8.327384949 0.998508096 0.054370798 0.005050714 18.187667847
0.003707976 0.058524437 -0.998279095 -209.549468994 -0.053307999 0.996878028 0.058244295 8.366779327 0.998571217 0.053000301 0.006816221 18.194581985
0.005337434 0.058789991 -0.998256207 -210.553283691 -0.056531701 0.996691525 0.058395598 8.420727730 0.998386562 0.056121435 0.008643275 18.199607849
0.008618314 0.060845267 -0.998110056 -211.571456909 -0.059358791 0.996417940 0.060229588 8.467098236 0.998199463 0.058727521 0.012199146 18.196516037
0.011880026 0.061401147 -0.998042464 -212.589813232 -0.060923982 0.996302962 0.060568929 8.510702133 0.998071671 0.060085163 0.015576907 18.202091217
0.014919120 0.058667336 -0.998166084 -213.616149902 -0.063729569 0.996303141 0.057605311 8.560782433 0.997855723 0.062753260 0.018602811 18.209669113
0.017577948 0.056051243 -0.998273134 -214.633880615 -0.064137511 0.996434212 0.054818634 8.601305962 0.997786224 0.063063145 0.021110253 18.229375839
