1.000000000 0.000000000 0.000000000 0.000000000 0.000000000 1.000000000 0.000000000 0.000000000 0.000000000 0.000000000 1.000000000 0.000000000
0.999979079 0.000363809 -0.006456787 -0.008015756 -0.000361412 0.999999881 0.000372441 -0.001467396 0.006456922 -0.000370100 0.999979079 0.091152236
0.999907017 0.000923766 -0.013605265 -0.015851567 -0.000922245 0.999999583 0.000118117 -0.001333871 0.013605368 -0.000105559 0.999907434 0.187933311
0.999772727 0.001382849 -0.021273177 -0.026015740 -0.001395629 0.999998868 -0.000585903 -0.001893783 0.021272343 0.000615459 0.999773502 0.285499245
0.999542236 0.001751075 -0.030203953 -0.043153156 -0.001811350 0.999996424 -0.001968355 -0.002101893 0.030200398 0.002022164 0.999541819 0.389352769
0.999126494 0.001975360 -0.041741475 -0.059233744 -0.002119638 0.999991953 -0.003412480 -0.005400622 0.041734397 0.003497975 0.999122620 0.501368523
0.998475134 0.001717448 -0.055177040 -0.082676545 -0.001946508 0.999989688 -0.004097888 -0.007590954 0.055169433 0.004199042 0.998468161 0.624959528
0.997426569 0.001834108 -0.071672134 -0.108371064 -0.002156622 0.999987900 -0.004422713 -0.004528561 0.071663156 0.004565901 0.997418463 0.760139108
0.995903015 0.000368985 -0.090426736 -0.135135442 -0.000754653 0.999990761 -0.004230828 -0.008366558 0.090424336 0.004281736 0.995894134 0.914988279
0.993912220 -0.000677006 -0.110172980 -0.176288113 0.000196318 0.999990404 -0.004373818 -0.012334424 0.110174879 0.004325562 0.993902802 1.076231122
0.991225779 -0.001108840 -0.132174388 -0.214799851 0.000525954 0.999990046 -0.004444810 -0.017333936 0.132177949 0.004336293 0.991216540 1.221331239
0.987734675 0.002793706 -0.156116694 -0.276103497 -0.003778175 0.999974847 -0.006009595 -0.020653097 0.156095996 0.006525722 0.987720311 1.387927890
0.983354330 0.007223791 -0.181554720 -0.343434095 -0.008701088 0.999935210 -0.007341744 -0.027917961 0.181489915 0.008799260 0.983353496 1.563869596
0.977966309 0.009962426 -0.208524927 -0.416348308 -0.012006806 0.999891520 -0.008540501 -0.029543785 0.208417207 0.010856041 0.977979720 1.745275617
0.971301615 0.010786810 -0.237606272 -0.493411332 -0.013247815 0.999873877 -0.008763137 -0.031614061 0.237481758 0.011659414 0.971322000 1.926049352
0.963260591 0.012774965 -0.268264741 -0.584908366 -0.015565567 0.999844611 -0.008278084 -0.035471570 0.268117279 0.012149644 0.963309705 2.121891737
0.953788519 0.014890918 -0.300109714 -0.679853857 -0.017915154 0.999812722 -0.007327778 -0.036688905 0.299944371 0.012365661 0.953876615 2.312526703
0.942489147 0.016840607 -0.333812296 -0.758910239 -0.019996932 0.999781907 -0.006021212 -0.042431045 0.333638132 0.012350149 0.942620277 2.472263098
0.930085123 0.019795103 -0.366810471 -0.860182643 -0.023313688 0.999714911 -0.005164123 -0.050040506 0.366603643 0.013354778 0.930281401 2.635829687
0.916145325 0.021523103 -0.400268108 -0.964780390 -0.025506688 0.999663949 -0.004626809 -0.051267043 0.400034010 0.014448342 0.916386425 2.808941364
0.899978399 0.021936050 -0.435382217 -1.089691281 -0.026280556 0.999646842 -0.003958890 -0.050275870 0.435141593 0.015005002 0.900237024 2.997651100
0.881481588 0.017418917 -0.471897066 -1.220815897 -0.022267807 0.999741077 -0.004692246 -0.047686052 0.471693128 0.014644242 0.881641209 3.191048861
0.860300422 0.012039713 -0.509645224 -1.352685452 -0.017115375 0.999839604 -0.005271473 -0.051146906 0.509500027 0.013257819 0.860368490 3.356626272
0.835374653 0.014142019 -0.549499035 -1.510333180 -0.018013880 0.999836385 -0.001653567 -0.061389834 0.549385786 0.011279958 0.835492790 3.532889366
0.806450367 0.020257462 -0.590954721 -1.696446300 -0.023242226 0.999726653 0.002552178 -0.069245547 0.590844870 0.011676898 0.806700706 3.701022387
0.773939729 0.023651503 -0.632817388 -1.893860817 -0.026873898 0.999628782 0.004494098 -0.072563030 0.632688701 0.013528108 0.774288058 3.870551586
0.738078475 0.022417804 -0.674342394 -2.101933479 -0.025598902 0.999658704 0.005214197 -0.074294753 0.674229085 0.013413937 0.738400459 4.029269695
0.698491693 0.018347651 -0.715382934 -2.326235294 -0.019723317 0.999785125 0.006384181 -0.072372220 0.715346336 0.009650428 0.698703468 4.197790623
0.656269491 0.014878688 -0.754379928 -2.573693514 -0.015223365 0.999863148 0.006476874 -0.066283055 0.754373014 0.007233627 0.656406164 4.362303257
0.611802936 0.013878290 -0.790888488 -2.838959217 -0.012142863 0.999893069 0.008152561 -0.066073954 0.790917099 0.004615890 0.611905992 4.510671139
0.563170731 0.014709107 -0.826209664 -3.115328789 -0.009672161 0.999890447 0.011208315 -0.066795014 0.826284111 0.001679040 0.563251138 4.654177189
0.512621164 0.015074734 -0.858482599 -3.412429094 -0.008025113 0.999886334 0.012765755 -0.058675367 0.858577490 0.000345427 0.512683809 4.772971630
0.460962206 0.016664606 -0.887263298 -3.717633963 -0.007470018 0.999861121 0.014898506 -0.057091735 0.887388349 -0.000239774 0.461022645 4.863826752
0.406337589 0.019472152 -0.913515508 -4.046553135 -0.006496507 0.999809265 0.018421866 -0.060413823 0.913699985 -0.001550835 0.406386584 4.960458755
0.351091951 0.021551834 -0.936092973 -4.398674965 -0.005787985 0.999765933 0.020846941 -0.054722100 0.936323225 -0.001901099 0.351134449 5.041861534
0.295834184 0.024755053 -0.954918504 -4.766489029 -0.003736563 0.999686599 0.024758019 -0.049693346 0.955232024 -0.003756152 0.295833886 5.119197369
0.241183341 0.026477655 -0.970118344 -5.148099422 -0.000100092 0.999628425 0.027258201 -0.044946577 0.970479608 -0.006477120 0.241096362 5.186974049
0.189931482 0.025257938 -0.981472433 -5.514432907 0.004022053 0.999640584 0.026503829 -0.030616980 0.981789052 -0.008981445 0.189761609 5.226725101
0.142289191 0.026469534 -0.989471138 -5.924587727 0.001651152 0.999634624 0.026978862 -0.025666339 0.989823699 -0.005472568 0.142193496 5.243089676
0.100085907 0.026487606 -0.994626224 -6.349003792 -0.001015553 0.999647856 0.026519142 -0.011371610 0.994978249 -0.001644097 0.100077517 5.244540215
0.061746936 0.025113415 -0.997775912 -6.795147419 -0.001670587 0.999684632 0.025058070 -0.001274131 0.998090386 0.000119611 0.061769407 5.243082047
0.027276879 0.022246055 -0.999380350 -7.266296387 -0.001443964 0.999752104 0.022214921 0.007019045 0.999626815 0.000837114 0.027302219 5.232104778
-0.003837395 0.019539576 -0.999801755 -7.719220638 -0.000008778 0.999809206 0.019539757 0.010974676 0.999992669 0.000083758 -0.003836491 5.208028316
-0.030445103 0.017910598 -0.999375999 -8.203369141 -0.000264923 0.999839306 0.017926972 0.013444575 0.999536455 0.000810546 -0.030435463 5.169158936
-0.051124997 0.015406626 -0.998573422 -8.716038704 -0.001088293 0.999879599 0.015482496 0.022673052 0.998691618 0.001878283 -0.051102076 5.124627113
-0.067370616 0.014577177 -0.997621596 -9.244600296 -0.000664451 0.999892354 0.014655232 0.034670547 0.997727871 0.001650202 -0.067353673 5.073865414
-0.080328330 0.014668492 -0.996660471 -9.784167290 -0.000566047 0.999890804 0.014761657 0.045467623 0.996768236 0.001749936 -0.080311269 5.020123005
-0.089927197 0.015993286 -0.995819867 -10.334842682 -0.000123003 0.999870896 0.016069455 0.049602803 0.995948255 0.001567569 -0.089913622 4.960608482
-0.096716784 0.017324960 -0.995161057 -10.910948753 -0.002357153 0.999841630 0.017635530 0.048910845 0.995309114 0.004051398 -0.096660636 4.891535759
-0.101225890 0.018162213 -0.994697690 -11.495998383 -0.002827650 0.999824047 0.018543573 0.055431977 0.994859457 0.004689748 -0.101156726 4.830825806
-0.102629632 0.018771421 -0.994542539 -12.102201462 -0.000357096 0.999821186 0.018907903 0.067315072 0.994719625 0.002295659 -0.102604575 4.764864922
-0.101567112 0.021034509 -0.994606376 -12.721864700 0.001597174 0.999778628 0.020980798 0.072175711 0.994827390 0.000542400 -0.101578228 4.699661255
-0.100024998 0.023536989 -0.994706511 -13.360152245 0.001017790 0.999722064 0.023553319 0.076923057 0.994984448 0.001343519 -0.100021146 4.633662701
-0.098011181 0.023366993 -0.994910955 -14.019469261 -0.001509862 0.999719620 0.023628674 0.083875142 0.995184183 0.003818052 -0.097948432 4.560086727
-0.096680067 0.020920262 -0.995095670 -14.687216759 -0.002851638 0.999769151 0.021295568 0.093259849 0.995311439 0.004896511 -0.096598104 4.495896339
-0.094995245 0.020677783 -0.995262861 -15.365060806 -0.002980359 0.999773800 0.021055967 0.106681950 0.995473325 0.004966458 -0.094912119 4.424293041
-0.093220390 0.023244422 -0.995374143 -16.074094772 -0.003788136 0.999711812 0.023700491 0.116411492 0.995638371 0.005979982 -0.093105465 4.352652073
-0.091480948 0.026832487 -0.995445251 -16.790584564 -0.004727950 0.999614060 0.027379347 0.125238985 0.995795548 0.007211104 -0.091318779 4.286470413
-0.089748360 0.028695082 -0.995550990 -17.519702911 -0.004588719 0.999562383 0.029224372 0.137715071 0.995953858 0.007191143 -0.089577407 4.216529846
-0.087928921 0.028120177 -0.995729804 -18.259750366 -0.006122235 0.999567330 0.028769186 0.148958310 0.996107876 0.008625735 -0.087718725 4.142913342
-0.086196907 0.024835108 -0.995968461 -19.014949799 -0.008892649 0.999630392 0.025696034 0.168004289 0.996238351 0.011071718 -0.085944176 4.066195965
-0.084688954 0.024445117 -0.996107578 -19.789773941 -0.010215773 0.999625146 0.025399987 0.174507663 0.996354997 0.012327109 -0.084407479 4.002935886
-0.083500281 0.026661653 -0.996151090 -20.571950912 -0.007506287 0.999596834 0.027383078 0.190002039 0.996479452 0.009763890 -0.083266482 3.940759182
-0.082255431 0.028781438 -0.996195614 -21.367568970 -0.005344547 0.999555767 0.029319815 0.201668859 0.996596873 0.007735928 -0.082065076 3.872618675
-0.080935448 0.030758008 -0.996244729 -22.168607712 -0.004583648 0.999501705 0.031230947 0.210888982 0.996708810 0.007094127 -0.080754131 3.805393219
-0.080198698 0.026049618 -0.996438444 -22.956260681 -0.004086081 0.999641597 0.026462218 0.221012399 0.996770561 0.006193764 -0.080063492 3.739963293
-0.080006115 0.019154349 -0.996610343 -23.761577606 -0.002714435 0.999807477 0.019433707 0.229606315 0.996790707 0.004260049 -0.079938725 3.674924135
-0.080280825 0.014287302 -0.996669829 -24.586011887 0.000597881 0.999897897 0.014285413 0.242162555 0.996772170 0.000550955 -0.080281168 3.612277508
-0.080926314 0.015020675 -0.996606946 -25.418354034 0.001714014 0.999887168 0.014930931 0.250017136 0.996718585 -0.000499893 -0.080942921 3.543324232
-0.080642670 0.022697791 -0.996484518 -26.239692688 0.000809445 0.999741852 0.022706471 0.250127614 0.996742725 0.001024512 -0.080640227 3.469340324
-0.081410483 0.029708073 -0.996237695 -27.085203171 -0.000168425 0.999555230 0.029820757 0.262473434 0.996680617 0.002595514 -0.081369273 3.401861906
-0.081371553 0.035081036 -0.996066213 -27.935440063 -0.002418119 0.999370456 0.035394948 0.271644682 0.996680915 0.005288749 -0.081235491 3.317680359
-0.081647977 0.035491310 -0.996029079 -28.769439697 -0.004048396 0.999345601 0.035941351 0.281003922 0.996652961 0.006966859 -0.081450872 3.243227482
-0.081854247 0.031985953 -0.996130824 -29.602571487 -0.004028948 0.999466121 0.032424122 0.294763923 0.996636152 0.006667412 -0.081681699 3.162412405
-0.082197741 0.029172219 -0.996188939 -30.435565948 -0.004111243 0.999553084 0.029609963 0.312594861 0.996607661 0.006529447 -0.082041085 3.091526747
-0.082122721 0.030385526 -0.996158898 -31.277528763 -0.005578906 0.999505460 0.030947527 0.322999179 0.996606648 0.008098972 -0.081912592 3.010813236
-0.081945010 0.033007167 -0.996090114 -32.114978790 -0.006976461 0.999407947 0.033691037 0.326575011 0.996612430 0.009709995 -0.081666224 2.933518648
-0.081973545 0.031409409 -0.996139407 -32.945270538 -0.007341419 0.999457061 0.032118153 0.339982659 0.996607363 0.009945915 -0.081698455 2.863872766
-0.081638329 0.026329152 -0.996314228 -33.783695221 -0.007907604 0.999602437 0.027063994 0.351302832 0.996630669 0.010087917 -0.081397675 2.787048578
-0.081344768 0.022186169 -0.996439040 -34.609043121 -0.009747858 0.999686658 0.023054246 0.356555700 0.996638358 0.011588490 -0.081103019 2.711323977
-0.080967881 0.022676058 -0.996458709 -35.443878174 -0.009395217 0.999679387 0.023512762 0.367203951 0.996672392 0.011265728 -0.080728881 2.643552780
-0.080443919 0.025138909 -0.996442080 -36.284374237 -0.007892804 0.999634445 0.025856644 0.372201324 0.996727884 0.009944733 -0.080216110 2.567793608
-0.079507574 0.030553734 -0.996365905 -37.124870300 -0.008342003 0.999474704 0.031314742 0.374197215 0.996799409 0.010801448 -0.079210944 2.487410069
-0.079039566 0.035772838 -0.996229529 -37.971645355 -0.006767012 0.999313653 0.036420476 0.398674995 0.996848524 0.009620154 -0.078743249 2.424690008
-0.079202451 0.038916551 -0.996098638 -38.812831879 -0.007221621 0.999189019 0.039611500 0.413975328 0.996832430 0.010330773 -0.078857183 2.351363420
-0.078676619 0.038800579 -0.996144831 -39.639514923 -0.006982496 0.999196291 0.039470926 0.430263042 0.996875763 0.010061016 -0.078342460 2.278999567
-0.078635000 0.034405183 -0.996309638 -40.466663361 -0.006937459 0.999361098 0.035058111 0.446891427 0.996879399 0.009668650 -0.078346081 2.208320856
-0.078689881 0.030227225 -0.996440828 -41.302314758 -0.008071803 0.999488115 0.030957099 0.458160698 0.996866524 0.010479083 -0.078405611 2.147243977
-0.078001283 0.027835906 -0.996564567 -42.116397858 -0.012166874 0.999509096 0.028870454 0.461213708 0.996879041 0.014377010 -0.077624299 2.061346292
-0.078564622 0.025942823 -0.996571422 -42.944519043 -0.015278560 0.999512553 0.027223876 0.475796819 0.996791959 0.017365007 -0.078129962 1.987733960
-0.079253361 0.023911877 -0.996567667 -43.765060425 -0.012973979 0.999602735 0.025016477 0.484996110 0.996770084 0.014912088 -0.078911662 1.919633508
-0.080415167 0.020369012 -0.996553302 -44.596981049 -0.009642226 0.999728441 0.021211976 0.487584740 0.996714890 0.011314760 -0.080196925 1.853170633
-0.081083946 0.019043768 -0.996525347 -45.423217773 -0.004902099 0.999797642 0.019505175 0.497699440 0.996695220 0.006466624 -0.080974184 1.780161619
-0.083439991 0.022742800 -0.996253312 -46.253101349 -0.004739025 0.999719143 0.023218835 0.497176439 0.996501565 0.006658648 -0.083308779 1.715390563
-0.084637351 0.028878221 -0.995993257 -47.065074921 -0.003211508 0.999566853 0.029254744 0.498960346 0.996406555 0.005674683 -0.084507950 1.644999146
-0.086260103 0.032536421 -0.995741248 -47.888008118 -0.001483194 0.999461293 0.032786466 0.508629918 0.996271491 0.004305041 -0.086165369 1.567678571
-0.088163383 0.031583942 -0.995605171 -48.702667236 -0.001305595 0.999492705 0.031822883 0.516231358 0.996105134 0.004105470 -0.088077419 1.496931672
-0.089352511 0.027555352 -0.995618820 -49.503620148 -0.004333735 0.999597013 0.028054388 0.526021183 0.995990574 0.006821478 -0.089197077 1.414356351
-0.090118237 0.023848424 -0.995645523 -50.294036865 -0.009845270 0.999643087 0.024835296 0.530436277 0.995882392 0.012040510 -0.089851268 1.324513316
-0.091437489 0.022786980 -0.995550036 -51.094844818 -0.013360118 0.999620140 0.024107218 0.535433114 0.995721161 0.015504969 -0.091098323 1.241265178
-0.092803158 0.023752600 -0.995401144 -51.890953064 -0.014954986 0.999569356 0.025246350 0.541711807 0.995572150 0.017229149 -0.092407987 1.162465572
-0.093218021 0.025429018 -0.995320976 -52.680789948 -0.015028448 0.999524057 0.026943909 0.546149552 0.995532274 0.017469786 -0.092791498 1.077605724
-0.094204515 0.025118705 -0.995235860 -53.465549469 -0.017190050 0.999491572 0.026853247 0.549029529 0.995404422 0.019637857 -0.093724832 0.998658717
-0.094990417 0.025007170 -0.995164037 -54.245178223 -0.017912248 0.999479651 0.026825381 0.555081129 0.995317042 0.020373778 -0.094493054 0.918258786
-0.095239818 0.026690584 -0.995096445 -55.019767761 -0.016641270 0.999458075 0.028400294 0.563272178 0.995315254 0.019264510 -0.094744042 0.841097534
-0.095646180 0.029366074 -0.994982183 -55.789268494 -0.015903732 0.999392033 0.031025033 0.574750602 0.995288372 0.018791357 -0.095120996 0.767941594
-0.095789649 0.033803180 -0.994827509 -56.568813324 -0.015825193 0.999245167 0.035477057 0.581853092 0.995275795 0.019141672 -0.095182411 0.685777068
-0.096385002 0.035957336 -0.994694471 -57.332225800 -0.015885176 0.999164343 0.037658185 0.593995392 0.995217383 0.019430580 -0.095733277 0.610744059
-0.096959993 0.035996966 -0.994637132 -58.085815430 -0.015725896 0.999165595 0.037693851 0.602601469 0.995163977 0.019296356 -0.096313007 0.532006741
-0.097242951 0.033993006 -0.994679987 -58.818351746 -0.015444382 0.999244630 0.035658896 0.610069454 0.995140910 0.018829791 -0.096644491 0.460017830
-0.097191863 0.030308792 -0.994804144 -59.560180664 -0.014798666 0.999381721 0.031894077 0.626213372 0.995155632 0.017821617 -0.096683227 0.377861857
-0.096955165 0.027309529 -0.994914055 -60.287994385 -0.015037308 0.999469101 0.028899966 0.635181010 0.995175183 0.017762830 -0.096493036 0.300686955
-0.095730565 0.025107244 -0.995090604 -60.994247437 -0.015422912 0.999524415 0.026702845 0.642788470 0.995287836 0.017903479 -0.095297806 0.230068952
-0.093623653 0.024493059 -0.995306432 -61.685058594 -0.018244088 0.999487102 0.026312083 0.644125342 0.995440483 0.020621890 -0.093128793 0.160111487
-0.088944495 0.025307305 -0.995715082 -62.389431000 -0.018457884 0.999463558 0.027051374 0.650719464 0.995865524 0.020784862 -0.088429675 0.082598366
-0.083275147 0.026978377 -0.996161342 -63.035728455 -0.017923420 0.999431133 0.028565258 0.652021170 0.996365428 0.020233396 -0.082744226 0.035720877
-0.075985394 0.028855635 -0.996691287 -63.683876038 -0.016677367 0.999404490 0.030205632 0.651030958 0.996969521 0.018917378 -0.075458921 -0.008742677
-0.067356311 0.030229259 -0.997271001 -64.298721313 -0.018068304 0.999339998 0.031512327 0.650578558 0.997565389 0.020141551 -0.066765666 -0.041037757
-0.055541970 0.031542554 -0.997958004 -64.943214417 -0.019845771 0.999268591 0.032688506 0.664651513 0.998259068 0.021620831 -0.054875363 -0.095638625
-0.040570062 0.033154365 -0.998626471 -65.551460266 -0.023116244 0.999150753 0.034110885 0.669572771 0.998909235 0.024468372 -0.039769202 -0.119435459
-0.021889847 0.034241628 -0.999173820 -66.140647888 -0.024563476 0.999093235 0.034776997 0.681156218 0.999458551 0.025304444 -0.021028912 -0.134930596
0.000243804 0.035538789 -0.999368250 -66.709312439 -0.025519470 0.999043107 0.035520997 0.682514250 0.999674320 0.025494689 0.001150495 -0.123109750
0.025574481 0.036138307 -0.999019504 -67.250152588 -0.024777785 0.999062300 0.035505552 0.683615267 0.999365807 0.023845451 0.026445922 -0.093818948
0.054736674 0.035330612 -0.997875631 -67.774513245 -0.023276284 0.999147415 0.034098864 0.695103526 0.998229504 0.021360375 0.055512369 -0.043734293
0.088905647 0.035502784 -0.995407164 -68.293640137 -0.022290045 0.999185264 0.033646680 0.699613810 0.995790601 0.019196291 0.089624561 0.025709637
0.126079232 0.035043564 -0.991401017 -68.747215271 -0.022012945 0.999228656 0.032520801 0.712238073 0.991775930 0.017723460 0.126753405 0.106144480
0.166942954 0.034532875 -0.985361636 -69.216339111 -0.021980602 0.999268413 0.031296235 0.722808361 0.985721588 0.016434157 0.167579859 0.215035319
0.212001413 0.036960635 -0.976570129 -69.602447510 -0.021036481 0.999225616 0.033251334 0.700267613 0.977042913 0.013494273 0.212614819 0.321791381
0.261086106 0.035494078 -0.964662731 -70.046287537 -0.017751446 0.999331415 0.031965263 0.704924226 0.965152264 0.008778474 0.261541665 0.467344135
0.310403854 0.030002762 -0.950131118 -70.446716309 -0.009880019 0.999549627 0.028335517 0.709043503 0.950553417 0.000591860 0.310560554 0.653798819
0.361496150 0.024934452 -0.932040095 -70.844787598 -0.004598671 0.999677837 0.024960328 0.708610415 0.932362258 -0.004736916 0.361494392 0.851130009
0.413918465 0.019885251 -0.910096705 -71.233795166 0.000861886 0.999752343 0.022236183 0.715247095 0.910313487 -0.009988367 0.413798839 1.069479465
0.463814676 0.019449199 -0.885718644 -71.602714539 0.000532708 0.999752700 0.022232192 0.720491469 0.885932088 -0.010783447 0.463689655 1.317994595
0.512374461 0.017905978 -0.858575344 -71.988609314 0.001756630 0.999758661 0.021898733 0.732529342 0.858760297 -0.012728549 0.512219369 1.576879740
0.557917953 0.013267813 -0.829789937 -72.327453613 0.009513043 0.999704301 0.022380833 0.742266595 0.829841554 -0.020380497 0.557626784 1.855168700
0.600742280 0.007597760 -0.799406528 -72.655517578 0.019186046 0.999529898 0.023917817 0.733934045 0.799212515 -0.029705895 0.600314021 2.176084042
0.644540012 0.002581358 -0.764566123 -72.980377197 0.021176001 0.999550521 0.021226382 0.731451452 0.764277279 -0.029871713 0.644195497 2.465784311
0.685931861 -0.002375112 -0.727661788 -73.284889221 0.018618055 0.999724627 0.014287204 0.735171080 0.727427602 -0.023347698 0.685787201 2.785621881
0.726671219 -0.009221017 -0.686923444 -73.567665100 0.015163920 0.999881744 0.002619291 0.740851283 0.686818123 -0.012319820 0.726724923 3.123682022
0.766201854 -0.012139014 -0.642485261 -73.843353271 0.010962316 0.999923050 -0.005819178 0.745961249 0.642506480 -0.002584464 0.766275942 3.484036207
0.802697301 -0.012876304 -0.596247554 -74.090019226 0.009315360 0.999915659 -0.009052958 0.744511485 0.596313894 0.001712520 0.802749455 3.876606226
0.836840212 -0.013680195 -0.547276199 -74.344841003 0.009738764 0.999901533 -0.010102873 0.731239259 0.547360539 0.003124692 0.836891115 4.309444904
0.867178321 -0.011399571 -0.497867197 -74.583618164 0.006285968 0.999908924 -0.011945912 0.719538450 0.497958004 0.007229659 0.867170990 4.776272774
0.893031955 -0.010009754 -0.449882030 -74.790855408 0.005802211 0.999925613 -0.010730480 0.708974302 0.449956000 0.006972349 0.893023551 5.253425598
0.914041460 -0.004042119 -0.405600548 -74.984031677 0.000193487 0.999954641 -0.009529280 0.697060645 0.405620635 0.008631678 0.914000750 5.749918938
0.931394339 0.000073772 -0.364011794 -75.168418884 -0.004547530 0.999924362 -0.011433083 0.691969454 0.363983393 0.012304062 0.931324184 6.265170097
0.944915891 0.005695003 -0.327263772 -75.351699829 -0.009363780 0.999909759 -0.009635943 0.679035604 0.327179432 0.012169580 0.944883883 6.786385536
0.954701781 0.006386734 -0.297495902 -75.502319336 -0.009213049 0.999924839 -0.008099136 0.670383513 0.297421843 0.010473103 0.954688728 7.350347519
0.962011099 0.005426520 -0.272956640 -75.655311584 -0.007528480 0.999949574 -0.006653928 0.659471869 0.272906810 0.008456101 0.962003350 7.931998730
0.967647493 0.005802903 -0.252239645 -75.786895752 -0.007206236 0.999963224 -0.004640045 0.648865402 0.252203524 0.006307624 0.967653751 8.526403427
0.972147226 0.008500309 -0.234216943 -75.924041748 -0.009207591 0.999955773 -0.001926424 0.640864193 0.234190255 0.004029342 0.972182453 9.142336845
0.975729465 0.013828226 -0.218542770 -76.085166931 -0.014229094 0.999898672 -0.000260439 0.632550240 0.218517110 0.003363785 0.975827336 9.796055794
0.978684843 0.017102398 -0.204654217 -76.245841980 -0.017289273 0.999850094 0.000875057 0.628891706 0.204638511 0.002681917 0.978833973 10.470322609
0.981368065 0.015435397 -0.191515982 -76.371932983 -0.015569492 0.999878407 0.000804726 0.621148229 0.191505149 0.002192074 0.981489122 11.135348320
0.983962595 0.015835546 -0.177670404 -76.491203308 -0.015989628 0.999871969 0.000564646 0.610050321 0.177656606 0.002285293 0.984089911 11.811894417
0.986466646 0.016624147 -0.163116679 -76.602012634 -0.016654236 0.999860525 0.001183081 0.602235913 0.163113609 0.001549514 0.986606121 12.513284683
0.988578260 0.017393982 -0.149701431 -76.699661255 -0.017355397 0.999848127 0.001564281 0.600590646 0.149705946 0.001051713 0.988730013 13.226995468
0.990492404 0.017361447 -0.136467397 -76.804656982 -0.017625798 0.999844313 -0.000728912 0.582076907 0.136433497 0.003127328 0.990644336 13.944025993
0.991930485 0.018256327 -0.125462130 -76.898155212 -0.019206839 0.999795258 -0.006370504 0.572541833 0.125320122 0.008728829 0.992077947 14.672786713
0.993154407 0.016532285 -0.115633018 -76.984786987 -0.018095501 0.999758363 -0.012482016 0.562828720 0.115398705 0.014489006 0.993213534 15.412143707
0.994061291 0.016296763 -0.107594877 -77.065315247 -0.017768985 0.999760985 -0.012738449 0.552330136 0.107361548 0.014574651 0.994113207 16.166906357
0.994770110 0.017753048 -0.100585379 -77.149650574 -0.018487714 0.999808848 -0.006376374 0.535885155 0.100452930 0.008202620 0.994908035 16.939031601
0.995150447 0.022478959 -0.095762350 -77.227180481 -0.022388242 0.999747336 0.002021809 0.514174461 0.095783591 0.000131948 0.995402217 17.708337784
0.995504260 0.022848843 -0.091920167 -77.292068481 -0.022411268 0.999732077 0.005789925 0.502408564 0.092027828 -0.003703845 0.995749533 18.471448898
0.995862782 0.021958500 -0.088177003 -77.386741638 -0.021698108 0.999756932 0.003910664 0.497911423 0.088241443 -0.001981212 0.996097147 19.263891220
0.996163309 0.021629123 -0.084799543 -77.458030701 -0.021443369 0.999765277 0.003100865 0.488006979 0.084846705 -0.001270580 0.996393204 20.028533936
0.996452928 0.020516383 -0.081613258 -77.524833679 -0.020155473 0.999783158 0.005243701 0.478169978 0.081703134 -0.003580147 0.996650279 20.798698425
0.996690094 0.018024715 -0.079272591 -77.595275879 -0.017500537 0.999820173 0.007302260 0.474223018 0.079389960 -0.005890776 0.996826231 21.584224701
0.996938229 0.015737176 -0.076593146 -77.644081116 -0.015099458 0.999846458 0.008898089 0.464967847 0.076721415 -0.007714329 0.997022688 22.335115433
0.997147143 0.014422108 -0.074091412 -77.700798035 -0.014044044 0.999885559 0.005621169 0.453490108 0.074164003 -0.004564590 0.997235656 23.084793091
0.997229457 0.017120469 -0.072388798 -77.762924194 -0.017290642 0.999848962 -0.001724790 0.444536448 0.072348334 0.002971661 0.997375071 23.837501526
0.997351468 0.017979842 -0.070474625 -77.821189880 -0.018682338 0.999782026 -0.009321583 0.429129124 0.070291653 0.010613528 0.997470081 24.584253311
0.997377098 0.019000437 -0.069841906 -77.872444153 -0.020001620 0.999706566 -0.013663632 0.414292663 0.069561802 0.015024747 0.997464538 25.341983795
0.997493863 0.020957056 -0.067577593 -77.929222107 -0.021783262 0.999696434 -0.011512402 0.389775574 0.067315824 0.012955613 0.997647583 26.087884903
0.997601390 0.024261583 -0.064828761 -77.991004944 -0.024792638 0.999665260 -0.007399722 0.368342936 0.064627536 0.008989250 0.997868955 26.847635269
0.997677505 0.027509738 -0.062313538 -78.051666260 -0.027714841 0.999612868 -0.002429413 0.351064593 0.062222589 0.004150783 0.998053670 27.609302521
0.997879922 0.024841487 -0.060154837 -78.095573425 -0.024930045 0.999688864 -0.000721989 0.339070737 0.060118191 0.002220121 0.998188794 28.357212067
0.998030305 0.022120722 -0.058703914 -78.141921997 -0.022193262 0.999753475 -0.000584049 0.322285593 0.058676522 0.001885730 0.998275280 29.110944748
0.998132408 0.020201521 -0.057650968 -78.182975769 -0.020263037 0.999794543 -0.000482625 0.304127574 0.057629369 0.001649907 0.998336673 29.857843399
0.998191893 0.020409867 -0.056537043 -78.231277466 -0.020569492 0.999785781 -0.002242845 0.289073974 0.056479160 0.003401728 0.998397946 30.620496750
0.998292625 0.018025180 -0.055560607 -78.281280518 -0.018283604 0.999824166 -0.004146316 0.282440960 0.055476107 0.005155085 0.998446643 31.363742828
0.998328507 0.016751336 -0.055312660 -78.320800781 -0.017001823 0.999847233 -0.004061116 0.267894149 0.055236176 0.004994745 0.998460770 32.123428345
0.998318195 0.020299265 -0.054302536 -78.375503540 -0.020497629 0.999785125 -0.003098435 0.255442739 0.054227978 0.004206298 0.998519719 32.896076202
0.998330355 0.020217909 -0.054109287 -78.427726746 -0.020474542 0.999781609 -0.004192669 0.243623212 0.054012701 0.005293531 0.998526216 33.668441772
0.998258054 0.019750288 -0.055594470 -78.469871521 -0.020002225 0.999792039 -0.003978843 0.226441815 0.055504322 0.005083926 0.998445511 34.421955109
0.998176932 0.017411204 -0.057790864 -78.514106750 -0.017649923 0.999837637 -0.003622741 0.214054212 0.057718407 0.004636140 0.998322129 35.202816010
0.997966826 0.018825121 -0.060891822 -78.570198059 -0.019078575 0.999811709 -0.003583596 0.199102253 0.060812891 0.004738038 0.998137951 35.990787506
0.997736573 0.022893401 -0.063226558 -78.633773804 -0.023185579 0.999723673 -0.003891169 0.182853878 0.063119993 0.005348306 0.997991621 36.779918671
0.997539043 0.022923786 -0.066259675 -78.692375183 -0.023553658 0.999684334 -0.008740519 0.167302355 0.066038415 0.010279668 0.997764170 37.580787659
0.997370183 0.023705179 -0.068490073 -78.760055542 -0.024609692 0.999620259 -0.012392974 0.155165389 0.068170302 0.014045903 0.997574866 38.387397766
0.997240722 0.022861667 -0.070626840 -78.817092896 -0.023915920 0.999614179 -0.014117642 0.139493927 0.070276856 0.015767794 0.997402966 39.193641663
0.997082531 0.022931108 -0.072805285 -78.884109497 -0.023877224 0.999640942 -0.012151428 0.112280630 0.072500512 0.013854367 0.997272193 40.028373718
0.996950209 0.021468455 -0.075029284 -78.952964783 -0.022399688 0.999681830 -0.011592123 0.094198681 0.074756555 0.013237402 0.997114003 40.847953796
0.996815741 0.020671995 -0.077012628 -79.016227722 -0.021474320 0.999723256 -0.009604463 0.074856207 0.076792769 0.011227676 0.996983826 41.666969299
0.996757209 0.020116800 -0.077911548 -79.089088440 -0.020642648 0.999769211 -0.005949710 0.058487553 0.077773884 0.007538718 0.996942461 42.504749298
0.996656537 0.019584391 -0.079323694 -79.153358459 -0.019735282 0.999804616 -0.001118575 0.045470037 0.079286300 0.002680310 0.996848285 43.347015381
0.996730745 0.020356229 -0.078189008 -79.231338501 -0.020324487 0.999792635 0.001201814 0.027152644 0.078197278 0.000391267 0.996937811 44.186023712
0.996823847 0.023107314 -0.076211855 -79.307083130 -0.023087122 0.999732792 0.001146111 0.017001184 0.076217957 0.000617041 0.997090995 45.068794250
0.996976495 0.022980833 -0.074229456 -79.374511719 -0.023090949 0.999733210 -0.000625460 0.010930119 0.074195288 0.002337598 0.997240961 45.928104401
0.997130871 0.020943129 -0.072741188 -79.440963745 -0.021198550 0.999771476 -0.002740978 -0.003686684 0.072667167 0.004275121 0.997347116 46.791282654
0.997304201 0.017551936 -0.071246579 -79.497962952 -0.017910777 0.999829948 -0.004400851 -0.019746168 0.071157224 0.005665069 0.997449100 47.669788361
0.997473359 0.015792148 -0.069264263 -79.558967590 -0.016132833 0.999860406 -0.004361963 -0.036206476 0.069185711 0.005468372 0.997588873 48.536457062
0.997555017 0.013832367 -0.068502106 -79.618499756 -0.014007903 0.999899745 -0.002082770 -0.051370870 0.068466432 0.003037248 0.997648835 49.417739868
0.997682750 0.010969017 -0.067147575 -79.687942505 -0.010962293 0.999939740 0.000468651 -0.067414679 0.067148685 0.000268527 0.997742951 50.279800415
0.997744262 0.010458151 -0.066309229 -79.746696472 -0.010427207 0.999945283 0.000812743 -0.083807506 0.066314094 -0.000119489 0.997798800 51.151176453
0.997815311 0.011921709 -0.064979397 -79.812828064 -0.012102406 0.999923825 -0.002387897 -0.100403279 0.064945981 0.003169087 0.997883737 52.015045166
0.997806787 0.014528660 -0.064577751 -79.876739502 -0.015109533 0.999849498 -0.008515636 -0.113951810 0.064444304 0.009472700 0.997876406 52.885948181
0.997850835 0.016406862 -0.063439041 -79.943725586 -0.017330732 0.999751151 -0.014040289 -0.134598956 0.063192889 0.015109561 0.997886956 53.738819122
0.997816503 0.021108182 -0.062584005 -80.009590149 -0.022371670 0.999558389 -0.019557031 -0.163678601 0.062143557 0.020914439 0.997848094 54.590488434
0.997853994 0.021104679 -0.061983068 -80.059738159 -0.022402786 0.999542356 -0.020323150 -0.193899468 0.061525788 0.021668134 0.997870266 55.442134857
0.997911930 0.017977087 -0.062036645 -80.113555908 -0.018908758 0.999716640 -0.014463772 -0.216018662 0.061759036 0.015606609 0.997969091 56.294490814
0.997906625 0.017499855 -0.062259685 -80.175354004 -0.017877048 0.999825001 -0.005506447 -0.239872605 0.062152423 0.006607940 0.998044789 57.142093658
0.997860730 0.016871771 -0.063160136 -80.243469238 -0.016761137 0.999856949 0.002281143 -0.268746585 0.063189588 -0.001217628 0.998000741 58.035762787
0.997741163 0.014959241 -0.065488435 -80.300498962 -0.014967844 0.999887943 0.000359274 -0.286596119 0.065486468 0.000621758 0.997853220 58.880596161
0.997685909 0.010130877 -0.067232527 -80.356849670 -0.010407633 0.999938726 -0.003767416 -0.298117667 0.067190252 0.004458429 0.997730196 59.719486237
0.997561753 0.008633607 -0.069254167 -80.428764343 -0.009014491 0.999945879 -0.005189138 -0.317799896 0.069205627 0.005800775 0.997585475 60.559337616
0.997302234 0.010807934 -0.072603948 -80.487983704 -0.011390523 0.999906123 -0.007614971 -0.338021517 0.072514832 0.008421423 0.997331738 61.382499695
0.997026086 0.012142959 -0.076101646 -80.561141968 -0.012995666 0.999858081 -0.010719630 -0.366839230 0.075960681 0.011676742 0.997042477 62.200664520
0.996714294 0.012464192 -0.080033451 -80.632423401 -0.013639403 0.999806821 -0.014154087 -0.387264192 0.079841569 0.015199187 0.996691704 63.019950867
0.996429920 0.014846449 -0.083108090 -80.707618713 -0.016384637 0.999706268 -0.017856883 -0.416047066 0.082818568 0.019154826 0.996380627 63.821578979
0.996085763 0.019750958 -0.086156547 -80.793655396 -0.021367799 0.999611616 -0.017884528 -0.444395512 0.085769862 0.019655500 0.996121109 64.627944946
0.995735109 0.022718815 -0.089418672 -80.885337830 -0.024240904 0.999578536 -0.015972845 -0.469356447 0.089018106 0.018072307 0.995866060 65.431755066
0.995339632 0.025612216 -0.092968836 -80.973464966 -0.026643816 0.999596238 -0.009871775 -0.495768964 0.092678465 0.012302815 0.995620131 66.233825684
0.994924963 0.025798751 -0.097256042 -81.058494568 -0.026345935 0.999643385 -0.004346016 -0.517827928 0.097109251 0.006886262 0.995249927 67.032615662
0.994459987 0.025608469 -0.101947896 -81.147018433 -0.025790911 0.999667227 -0.000471627 -0.538527012 0.101901904 0.003098342 0.994789660 67.834526062
0.993763149 0.025304385 -0.108602218 -81.237442017 -0.025419189 0.999676764 0.000327408 -0.549739659 0.108575419 0.002435213 0.994085312 68.624702454
0.993142843 0.022922162 -0.114637338 -81.327774048 -0.022634258 0.999736547 0.003812646 -0.560723305 0.114694536 -0.001191771 0.993400156 69.412849426
0.992409229 0.024502540 -0.120514847 -81.435005188 -0.024252092 0.999699593 0.003544644 -0.574914932 0.120565504 -0.000595000 0.992705166 70.182449341
0.991532028 0.029248964 -0.126526400 -81.546348572 -0.029140314 0.999571681 0.002709967 -0.587390959 0.126551449 0.000999999 0.991959572 70.953620911
0.990742624 0.031473011 -0.132055134 -81.668151855 -0.031864729 0.999491811 -0.000853667 -0.600831270 0.131961152 0.005053664 0.991241992 71.717124939
0.989931285 0.030485937 -0.138226360 -81.779991150 -0.031307619 0.999502599 -0.003773647 -0.611574411 0.138042569 0.008063189 0.990393519 72.477188110
0.989115357 0.031916086 -0.143638581 -81.898376465 -0.032945368 0.999445617 -0.004792482 -0.628859937 0.143405989 0.009472544 0.989618659 73.243232727
0.988372684 0.034035511 -0.148192167 -82.024230957 -0.034419823 0.999407470 -0.000028827 -0.637125313 0.148103356 0.005129240 0.988958657 74.014656067
0.987485766 0.034562320 -0.153874218 -82.157546997 -0.034318354 0.999401927 0.004242149 -0.650525808 0.153928816 0.001091649 0.988081276 74.777351379
0.986499608 0.033841331 -0.160228461 -82.286529541 -0.033238020 0.999426663 0.006444774 -0.666991353 0.160354704 -0.001032091 0.987058878 75.536605835
0.985435128 0.031591929 -0.167091697 -82.424980164 -0.031632513 0.999496639 0.002419258 -0.674352109 0.167084023 0.002901509 0.985938370 76.289878845
0.983990490 0.029587511 -0.175747901 -82.560752869 -0.030859657 0.999513507 -0.004509250 -0.684676111 0.175528973 0.009860578 0.984424829 77.026840210
0.982383788 0.026990177 -0.184915319 -82.705322266 -0.028649546 0.999569654 -0.006307149 -0.696763098 0.184665486 0.011493781 0.982734084 77.767967224
0.980274022 0.026668254 -0.195836246 -82.856674194 -0.027803391 0.999608696 -0.003049079 -0.716025472 0.195678294 0.008433843 0.980631828 78.502212524
0.978031814 0.026746880 -0.206732526 -83.024620056 -0.026755629 0.999638140 0.002754016 -0.721316934 0.206731364 0.002837743 0.978393555 79.241508484
0.975477219 0.028015912 -0.218309790 -83.195053101 -0.026297452 0.999596059 0.010773830 -0.734921157 0.218523458 -0.004768633 0.975820065 79.960853577
0.972894669 0.028741492 -0.229455188 -83.377746582 -0.026195003 0.999556899 0.014136865 -0.744410217 0.229759827 -0.007743102 0.973216593 80.687042236
0.970022917 0.032071251 -0.240887836 -83.573165894 -0.030539146 0.999482512 0.010091812 -0.757169366 0.241086870 -0.002432780 0.970500469 81.401191711
0.966941595 0.031638857 -0.253027529 -83.769920349 -0.032556999 0.999469757 0.000558691 -0.762230694 0.252911031 0.007697597 0.967458963 82.104118347
0.963811874 0.029298216 -0.264968574 -83.979141235 -0.031443387 0.999498129 -0.003857031 -0.769483566 0.264722586 0.012048962 0.964249372 82.808631897
0.960488975 0.027855163 -0.276921093 -84.185386658 -0.028633859 0.999589205 0.001232187 -0.778996468 0.276841670 0.006745817 0.960891843 83.522224426
0.957036912 0.029139547 -0.288498342 -84.408515930 -0.027898218 0.999575317 0.008414428 -0.785991967 0.288621038 -0.000004329 0.957443357 84.247085571
0.953474104 0.029071454 -0.300070018 -84.647567749 -0.026062446 0.999561906 0.014026237 -0.794991434 0.300346285 -0.005553096 0.953813970 84.956504822
0.949374437 0.026431700 -0.313032985 -84.886344910 -0.023830382 0.999642432 0.012133836 -0.797879577 0.313241720 -0.004059859 0.949664712 85.669815063
0.945574641 0.024855055 -0.324454695 -85.138160706 -0.023638826 0.999691010 0.007690132 -0.801616132 0.324545532 0.000398134 0.945869982 86.364768982
0.942618370 0.020434065 -0.333246112 -85.392860413 -0.021194499 0.999774456 0.001353757 -0.821016669 0.333198667 0.005786908 0.942838788 87.066612244
0.939816058 0.016341502 -0.341289371 -85.650451660 -0.019050473 0.999808013 -0.004587252 -0.828136265 0.341148883 0.010812899 0.939946949 87.771545410
0.937198520 0.015943225 -0.348431498 -85.920059204 -0.019540347 0.999785900 -0.006811603 -0.837148607 0.348248303 0.013192298 0.937309444 88.473411560
0.934162617 0.021468496 -0.356200933 -86.209106445 -0.025491429 0.999653220 -0.006603275 -0.855466425 0.355935723 0.015248605 0.934385955 89.182861328
0.931203067 0.021715954 -0.363853455 -86.485450745 -0.024931233 0.999680638 -0.004141835 -0.872364402 0.363647252 0.012928204 0.931447029 89.874687195
0.928118944 0.022087967 -0.371628046 -86.773040771 -0.022774583 0.999737442 0.002541906 -0.878553271 0.371586531 0.006104483 0.928378224 90.580490112
0.925386667 0.023975510 -0.378265709 -87.063766479 -0.021388497 0.999710381 0.011039685 -0.888877034 0.378420800 -0.002125439 0.925631285 91.289474487
0.922817409 0.034718975 -0.383670092 -87.381668091 -0.030374084 0.999387562 0.017379459 -0.898120046 0.384038448 -0.004384439 0.923306644 91.988365173
0.920092881 0.040689640 -0.389580905 -87.696220398 -0.038032658 0.999170780 0.014534404 -0.898920953 0.389849335 0.001443791 0.920877576 92.684631348
0.917725801 0.037230454 -0.395465583 -87.998649597 -0.037499037 0.999271750 0.007053726 -0.901488781 0.395440191 0.008356191 0.918453753 93.372024536
0.915759802 0.029639140 -0.400630981 -88.299240112 -0.032457154 0.999473035 -0.000248201 -0.908506751 0.400412619 0.013230634 0.916239500 94.062255859
0.913849413 0.030085273 -0.404936910 -88.608619690 -0.033321455 0.999444246 -0.000943948 -0.913509130 0.404683501 0.014355710 0.914344192 94.762542725
0.911968172 0.036828931 -0.408604234 -88.955673218 -0.038350813 0.999254346 0.004470692 -0.926369607 0.408464253 0.011593176 0.912700772 95.454177856
0.909467041 0.038955703 -0.413947135 -89.287147522 -0.038875315 0.999206901 0.008621876 -0.932347000 0.413954765 0.008251012 0.910260081 96.178985596
0.907267451 0.035155606 -0.419082224 -89.611007690 -0.035640117 0.999342501 0.006675000 -0.943951786 0.419041276 0.008880130 0.907923758 96.876762390
0.905029058 0.033772904 -0.424006909 -89.947402954 -0.036972728 0.999316037 0.000680231 -0.957805812 0.423739910 0.015061062 0.905658662 97.562896729
0.902850032 0.031134602 -0.428826809 -90.287010193 -0.037272256 0.999287724 -0.005920415 -0.965043604 0.428336978 0.021328589 0.903367341 98.260948181
