1.000000000 -0.000000000 -0.000000000 0.000000000 -0.000000000 1.000000000 0.000000000 0.000000000 -0.000000000 0.000000000 1.000000000 0.000000000
0.999997735 -0.001587006 -0.001428935 -0.002530928 0.001585625 0.999998271 -0.000966883 -0.007053053 0.001430467 0.000964615 0.999998510 0.564974546
0.999995470 -0.001821277 -0.002397890 -0.007685386 0.001815017 0.999994934 -0.002610309 -0.017877694 0.002402632 0.002605945 0.999993742 1.119567752
0.999987245 -0.002496663 -0.004389714 -0.011771382 0.002481073 0.999990582 -0.003553442 -0.035502698 0.004398545 0.003542505 0.999984026 1.679113746
0.999970794 -0.004160515 -0.006415086 -0.017824382 0.004124823 0.999975979 -0.005567094 -0.041026805 0.006438094 0.005540470 0.999963939 2.252427578
0.999944091 -0.006856693 -0.008047826 -0.017131155 0.006796328 0.999948859 -0.007504215 -0.057390008 0.008098867 0.007449101 0.999939501 2.797907591
0.999922991 -0.008023350 -0.009474011 -0.026154986 0.007946558 0.999935448 -0.008115436 -0.069039352 0.009538514 0.008039521 0.999922216 3.370874166
0.999907851 -0.008081292 -0.010910944 -0.036336463 0.007999863 0.999939919 -0.007486168 -0.081042409 0.010970787 0.007398190 0.999912441 3.953802586
0.999894381 -0.008499647 -0.011790507 -0.049777023 0.008407343 0.999933779 -0.007856333 -0.096852347 0.011856505 0.007756373 0.999899685 4.542989731
0.999885380 -0.007660231 -0.013065282 -0.061027873 0.007520693 0.999914467 -0.010695945 -0.112158999 0.013146099 0.010596458 0.999857485 5.135051250
0.999877274 -0.006040974 -0.014460577 -0.073966473 0.005832741 0.999879301 -0.014399158 -0.129608050 0.014545818 0.014313044 0.999791801 5.752364635
0.999859750 -0.005097001 -0.015962491 -0.086785719 0.004806729 0.999823332 -0.018170552 -0.140031815 0.016052287 0.018091273 0.999707520 6.340857029
0.999852240 -0.002736088 -0.016976248 -0.093514733 0.002434859 0.999839664 -0.017739575 -0.158383980 0.017022064 0.017695617 0.999698520 6.951812744
0.999834478 -0.000639524 -0.018179938 -0.117867045 0.000434214 0.999936044 -0.011294933 -0.166808411 0.018185996 0.011285169 0.999770939 7.607213020
0.999825418 0.000358920 -0.018680779 -0.135059670 -0.000369889 0.999999702 -0.000583739 -0.180774853 0.018680563 0.000590545 0.999825299 8.265389442
0.999811351 0.001194630 -0.019383688 -0.158103049 -0.001076784 0.999980807 0.006088940 -0.192467928 0.019390589 -0.006066924 0.999793530 8.957778931
0.999783158 0.003917819 -0.020449908 -0.181112990 -0.003815620 0.999979973 0.005034104 -0.207302362 0.020469220 -0.004954988 0.999778211 9.644639969
0.999749720 0.005385243 -0.021714646 -0.195819587 -0.005431186 0.999983132 -0.002057397 -0.213935286 0.021703199 0.002174818 0.999762058 10.321762085
0.999728799 0.005676830 -0.022585079 -0.219749793 -0.005860969 0.999949992 -0.008095299 -0.217891768 0.022537995 0.008225475 0.999712050 11.016119957
0.999705434 0.003446094 -0.024024758 -0.235445812 -0.003608128 0.999970913 -0.006704390 -0.219114959 0.024000958 0.006789100 0.999688804 11.752507210
0.999703586 0.003047893 -0.024155209 -0.257429093 -0.002981003 0.999991596 0.002804666 -0.232237756 0.024163552 -0.002731827 0.999704182 12.516057968
0.999700427 0.002376062 -0.024358233 -0.288645476 -0.002139604 0.999950290 0.009728981 -0.231950760 0.024380138 -0.009673948 0.999655902 13.284363747
0.999690711 0.001065408 -0.024844145 -0.314087689 -0.000752961 0.999920487 0.012582270 -0.237314746 0.024855578 -0.012559672 0.999612093 14.066831589
0.999682367 -0.000036671 -0.025202975 -0.326405793 0.000325402 0.999934375 0.011452209 -0.236502141 0.025200900 -0.011456772 0.999616802 14.890240669
0.999692440 -0.000581484 -0.024791570 -0.348990679 0.000803695 0.999959528 0.008954166 -0.232832015 0.024785362 -0.008971336 0.999652624 15.711400986
0.999700367 0.001682243 -0.024418198 -0.372783899 -0.001544651 0.999982774 0.005652566 -0.234289557 0.024427285 -0.005613155 0.999685943 16.551038742
0.999724984 -0.001059070 -0.023427675 -0.394796759 0.001059683 0.999999404 0.000013750 -0.241113290 0.023427645 -0.000038570 0.999725640 17.402458191
0.999727845 -0.004294169 -0.022932736 -0.405628711 0.004151724 0.999971807 -0.006255412 -0.249257416 0.022958951 0.006158500 0.999717474 18.280136108
0.999760151 -0.002477638 -0.021758528 -0.431433290 0.002218378 0.999926388 -0.011931410 -0.259255916 0.021786487 0.011880281 0.999692023 19.185363770
0.999774873 -0.001321814 -0.021174936 -0.460985303 0.001052202 0.999918342 -0.012738666 -0.273897856 0.021190044 0.012713518 0.999694586 20.088178635
0.999749780 -0.001419484 -0.022320639 -0.472609937 0.001149429 0.999926031 -0.012107059 -0.292167991 0.022336172 0.012078374 0.999677598 21.030025482
0.999752998 -0.000182405 -0.022222839 -0.501032770 -0.000112952 0.999911726 -0.013288674 -0.320732772 0.022223299 0.013287902 0.999664724 21.964757919
0.999751151 0.003389543 -0.022046218 -0.523079276 -0.003731413 0.999873042 -0.015484391 -0.343291610 0.021990933 0.015562800 0.999636948 22.901941299
0.999727309 0.006434285 -0.022445891 -0.549945652 -0.006802250 0.999843001 -0.016355794 -0.365739018 0.022337129 0.016504018 0.999614239 23.867664337
0.999715745 0.008333157 -0.022337412 -0.581321239 -0.008697610 0.999829769 -0.016268626 -0.392758787 0.022198040 0.016458284 0.999618053 24.844524384
0.999713242 0.009269346 -0.022075914 -0.618214309 -0.009633941 0.999817908 -0.016466834 -0.417712957 0.021919256 0.016674789 0.999620676 25.815975189
0.999708652 0.008746261 -0.022496123 -0.631033897 -0.009113810 0.999825716 -0.016287940 -0.447526187 0.022349741 0.016488219 0.999614239 26.820083618
0.999689996 0.009810537 -0.022882052 -0.657606840 -0.010154913 0.999836147 -0.014982618 -0.477843583 0.022731315 0.015210337 0.999625921 27.820098877
0.999679744 0.010389145 -0.023076460 -0.685697079 -0.010691643 0.999857962 -0.013024001 -0.506095409 0.022937875 0.013266555 0.999648869 28.836305618
0.999671519 0.010547962 -0.023357511 -0.711209357 -0.010830985 0.999868989 -0.012023780 -0.533652842 0.023227625 0.012272812 0.999654830 29.853693008
0.999670506 0.010443821 -0.023446649 -0.739812374 -0.010740803 0.999863207 -0.012576239 -0.564953744 0.023312097 0.012823930 0.999646008 30.875320435
0.999643087 0.011910946 -0.023915660 -0.767361224 -0.012247108 0.999827504 -0.013959174 -0.588257074 0.023745267 0.014247088 0.999616563 31.913431168
0.999652445 0.011461943 -0.023740061 -0.812356770 -0.011775918 0.999844432 -0.013128228 -0.614082217 0.023585891 0.013403226 0.999631941 32.964260101
0.999633968 0.011214795 -0.024620315 -0.828468800 -0.011474364 0.999879777 -0.010427060 -0.643183649 0.024500415 0.010705747 0.999642491 34.010681152
0.999619842 0.011598810 -0.025013965 -0.861118853 -0.011771186 0.999907911 -0.006755054 -0.665904939 0.024933308 0.007046930 0.999664307 35.065334320
0.999600828 0.012033881 -0.025561059 -0.897928298 -0.012159297 0.999914706 -0.004756761 -0.682817042 0.025501639 0.005065666 0.999661863 36.119640350
0.999598086 0.011499894 -0.025913518 -0.926790655 -0.011604697 0.999925017 -0.003897518 -0.714820147 0.025866756 0.004196669 0.999656618 37.209716797
0.999580801 0.011127472 -0.026728349 -0.953475058 -0.011277317 0.999921501 -0.005462059 -0.732643187 0.026665471 0.005761193 0.999627888 38.285949707
0.999564290 0.011665189 -0.027117573 -0.997239053 -0.011838914 0.999910355 -0.006254643 -0.748926401 0.027042180 0.006572959 0.999612749 39.384090424
0.999564469 0.011366506 -0.027235614 -1.039699793 -0.011489947 0.999924302 -0.004380106 -0.781477571 0.027183773 0.004691133 0.999619484 40.455745697
0.999517560 0.011167335 -0.028982254 -1.061876774 -0.011243979 0.999933720 -0.002482836 -0.806498766 0.028952608 0.002807515 0.999576867 41.558311462
0.999499977 0.011277908 -0.029540610 -1.100346327 -0.011298371 0.999936104 -0.000525914 -0.821501076 0.029532786 0.000859412 0.999563515 42.642272949
0.999452770 0.012674476 -0.030552592 -1.131375909 -0.012687166 0.999919534 -0.000221523 -0.848735154 0.030547325 0.000609028 0.999533176 43.719131470
0.999437153 0.014091613 -0.030444531 -1.174530625 -0.014224751 0.999890208 -0.004160952 -0.870993733 0.030382553 0.004591676 0.999527872 44.820091248
0.999414802 0.015329622 -0.030577704 -1.213135481 -0.015582676 0.999846101 -0.008054685 -0.890040994 0.030449525 0.008526454 0.999499917 45.910427094
0.999414384 0.015724022 -0.030389914 -1.255831838 -0.015986247 0.999836862 -0.008405103 -0.913654387 0.030252790 0.008886003 0.999502778 46.992519379
0.999419153 0.016529284 -0.029801801 -1.303460360 -0.016709695 0.999843419 -0.005814809 -0.936816812 0.029701021 0.006309411 0.999538898 48.062622070
0.999402225 0.016855653 -0.030185914 -1.337356329 -0.016965464 0.999850273 -0.003385406 -0.967921138 0.030124333 0.003895500 0.999538541 49.175689697
0.999431551 0.014818151 -0.030285062 -1.372896671 -0.014887342 0.999886990 -0.002060391 -0.988825619 0.030251110 0.002510084 0.999539196 50.284519196
0.999452293 0.014868343 -0.029562604 -1.414124608 -0.014955997 0.999884367 -0.002746105 -1.013735175 0.029518355 0.003186739 0.999559224 51.374305725
0.999461532 0.013895831 -0.029722385 -1.448474169 -0.014036467 0.999891222 -0.004528257 -1.033555150 0.029656224 0.004943016 0.999548018 52.465648651
0.999465048 0.014272130 -0.029430393 -1.480235457 -0.014484049 0.999870539 -0.007000073 -1.057762027 0.029326675 0.007422599 0.999542296 53.542366028
0.999478340 0.013311475 -0.029426556 -1.512947559 -0.013599640 0.999861300 -0.009614306 -1.083519459 0.029294491 0.010009480 0.999520779 54.636924744
0.999502122 0.011880388 -0.029229432 -1.549541831 -0.012250557 0.999846578 -0.012517917 -1.120858788 0.029076230 0.012869761 0.999494374 55.718395233
0.999534667 0.010403551 -0.028671511 -1.583349466 -0.010811799 0.999841869 -0.014120784 -1.156113029 0.028520066 0.014424204 0.999489069 56.797966003
0.999555230 0.008941774 -0.028450752 -1.617319465 -0.009269833 0.999891818 -0.011419849 -1.191149235 0.028345563 0.011678505 0.999529898 57.881431580
0.999563038 0.007879174 -0.028490426 -1.647629619 -0.008051785 0.999949932 -0.005948936 -1.215146184 0.028442128 0.006175735 0.999576330 58.980583191
0.999581695 0.006104630 -0.028269319 -1.677943468 -0.006113633 0.999981284 -0.000232059 -1.234558940 0.028267369 0.000404790 0.999600291 60.082542419
0.999583840 0.004380818 -0.028512552 -1.706619024 -0.004376462 0.999990404 0.000215203 -1.251290560 0.028513219 -0.000090329 0.999593377 61.174896240
0.999609530 0.001341064 -0.027909795 -1.742686987 -0.001415938 0.999995470 -0.002663125 -1.271822810 0.027906096 0.002701604 0.999606907 62.265972137
0.999623895 -0.000227774 -0.027423529 -1.785225391 0.000069847 0.999983370 -0.005759625 -1.295393825 0.027424389 0.005755543 0.999607325 63.358768463
0.999621868 0.001708086 -0.027446851 -1.824562907 -0.001964714 0.999954522 -0.009325739 -1.326117277 0.027429678 0.009376138 0.999579787 64.445991516
0.999629498 0.001772286 -0.027163118 -1.861303210 -0.002140951 0.999905884 -0.013549169 -1.355405211 0.027136553 0.013602303 0.999539256 65.525421143
0.999631107 0.005026932 -0.026691519 -1.900105357 -0.005420206 0.999877572 -0.014682232 -1.380469203 0.026614442 0.014821491 0.999535918 66.640594482
0.999630749 0.009034506 -0.025629554 -1.945447445 -0.009323011 0.999894261 -0.011159623 -1.409667015 0.025526023 0.011394447 0.999609292 67.741508484
0.999616086 0.010623183 -0.025591381 -1.983283877 -0.010852632 0.999902070 -0.008843743 -1.442500114 0.025494922 0.009118083 0.999633431 68.841987610
0.999616325 0.010573086 -0.025598645 -2.006186485 -0.010783246 0.999909282 -0.008085759 -1.467534900 0.025510825 0.008358695 0.999639571 69.928627014
0.999619842 0.008760337 -0.026140779 -2.028206825 -0.008949459 0.999934494 -0.007126547 -1.497357726 0.026076633 0.007357784 0.999632835 71.025650024
0.999634624 0.008055137 -0.025800800 -2.068980455 -0.008207780 0.999949455 -0.005815833 -1.522220254 0.025752647 0.006025476 0.999650180 72.125297546
0.999644578 0.006653422 -0.025816135 -2.109947205 -0.006755481 0.999969721 -0.003868034 -1.548111081 0.025789617 0.004041059 0.999659181 73.220733643
0.999624491 0.005250415 -0.026891593 -2.136427879 -0.005322356 0.999982476 -0.002604343 -1.566401005 0.026877448 0.002746492 0.999634922 74.310134888
0.999618471 0.004736605 -0.027212139 -2.170411825 -0.004830523 0.999982595 -0.003386609 -1.600828052 0.027195623 0.003516766 0.999623835 75.401359558
0.999603808 0.004969906 -0.027706521 -2.204874516 -0.005170539 0.999960959 -0.007174436 -1.625181675 0.027669782 0.007314850 0.999590337 76.477706909
0.999566436 0.005675061 -0.028892472 -2.231700182 -0.005945741 0.999939203 -0.009291243 -1.648602009 0.028837988 0.009459002 0.999539256 77.558647156
0.999552667 0.007520280 -0.028946582 -2.281476736 -0.007736774 0.999942899 -0.007374347 -1.682707310 0.028889475 0.007595001 0.999553740 78.640502930
0.999521196 0.008319997 -0.029800046 -2.315108299 -0.008423301 0.999958992 -0.003342729 -1.701606631 0.029771009 0.003592144 0.999550283 79.725898743
0.999498248 0.009793990 -0.030123563 -2.356047869 -0.009768824 0.999951720 0.000982538 -1.732894778 0.030131737 -0.000687774 0.999545693 80.795463562
0.999458969 0.011142943 -0.030945187 -2.395690441 -0.011100690 0.999937117 0.001536903 -1.750046849 0.030960370 -0.001192559 0.999519885 81.863662720
0.999443710 0.011196877 -0.031417388 -2.437510967 -0.011229772 0.999936581 -0.000870820 -1.765593052 0.031405646 0.001223146 0.999505997 82.931816101
0.999445200 0.010685323 -0.031544786 -2.483631372 -0.010741267 0.999940991 -0.001604526 -1.785908222 0.031525780 0.001942467 0.999501109 83.999794006
0.999420226 0.010252171 -0.032465678 -2.506676912 -0.010298904 0.999946177 -0.001272520 -1.820083857 0.032450870 0.001606143 0.999472022 85.049278259
0.999410212 0.009266895 -0.033066586 -2.548413277 -0.009302494 0.999956310 -0.000922863 -1.840071440 0.033056587 0.001229921 0.999452710 86.081047058
0.999394655 0.008163687 -0.033819448 -2.586048603 -0.008157291 0.999966741 0.000327096 -1.859628558 0.033820987 -0.000051023 0.999427855 87.112106323
0.999378026 0.008428300 -0.034242891 -2.624234200 -0.008330494 0.999960780 0.002997921 -1.884908199 0.034266818 -0.002710796 0.999409080 88.122772217
0.999349296 0.007960475 -0.035181031 -2.663070202 -0.007836302 0.999962568 0.003666063 -1.900784254 0.035208900 -0.003387988 0.999374270 89.094894409
0.999288321 0.006688378 -0.037123967 -2.709416389 -0.006534904 0.999969602 0.004253930 -1.924903870 0.037151281 -0.004008301 0.999301553 90.061981201
0.999170423 0.005943934 -0.040289603 -2.752666712 -0.005828344 0.999978542 0.002985821 -1.939092517 0.040306479 -0.002748523 0.999183536 90.993331909
0.999035954 0.005465500 -0.043558318 -2.801122189 -0.005366952 0.999982715 0.002379066 -1.960839629 0.043570567 -0.002142997 0.999047995 91.915550232
0.998893857 0.005594607 -0.046686638 -2.849199057 -0.005471115 0.999981165 0.002772460 -1.977724552 0.046701282 -0.002513966 0.998905718 92.804992676
0.998707771 0.006923948 -0.050345466 -2.893980265 -0.006749148 0.999970555 0.003641205 -1.992673755 0.050369203 -0.003296711 0.998725235 93.672531128
0.998572767 0.007530991 -0.052873805 -2.951591015 -0.007275746 0.999960959 0.005018252 -2.012221098 0.052909542 -0.004626392 0.998588562 94.514274597
0.998384237 0.009061112 -0.056096639 -3.003506660 -0.008718503 0.999941766 0.006349198 -2.023738623 0.056150913 -0.005849860 0.998405159 95.325019836
0.998243392 0.010365306 -0.058332037 -3.060363054 -0.009962341 0.999924481 0.007194703 -2.039156914 0.058402218 -0.006600940 0.998271227 96.118064880
0.998054624 0.012206297 -0.061139822 -3.108018875 -0.011739448 0.999899089 0.007989153 -2.059792519 0.061231174 -0.007255864 0.998097241 96.892158508
0.997835517 0.013822472 -0.064290538 -3.157419682 -0.013411326 0.999886692 0.006822279 -2.072779179 0.064377561 -0.005945291 0.997907877 97.624107361
0.997655690 0.015161399 -0.066735126 -3.215366602 -0.014975342 0.999882400 0.003287368 -2.092568874 0.066777125 -0.002280279 0.997765303 98.312644958
0.997441351 0.017927997 -0.069205344 -3.275448561 -0.018015428 0.999837458 -0.000639435 -2.101594925 0.069182634 0.001884563 0.997602224 98.982093811
0.997273028 0.019689394 -0.071126878 -3.324632406 -0.019960973 0.999795854 -0.003109459 -2.122818470 0.071051143 0.004520741 0.997462451 99.627494812
0.997198224 0.021804255 -0.071556874 -3.387573481 -0.022154596 0.999746084 -0.004105907 -2.137386084 0.071449183 0.005679719 0.997428060 100.236839294
0.997207999 0.024224760 -0.070635609 -3.439217091 -0.024536749 0.999692738 -0.003552485 -2.154155254 0.070527837 0.005275736 0.997495890 100.857856750
0.997316420 0.028340684 -0.067503467 -3.486754417 -0.028551061 0.999590039 -0.002153630 -2.167281389 0.067414746 0.004075147 0.997716725 101.425445557
0.997596979 0.030780995 -0.062071122 -3.525136232 -0.030891005 0.999522448 -0.000813225 -2.179251909 0.062016450 0.002728710 0.998071492 101.964584351
0.998000085 0.031672161 -0.054705389 -3.551656723 -0.031640347 0.999498308 0.001447712 -2.197454453 0.054723781 0.000286081 0.998501599 102.483535767
0.998465657 0.031560052 -0.045501497 -3.566233873 -0.031427458 0.999499559 0.003626748 -2.208993673 0.045593172 -0.002191187 0.998957753 102.992675781
0.998952270 0.031041851 -0.033626609 -3.577020645 -0.030892568 0.999510467 0.004949992 -2.222174883 0.033763796 -0.003905995 0.999422252 103.464500427
0.999355733 0.029984502 -0.019727007 -3.588980436 -0.029894305 0.999541283 0.004851413 -2.230217934 0.019863408 -0.004258562 0.999793708 103.931579590
0.999542713 0.029883543 -0.004624245 -3.578527212 -0.029865542 0.999546230 0.003914275 -2.240935802 0.004739113 -0.003774380 0.999981642 104.370750427
0.999515235 0.028358351 0.012840872 -3.553745985 -0.028375780 0.999596596 0.001177642 -2.259786129 -0.012802297 -0.001541441 0.999916852 104.785491943
0.999014974 0.028026285 0.034404051 -3.529608727 -0.027919725 0.999603748 -0.003573872 -2.269604206 -0.034490589 0.002609800 0.999401629 105.204177856
0.997916758 0.026202273 0.058953580 -3.488476515 -0.025740268 0.999631763 -0.008582660 -2.278872728 -0.059156761 0.007047300 0.998223841 105.609130859
0.996022284 0.023756290 0.085878424 -3.428700209 -0.022871751 0.999674797 -0.011269283 -2.294321060 -0.086118229 0.009260267 0.996241927 106.013816833
0.993087292 0.021089343 0.115467206 -3.347796679 -0.019752385 0.999724150 -0.012710762 -2.304115057 -0.115703419 0.010342146 0.993229985 106.420890808
0.988812745 0.018498385 0.148010224 -3.266840219 -0.016537055 0.999758482 -0.014471065 -2.321886063 -0.148242176 0.011861520 0.988879979 106.792846680
0.982936203 0.016137140 0.183237225 -3.168938160 -0.013408615 0.999780118 -0.016119944 -2.337250948 -0.183457091 0.013387920 0.982936561 107.151657104
0.974990308 0.012561213 0.221892238 -3.061032772 -0.009125820 0.999822199 -0.016500767 -2.352545977 -0.222060069 0.014063139 0.974931598 107.499275208
0.965019345 0.010994822 0.261947721 -2.933223963 -0.006593454 0.999822021 -0.017675476 -2.364860296 -0.262095481 0.015330036 0.964920223 107.860214233
0.952674389 0.011347625 0.303780437 -2.798067808 -0.006024150 0.999811530 -0.018455522 -2.388767481 -0.303932637 0.015752088 0.952563345 108.191871643
0.937342167 0.013678263 0.348141581 -2.657463312 -0.007347360 0.999782860 -0.019498685 -2.398628235 -0.348332733 0.015719019 0.937239170 108.506790161
0.919350684 0.014414819 0.393175006 -2.506684065 -0.007482748 0.999788463 -0.019158140 -2.398632050 -0.393367976 0.014671019 0.919264078 108.788719177
0.898933232 0.013958852 0.437863201 -2.324065685 -0.006644152 0.999811649 -0.018233033 -2.409615517 -0.438035220 0.013481049 0.898856759 109.096359253
0.875819564 0.013071596 0.482461780 -2.123561859 -0.004423068 0.999808490 -0.019059097 -2.422936916 -0.482618541 0.014558367 0.875709713 109.384025574
0.850581884 0.013365255 0.525672734 -1.912573814 -0.002554525 0.999770224 -0.021285770 -2.439413548 -0.525836349 0.016762447 0.850420594 109.657730103
0.822544456 0.015430397 0.568491459 -1.691971421 -0.001759893 0.999696195 -0.024588089 -2.459228516 -0.568698049 0.019224312 0.822321713 109.930900574
0.791565120 0.019619405 0.610769689 -1.453063011 -0.002614622 0.999584019 -0.028720483 -2.478455305 -0.611079156 0.021137200 0.791287303 110.200813293
0.758120894 0.026139863 0.651589990 -1.192981839 -0.005428668 0.999414682 -0.033777338 -2.481874228 -0.652091444 0.022070043 0.757819057 110.447448730
0.720835030 0.031112293 0.692408085 -0.915129602 -0.007255035 0.999275982 -0.037348047 -2.489870071 -0.693068683 0.021898337 0.720538914 110.696739197
0.682362854 0.031146666 0.730349779 -0.614860475 -0.005448120 0.999280870 -0.037525401 -2.514796734 -0.730993330 0.021626908 0.682041883 110.910629272
0.642218947 0.028153667 0.766004026 -0.298623800 -0.000688539 0.999346077 -0.036152627 -2.525802135 -0.766520977 0.022690481 0.641818345 111.095825195
0.593346953 0.027327754 0.804482818 0.002627994 0.000732167 0.999404728 -0.034489147 -2.536046982 -0.804946482 0.021053042 0.592973948 111.368209839
0.546812117 0.025772352 0.836858630 0.346058637 0.002502090 0.999471366 -0.032415159 -2.544417143 -0.837251663 0.019818900 0.546458602 111.551147461
0.498631537 0.023190662 0.866503775 0.699967325 0.003805153 0.999573827 -0.028941769 -2.563097477 -0.866805732 0.017728457 0.498330861 111.709487915
0.448073804 0.019367753 0.893786788 1.064325929 0.006848064 0.999661565 -0.025095070 -2.579186678 -0.893970311 0.017365154 0.447789609 111.847587585
0.394491792 0.019727845 0.918687642 1.429201007 0.002815821 0.999738932 -0.022677474 -2.606790543 -0.918895185 0.011532935 0.394333273 111.989700317
0.343905389 0.024634665 0.938681126 1.826774001 -0.000303104 0.999658704 -0.026123911 -2.619974375 -0.939004242 0.008699638 0.343795568 112.097724915
0.292416453 0.030428199 0.955806851 2.248922348 0.000456881 0.999489129 -0.031958614 -2.619987249 -0.956290960 0.009781913 0.292253196 112.214241028
0.245718703 0.032871597 0.968783557 2.633541584 0.002804284 0.999396563 -0.034621589 -2.627481222 -0.969337106 0.011223920 0.245478287 112.289466858
0.204629257 0.032474078 0.978300631 3.058323860 0.009997343 0.999328017 -0.035263196 -2.644779682 -0.978788495 0.016996291 0.204167128 112.335205078
0.169473931 0.031766135 0.985022545 3.490983248 0.019131329 0.999185979 -0.035514463 -2.665900230 -0.985348940 0.024863565 0.168728247 112.371597290
0.138789415 0.033037312 0.989770651 3.944403887 0.023580976 0.999049783 -0.036653653 -2.683941841 -0.990041137 0.028426901 0.137878492 112.409614563
0.110686518 0.031338587 0.993361115 4.420837402 0.021327734 0.999197662 -0.033899188 -2.704692602 -0.993626475 0.024938326 0.109929346 112.450706482
0.085448071 0.028135050 0.995945275 4.901266098 0.015314342 0.999445975 -0.029547857 -2.719449282 -0.996224999 0.017777054 0.084969871 112.483146667
0.061376125 0.024534697 0.997813106 5.411458969 0.010354830 0.999628425 -0.025216265 -2.737140179 -0.998061001 0.011879859 0.061099268 112.524627686
0.038533203 0.021925671 0.999016702 5.932424545 0.014799943 0.999637127 -0.022510134 -2.758838654 -0.999147713 0.015652776 0.038194720 112.526618958
0.018337259 0.022808051 0.999571621 6.471572876 0.022581812 0.999475420 -0.023220116 -2.777643442 -0.999576867 0.022997933 0.017812589 112.508956909
0.000971549 0.025239551 0.999680936 7.025914669 0.027653502 0.999298513 -0.025256772 -2.799257517 -0.999617100 0.027669216 0.000272904 112.488502502
-0.014002812 0.030719025 0.999429882 7.636316299 0.027265346 0.999168158 -0.030328963 -2.811596632 -0.999530137 0.026825111 -0.014828729 112.498725891
-0.024198478 0.035613608 0.999072611 8.244513512 0.025389502 0.999064863 -0.034998365 -2.825495958 -0.999384701 0.024519049 -0.025080061 112.484207153
-0.031246061 0.035022810 0.998897970 8.864558220 0.026971461 0.999051571 -0.034184508 -2.850997210 -0.999147773 0.025873607 -0.032161042 112.464828491
-0.033497918 0.032099541 0.998923182 9.502765656 0.033158645 0.998969615 -0.030989090 -2.872413635 -0.998888552 0.032084871 -0.034527775 112.430908203
-0.032908358 0.030364055 0.998997033 10.154717445 0.034568787 0.998975039 -0.029224640 -2.903556108 -0.998860359 0.033572383 -0.033924270 112.405212402
-0.030686414 0.030150486 0.999074221 10.859299660 0.033310547 0.999020696 -0.029125737 -2.928421259 -0.998973846 0.032385953 -0.031660691 112.392890930
-0.029260535 0.030779827 0.999097824 11.552953720 0.030314684 0.999093354 -0.029891867 -2.948312044 -0.999112010 0.029412692 -0.030167088 112.376968384
-0.027634680 0.031827360 0.999111235 12.251050949 0.029306807 0.999089241 -0.031016052 -2.976971626 -0.999188364 0.028423650 -0.028542269 112.355728149
-0.027259927 0.032801952 0.999090016 12.980534554 0.028589135 0.999078214 -0.032021515 -3.002711773 -0.999219477 0.027690219 -0.028172582 112.350151062
-0.026658466 0.032483082 0.999116659 13.730571747 0.027787514 0.999109745 -0.031741429 -3.029404640 -0.999258280 0.026916793 -0.027537357 112.339035034
-0.026390502 0.030900190 0.999173939 14.485635757 0.026814170 0.999184430 -0.030192280 -3.061000586 -0.999292016 0.025995230 -0.027197542 112.328514099
-0.025471553 0.029582571 0.999237895 15.253762245 0.027603909 0.999201655 -0.028877854 -3.095851660 -0.999294341 0.026847299 -0.026267815 112.307014465
-0.025993235 0.027191030 0.999292254 16.041608810 0.027864929 0.999261260 -0.026465373 -3.127468824 -0.999273717 0.027157286 -0.026731707 112.288696289
-0.027419722 0.025571393 0.999296904 16.823806763 0.025098389 0.999375165 -0.024884725 -3.161393642 -0.999308944 0.024398409 -0.028044390 112.273742676
-0.028358888 0.024910223 0.999287367 17.605878830 0.025189333 0.999389827 -0.024197927 -3.181557178 -0.999280393 0.024485154 -0.028969059 112.248695374
-0.029275903 0.022457343 0.999319077 18.400259018 0.027398854 0.999390066 -0.021656262 -3.205616236 -0.999195755 0.026746191 -0.029873351 112.221794128
-0.030703712 0.020810038 0.999311805 19.220893860 0.029089775 0.999378324 -0.019917641 -3.235315084 -0.999105155 0.028458213 -0.031289984 112.197441101
-0.032440852 0.019734565 0.999278784 20.047147751 0.026236542 0.999477327 -0.018886738 -3.270413160 -0.999129236 0.025604915 -0.032941662 112.177764893
-0.033076104 0.024710573 0.999147236 20.872478485 0.023049423 0.999447286 -0.023954958 -3.293700457 -0.999186993 0.022237431 -0.033627383 112.153434753
-0.033995546 0.029304722 0.998992205 21.706079483 0.024672452 0.999289989 -0.028473858 -3.325203657 -0.999117434 0.023679603 -0.034694426 112.131538391
-0.034977309 0.031210035 0.998900592 22.557088852 0.024465540 0.999239445 -0.030363942 -3.356571674 -0.999088645 0.023376590 -0.035714276 112.104148865
-0.036942367 0.028619947 0.998907447 23.393672943 0.020697705 0.999397337 -0.027868524 -3.397621870 -0.999103010 0.019645559 -0.037512466 112.086441040
-0.038169682 0.024082070 0.998980939 24.224086761 0.018651415 0.999552608 -0.023383200 -3.434177876 -0.999097228 0.017739881 -0.038601771 112.071723938
-0.038490966 0.019005993 0.999078095 25.079299927 0.017152436 0.999684453 -0.018356699 -3.463962555 -0.999111712 0.016430058 -0.038804822 112.043563843
-0.038851995 0.013458633 0.999154270 25.928667068 0.013487017 0.999825358 -0.012943228 -3.491539478 -0.999153972 0.012972741 -0.039026719 112.019958496
-0.038542606 0.011449537 0.999191284 26.774732590 0.010352870 0.999885321 -0.011058136 -3.531832933 -0.999203384 0.009918288 -0.038656723 111.997871399
-0.037879523 0.018216096 0.999116242 27.626682281 0.012625778 0.999762833 -0.017749198 -3.565910101 -0.999202549 0.011942289 -0.038100541 111.968605042
-0.036449559 0.029988922 0.998885393 28.436901093 0.015716944 0.999443233 -0.029432153 -3.588462830 -0.999211848 0.014626635 -0.036900595 111.929519653
-0.035898600 0.034916051 0.998745322 29.271755219 0.017539907 0.999257624 -0.034303509 -3.621486664 -0.999201417 0.016286451 -0.036484376 111.900985718
-0.034648567 0.029527957 0.998963237 30.109527588 0.019271832 0.999397337 -0.028872350 -3.659392357 -0.999213636 0.018251466 -0.035196744 111.875289917
-0.033809029 0.021722792 0.999192238 30.947038651 0.022045592 0.999536812 -0.020984339 -3.694609165 -0.999185145 0.021318322 -0.034272261 111.845825195
-0.033886317 0.019083453 0.999243498 31.768753052 0.023399480 0.999558866 -0.018295949 -3.725863218 -0.999151647 0.022761792 -0.034317911 111.831321716
-0.033466745 0.019750139 0.999244571 32.576282501 0.022691797 0.999562025 -0.018996419 -3.755770683 -0.999182165 0.022038912 -0.033900257 111.795753479
-0.034310326 0.020577792 0.999199331 33.393135071 0.019659774 0.999608457 -0.019911146 -3.786183596 -0.999217808 0.018960876 -0.034701448 111.773605347
-0.036390610 0.020664982 0.999123931 34.209907532 0.017783532 0.999641240 -0.020027963 -3.817764997 -0.999179363 0.017039124 -0.036745053 111.754104614
-0.038703702 0.020432018 0.999041736 35.012546539 0.017517665 0.999651194 -0.019765830 -3.852316380 -0.999097168 0.016735869 -0.039048124 111.727890015
-0.040839422 0.020860137 0.998947918 35.828933716 0.015166532 0.999679804 -0.020255376 -3.884416580 -0.999050558 0.014323357 -0.041142721 111.699157715
-0.043055560 0.021182157 0.998848081 36.633964539 0.013337096 0.999698341 -0.020625291 -3.914599180 -0.998983622 0.012433699 -0.043325085 111.671112061
-0.045505770 0.020696053 0.998749673 37.444305420 0.011400548 0.999731004 -0.020196950 -3.941237450 -0.998898983 0.010467216 -0.045729477 111.646751404
-0.047098126 0.019259946 0.998704672 38.232524872 0.012156074 0.999751091 -0.018706856 -3.974769115 -0.998816252 0.011259268 -0.047320530 111.604698181
-0.048845064 0.019205466 0.998621702 39.021293640 0.011392473 0.999760747 -0.018670136 -4.007400990 -0.998741269 0.010464829 -0.049052175 111.568946838
-0.051046800 0.020361098 0.998488665 39.807209015 0.011361646 0.999739230 -0.019805742 -4.036438942 -0.998631597 0.010333454 -0.051264826 111.536842346
-0.052269235 0.020790096 0.998416543 40.599952698 0.012403321 0.999719620 -0.020167887 -4.061424732 -0.998555899 0.011329522 -0.052512452 111.506637573
-0.053238846 0.019642243 0.998388588 41.386455536 0.013968447 0.999723315 -0.018923635 -4.090279579 -0.998484075 0.012938465 -0.053498492 111.467247009
-0.054593649 0.018423805 0.998338640 42.143814087 0.014098312 0.999744356 -0.017678784 -4.128362179 -0.998409152 0.013109739 -0.054839436 111.420234680
-0.056072000 0.018064575 0.998263299 42.910614014 0.012825365 0.999766886 -0.017371384 -4.155116081 -0.998344421 0.011829043 -0.056290612 111.385078430
-0.057638861 0.017135378 0.998190403 43.663784027 0.011406677 0.999798834 -0.016504325 -4.182079792 -0.998272419 0.010434746 -0.057822715 111.352340698
-0.058430787 0.015902694 0.998164773 44.401206970 0.010258541 0.999829948 -0.015328701 -4.210751057 -0.998238802 0.009344047 -0.058583986 111.316192627
-0.058981583 0.015177791 0.998143673 45.114376068 0.010284742 0.999840617 -0.014595854 -4.242070198 -0.998206079 0.009404765 -0.059128277 111.272293091
-0.058610298 0.017974198 0.998119116 45.828212738 0.010562454 0.999793112 -0.017384108 -4.268550873 -0.998225033 0.009523698 -0.058788020 111.226936340
-0.058596555 0.020922316 0.998062432 46.529010773 0.010803273 0.999735117 -0.020323116 -4.295324326 -0.998223245 0.009591477 -0.058807053 111.190879822
-0.058951117 0.022760531 0.998001337 47.229763031 0.008781819 0.999713242 -0.022280838 -4.319190979 -0.998222172 0.007450788 -0.059134085 111.156982422
-0.059105758 0.023282690 0.997980177 47.931365967 0.009060649 0.999699235 -0.022786178 -4.351255417 -0.998210609 0.007695554 -0.059298944 111.119628906
-0.058907058 0.023005409 0.997998297 48.627388000 0.010587858 0.999692559 -0.022419514 -4.379572868 -0.998207331 0.009245999 -0.059132528 111.078834534
-0.059685029 0.022462972 0.997964501 49.315891266 0.011105341 0.999699831 -0.021837857 -4.408112526 -0.998155534 0.009779342 -0.059916578 111.043136597
-0.059379924 0.022949908 0.997971654 49.991931915 0.007734637 0.999716163 -0.022529818 -4.430140018 -0.998205543 0.006381129 -0.059540588 111.001060486
-0.059415754 0.022473721 0.997980297 50.685512543 0.005172301 0.999740064 -0.022205414 -4.468553066 -0.998219907 0.003842504 -0.059516538 110.975532532
-0.059253503 0.021170264 0.998018444 51.370788574 0.006654115 0.999761283 -0.020812172 -4.496435642 -0.998220742 0.005407736 -0.059380218 110.938079834
-0.059991039 0.020577561 0.997986853 52.039131165 0.007679137 0.999767482 -0.020152671 -4.520386219 -0.998169303 0.006454699 -0.060135104 110.893699646
-0.063314639 0.019515477 0.997802794 52.705600739 0.003855999 0.999806166 -0.019309986 -4.554519653 -0.997986138 0.002624922 -0.063377611 110.853485107
-0.068814322 0.019223759 0.997444212 53.383522034 0.000644958 0.999815047 -0.019224955 -4.579338551 -0.997629285 -0.000679642 -0.068813980 110.821647644
-0.074620560 0.023646273 0.996931612 54.056339264 0.004293239 0.999717176 -0.023390995 -4.597435474 -0.997202754 0.002534616 -0.074700959 110.763122559
-0.081701964 0.026734252 0.996298134 54.720520020 0.006844948 0.999631703 -0.026262378 -4.621156693 -0.996633291 0.004673920 -0.081854880 110.713447571
-0.088760152 0.028119449 0.995656013 55.386833191 0.006139973 0.999597967 -0.027683413 -4.650042057 -0.996034026 0.003656118 -0.088897124 110.651062012
-0.094738670 0.027101237 0.995133221 56.055503845 0.002419576 0.999632776 -0.026993427 -4.680332661 -0.995499194 -0.000149521 -0.094769455 110.589393616
-0.100765817 0.026161708 0.994566143 56.752498627 0.001663845 0.999657333 -0.026127052 -4.706957340 -0.994908810 -0.000977909 -0.100774817 110.530197144
-0.105590381 0.026805647 0.994048357 57.462429047 0.000053889 0.999636769 -0.026950624 -4.735890865 -0.994409740 -0.002792159 -0.105553485 110.468803406
-0.109514907 0.026165351 0.993640721 58.142818451 -0.001815883 0.999646604 -0.026523642 -4.757959366 -0.993983448 -0.004709069 -0.109428681 110.391090393
-0.112069175 0.022581708 0.993443787 58.847297668 -0.002384065 0.999732733 -0.022993607 -4.792134762 -0.993697464 -0.004945308 -0.111985385 110.314476013
-0.113832109 0.019844770 0.993301868 59.562335968 -0.000061848 0.999800324 -0.019981693 -4.815109730 -0.993499994 -0.002335993 -0.113808155 110.235549927
-0.114838123 0.016510895 0.993246973 60.277729034 -0.000656093 0.999860406 -0.016696686 -4.845989704 -0.993383944 -0.002569078 -0.114811264 110.151626587
-0.116430476 0.016030330 0.993069470 61.006275177 -0.001603529 0.999865413 -0.016328035 -4.873305798 -0.993197501 -0.003493497 -0.116389103 110.077140808
-0.116282135 0.019343307 0.993027806 61.705604553 -0.000000878 0.999810398 -0.019475527 -4.898084641 -0.993216157 -0.002265529 -0.116260067 109.984031677
-0.116875865 0.024312600 0.992848873 62.464366913 0.006521116 0.999697447 -0.023712663 -4.918394089 -0.993125141 0.003703045 -0.116999060 109.898597717
-0.117327064 0.029289983 0.992661238 63.205398560 0.013920453 0.999515176 -0.027846899 -4.947438717 -0.992995799 0.010551100 -0.117677920 109.803306580
-0.117995739 0.029857924 0.992565036 63.947811127 0.013790319 0.999500692 -0.028427171 -4.978657722 -0.992918372 0.010333505 -0.118348569 109.715232849
-0.118685625 0.027756527 0.992543817 64.706588745 0.012405808 0.999572575 -0.026469637 -5.009862423 -0.992854416 0.009171744 -0.118979238 109.635673523
-0.118714079 0.023359971 0.992653668 65.447120667 0.012482716 0.999679327 -0.022032460 -5.033931732 -0.992850006 0.009775450 -0.118967615 109.546707153
-0.118355550 0.021415427 0.992740273 66.188796997 0.014711224 0.999695539 -0.019811574 -5.062526226 -0.992862284 0.012259615 -0.118634559 109.453430176
-0.119539395 0.020414475 0.992619574 66.931098938 0.013897882 0.999725044 -0.018886907 -5.095747948 -0.992732167 0.011537582 -0.119790241 109.370658875
-0.121565573 0.021705929 0.992346048 67.681541443 0.013149097 0.999708295 -0.020256158 -5.123219490 -0.992496312 0.010586002 -0.121815510 109.289924622
-0.123477846 0.022403939 0.992094398 68.418266296 0.012467994 0.999701202 -0.021023927 -5.150136948 -0.992269039 0.009773438 -0.123720266 109.200950623
-0.125889525 0.022686526 0.991784811 69.162368774 0.013375911 0.999686360 -0.021169435 -5.178537369 -0.991954088 0.010601016 -0.126153514 109.110488892
-0.127587542 0.023040472 0.991559684 69.901435852 0.014082387 0.999671459 -0.021416932 -5.204493523 -0.991727293 0.011230994 -0.127870098 109.014984131
-0.129682615 0.022530047 0.991299570 70.649856567 0.013686739 0.999687195 -0.020930177 -5.233832359 -0.991461039 0.010853376 -0.129950449 108.919830322
-0.131361067 0.022860941 0.991070986 71.397308350 0.011424628 0.999702454 -0.021545770 -5.260396004 -0.991268754 0.008492341 -0.131583139 108.826820374
-0.132454216 0.024322402 0.990890563 72.147514343 0.011505782 0.999669254 -0.022999883 -5.289376259 -0.991122246 0.008354539 -0.132690236 108.730461121
-0.133416817 0.024820425 0.990749240 72.911148071 0.011055031 0.999661267 -0.023554998 -5.315561771 -0.990998328 0.007810130 -0.133645996 108.634353638
-0.134785712 0.024714800 0.990566492 73.676048279 0.009583433 0.999674678 -0.023638040 -5.347493172 -0.990828395 0.006306957 -0.134978712 108.533721924
-0.135791242 0.023403008 0.990461051 74.451637268 0.010474828 0.999698937 -0.022185201 -5.367954731 -0.990682065 0.007362353 -0.135995537 108.432823181
-0.136804521 0.020739652 0.990381002 75.232635498 0.008245405 0.999769986 -0.019797308 -5.398485184 -0.990563750 0.005457731 -0.136944056 108.330802917
-0.138857156 0.018980378 0.990130544 76.025619507 0.005053366 0.999816895 -0.018457372 -5.419906616 -0.990299463 0.002440554 -0.138927668 108.234596252
-0.140921131 0.018080084 0.989855647 76.814231873 0.005853292 0.999830961 -0.017428977 -5.452720642 -0.990003467 0.003337803 -0.141003117 108.119567871
-0.142524108 0.018953085 0.989609838 77.610008240 0.007285344 0.999809623 -0.018099194 -5.476324081 -0.989764512 0.004630076 -0.142635047 108.008834839
-0.144787267 0.020223802 0.989256084 78.405891418 0.006739486 0.999788046 -0.019452721 -5.501008511 -0.989439845 0.003850571 -0.144892886 107.894783020
-0.146253631 0.023193141 0.988975167 79.196807861 0.008089681 0.999719799 -0.022248786 -5.537128448 -0.989214063 0.004746529 -0.146400273 107.778869629
-0.146670178 0.027117873 0.988813639 80.000198364 0.009994990 0.999613702 -0.025931513 -5.568270683 -0.989134908 0.006079804 -0.146884575 107.659095764
-0.148124397 0.031292263 0.988473535 80.824119568 0.010797645 0.999490798 -0.030022999 -5.601580143 -0.988909781 0.006226049 -0.148386881 107.547050476
-0.147998706 0.032827217 0.988442600 81.649513245 0.013095238 0.999426246 -0.031231262 -5.631574154 -0.988900840 0.008321704 -0.148343712 107.426567078
-0.147213921 0.031976987 0.988587618 82.484329224 0.016312748 0.999419749 -0.029898178 -5.670047283 -0.988970160 0.011725155 -0.147650167 107.301658630
-0.147075996 0.030322157 0.988660336 83.309028625 0.017166270 0.999457657 -0.028099608 -5.702869415 -0.988976240 0.012838833 -0.147516787 107.173973083
-0.146355286 0.028341508 0.988825977 84.146682739 0.016482174 0.999520600 -0.026208522 -5.743087292 -0.989094794 0.012462248 -0.146752253 107.056106567
-0.144722790 0.025816508 0.989135325 84.995330811 0.015436697 0.999596715 -0.023830973 -5.775897503 -0.989351869 0.011820098 -0.145062953 106.941360474
-0.143409625 0.022530954 0.989406824 85.854370117 0.016020432 0.999662697 -0.020442413 -5.809762001 -0.989533782 0.012919088 -0.143722191 106.828666687
-0.141360641 0.019320607 0.989769578 86.710212708 0.016639488 0.999714613 -0.017138256 -5.839295387 -0.989818335 0.014046582 -0.141641825 106.704956055
-0.139926136 0.019073198 0.989978135 87.557907104 0.014859461 0.999742270 -0.017161038 -5.871318340 -0.990050495 0.012309264 -0.140173525 106.594093323
-0.138585731 0.023324138 0.990075707 88.406265259 0.015934547 0.999645591 -0.021319151 -5.904867649 -0.990222275 0.012821877 -0.138908282 106.477577209
-0.136641786 0.029657783 0.990176439 89.245887756 0.016227666 0.999484539 -0.027697204 -5.936206818 -0.990487576 0.012283658 -0.137052655 106.366043091
-0.135428071 0.033143595 0.990232646 90.102722168 0.013935103 0.999405086 -0.031544782 -5.968755245 -0.990689218 0.009526941 -0.135809377 106.258094788
-0.134050354 0.030390909 0.990508437 90.954849243 0.012126084 0.999505103 -0.029025858 -6.005146027 -0.990900338 0.008120062 -0.134352550 106.149436951
