1.000000000 0.000000000 0.000000000 0.000000000 0.000000000 1.000000000 0.000000000 0.000000000 0.000000000 0.000000000 1.000000000 0.000000000
1.000000000 -0.000121790 0.000077367 -0.012458798 0.000121679 0.999998987 0.001429608 -0.013287108 -0.000077541 -0.001429598 0.999998987 1.318251729
0.999998868 -0.001497970 -0.000199341 -0.022111764 0.001498357 0.999996960 0.001954043 -0.040960170 0.000196413 -0.001954340 0.999998093 2.634727716
0.999996066 -0.002806098 -0.000215563 -0.028888322 0.002806308 0.999995530 0.000977440 -0.056712799 0.000212819 -0.000978041 0.999999523 3.950830460
0.999995232 -0.003084485 -0.000378156 -0.034409519 0.003084910 0.999994636 0.001127791 -0.076430418 0.000374675 -0.001128952 0.999999285 5.275837421
0.999993324 -0.003642421 -0.000253591 -0.040531527 0.003642937 0.999991179 0.002059656 -0.101410985 0.000246087 -0.002060566 0.999997854 6.607010841
0.999986947 -0.005109679 0.000199347 -0.053620446 0.005109007 0.999981642 0.003241423 -0.118403628 -0.000215906 -0.003240362 0.999994755 7.922305584
0.999989808 -0.004510898 -0.000196913 -0.054794203 0.004511591 0.999983072 0.003669894 -0.136327937 0.000180356 -0.003670745 0.999993265 9.268810272
0.999993324 -0.003624756 -0.000512454 -0.061279539 0.003625694 0.999991655 0.001842383 -0.154010817 0.000505772 -0.001844229 0.999998152 10.613759995
0.999998927 -0.001282593 -0.000689426 -0.067186616 0.001282598 0.999999166 0.000007251 -0.180093050 0.000689416 -0.000008135 0.999999762 11.938612938
0.999996424 0.002678704 0.000063746 -0.087129943 -0.002678646 0.999996006 -0.000902174 -0.199754372 -0.000066162 0.000902001 0.999999583 13.287467003
0.999989390 0.004602371 0.000032278 -0.111976422 -0.004602336 0.999989033 -0.001000583 -0.220580474 -0.000036883 0.001000424 0.999999523 14.602499962
0.999983370 0.005772951 -0.000038727 -0.116303459 -0.005772963 0.999983370 -0.000308177 -0.238488004 0.000036948 0.000308395 1.000000000 15.953925133
0.999993742 0.003507290 0.000351337 -0.128556669 -0.003508135 0.999990880 0.002433728 -0.259389877 -0.000342798 -0.002434946 0.999996901 17.301122665
0.999999642 -0.000706216 0.000442581 -0.131149605 0.000704352 0.999991000 0.004199099 -0.277324438 -0.000445543 -0.004198785 0.999991059 18.657875061
0.999995768 -0.002905263 0.000093338 -0.140761346 0.002905084 0.999994040 0.001868463 -0.290949345 -0.000098766 -0.001868184 0.999998271 19.999269485
0.999988675 -0.004765023 -0.000031507 -0.144348636 0.004765030 0.999988616 0.000224618 -0.320489794 0.000030436 -0.000224766 1.000000000 21.369819641
0.999997675 -0.001755415 0.001248940 -0.167522505 0.001757210 0.999997437 -0.001437740 -0.335637569 -0.001246413 0.001439931 0.999998212 22.712789536
0.999998987 0.000454566 0.001334411 -0.168213621 -0.000455264 0.999999702 0.000522562 -0.353517562 -0.001334173 -0.000523169 0.999998987 24.084186554
0.999997199 0.001343835 0.001971936 -0.177287966 -0.001351652 0.999991238 0.003967841 -0.371181726 -0.001966587 -0.003970495 0.999990225 25.452579498
0.999996960 -0.001161550 0.002159454 -0.172663972 0.001148891 0.999982178 0.005854306 -0.382393956 -0.002166216 -0.005851807 0.999980569 26.834085464
0.999977231 -0.006577697 0.001501038 -0.172052830 0.006571300 0.999969482 0.004227221 -0.404748499 -0.001528797 -0.004217261 0.999989867 28.196170807
0.999978662 -0.006401524 0.001329240 -0.177007899 0.006398869 0.999977529 0.001992557 -0.418360591 -0.001341966 -0.001984010 0.999997079 29.565668106
0.999974728 -0.006693090 0.002396580 -0.182813436 0.006694968 0.999977291 -0.000776228 -0.435621887 -0.002391331 0.000792253 0.999996841 30.930601120
0.999988616 -0.003583680 0.003149700 -0.196486577 0.003586872 0.999993086 -0.001008433 -0.464611918 -0.003146064 0.001019719 0.999994576 32.306110382
0.999990642 -0.002414865 0.003591356 -0.209756136 0.002427433 0.999990880 -0.003499157 -0.486638576 -0.003582874 0.003507842 0.999987423 33.659645081
0.999992132 -0.001721089 0.003566558 -0.211004198 0.001731502 0.999994159 -0.002918462 -0.509749532 -0.003561515 0.002924614 0.999989390 35.043289185
0.999993145 -0.001721501 0.003285526 -0.223378941 0.001727076 0.999997079 -0.001694602 -0.534181774 -0.003282599 0.001700265 0.999993145 36.414413452
0.999994516 -0.000648737 0.003244258 -0.233548164 0.000648474 0.999999762 0.000081995 -0.561276734 -0.003244311 -0.000079891 0.999994695 37.816291809
0.999993026 0.002124690 0.003111846 -0.245403230 -0.002126083 0.999997616 0.000444614 -0.582889438 -0.003110894 -0.000451227 0.999994993 39.184211731
0.999980032 0.005084086 0.003758643 -0.260425717 -0.005084377 0.999987066 0.000067904 -0.604611218 -0.003758249 -0.000087013 0.999992967 40.566150665
0.999974012 0.006393211 0.003330420 -0.266248286 -0.006395541 0.999979436 0.000689618 -0.629954815 -0.003325943 -0.000710900 0.999994218 41.975379944
0.999972165 0.006895190 0.002861246 -0.265786558 -0.006898316 0.999975622 0.001083639 -0.654362321 -0.002853704 -0.001103347 0.999995291 43.376205444
0.999976575 0.006334471 0.002600943 -0.277845234 -0.006336183 0.999979734 0.000651169 -0.676904321 -0.002596766 -0.000667633 0.999996424 44.782066345
0.999983728 0.005407550 0.001829791 -0.280675828 -0.005407383 0.999985397 -0.000097173 -0.692495525 -0.001830290 0.000087277 0.999998331 46.183425903
0.999987900 0.004824343 0.000933758 -0.287285060 -0.004824867 0.999988198 0.000559800 -0.721050501 -0.000931046 -0.000564299 0.999999344 47.585319519
0.999985278 0.005403262 -0.000233587 -0.293771833 -0.005402848 0.999983847 0.001736077 -0.741309166 0.000242963 -0.001734789 0.999998450 49.002384186
0.999980688 0.006072239 -0.001373617 -0.309924126 -0.006069946 0.999980211 0.001667991 -0.766288400 0.001383719 -0.001659621 0.999997675 50.415817261
0.999984801 0.004927085 -0.002474683 -0.317135781 -0.004922510 0.999986112 0.001851419 -0.786960542 0.002483771 -0.001839209 0.999995232 51.848850250
0.999980569 0.004705721 -0.004099985 -0.326778144 -0.004691971 0.999983311 0.003357178 -0.813093781 0.004115714 -0.003337875 0.999985993 53.266986847
0.999982774 0.003720031 -0.004545886 -0.341467947 -0.003702722 0.999985993 0.003809873 -0.829225719 0.004559995 -0.003792975 0.999982357 54.711910248
0.999984443 0.002093664 -0.005172530 -0.351601571 -0.002069955 0.999987423 0.004584634 -0.851640344 0.005182063 -0.004573856 0.999976099 56.156948090
0.999982476 -0.000633478 -0.005898315 -0.366339296 0.000654535 0.999993384 0.003568724 -0.867096841 0.005896016 -0.003572522 0.999976218 57.582336426
0.999980032 -0.002414164 -0.005842325 -0.381731629 0.002438127 0.999988616 0.004097884 -0.894346952 0.005832366 -0.004112047 0.999974549 58.984661102
0.999979854 -0.003593226 -0.005240583 -0.397090465 0.003618038 0.999982178 0.004732808 -0.910431981 0.005223484 -0.004751673 0.999975026 60.410190582
0.999976397 -0.004651089 -0.005059534 -0.409254670 0.004678676 0.999974191 0.005454528 -0.930233479 0.005034035 -0.005478071 0.999972343 61.836307526
0.999972701 -0.006041327 -0.004260545 -0.429907948 0.006063774 0.999967754 0.005275564 -0.951769769 0.004228536 -0.005301256 0.999977052 63.236621857
0.999962032 -0.007787182 -0.003898702 -0.435593963 0.007804554 0.999959707 0.004460873 -0.976496756 0.003863807 -0.004491133 0.999982417 64.624458313
0.999966919 -0.007407467 -0.003350745 -0.439434379 0.007421276 0.999963999 0.004127686 -0.993648589 0.003320048 -0.004152417 0.999985874 66.039070129
0.999976933 -0.006045878 -0.003092509 -0.448964208 0.006057940 0.999974012 0.003906055 -1.014517426 0.003068814 -0.003924699 0.999987602 67.438903809
0.999991477 -0.003345821 -0.002443730 -0.470023781 0.003358674 0.999980390 0.005274389 -1.033900619 0.002426036 -0.005282551 0.999983132 68.834281921
0.999998569 0.000487128 -0.001600419 -0.477604836 -0.000477220 0.999980748 0.006184982 -1.046728015 0.001603401 -0.006184209 0.999979615 70.276840210
0.999990821 0.004257363 -0.000602019 -0.499203026 -0.004253281 0.999969006 0.006624088 -1.063307285 0.000630201 -0.006621466 0.999977887 71.661201477
0.999960840 0.008848919 -0.000152251 -0.516927898 -0.008847780 0.999940872 0.006322185 -1.077386737 0.000208186 -0.006320589 0.999980032 73.080009460
0.999924064 0.012278967 0.001037463 -0.543588877 -0.012284413 0.999909878 0.005419591 -1.088837743 -0.000970823 -0.005431924 0.999984860 74.462860107
0.999916494 0.012880706 0.001009394 -0.529042244 -0.012886181 0.999901175 0.005620693 -1.111127496 -0.000936896 -0.005633231 0.999983609 75.848739624
0.999914825 0.012998343 0.001100855 -0.533444941 -0.013004420 0.999899149 0.005704687 -1.122719049 -0.001026593 -0.005718516 0.999983132 77.265686035
0.999920011 0.012600578 0.001140452 -0.542978466 -0.012606925 0.999904096 0.005740844 -1.143819690 -0.001068004 -0.005754761 0.999982774 78.648048401
0.999940574 0.010847167 0.001070644 -0.548720121 -0.010851863 0.999931037 0.004483823 -1.159056544 -0.001021933 -0.004495177 0.999989331 80.021827698
0.999949455 0.010026168 0.000702771 -0.556336522 -0.010029268 0.999939263 0.004554199 -1.175063848 -0.000657067 -0.004561017 0.999989331 81.413787842
0.999954045 0.009585932 -0.000153885 -0.549278557 -0.009585142 0.999943972 0.004488096 -1.191735625 0.000196899 -0.004486416 0.999989927 82.780197144
0.999959946 0.008907230 -0.000998786 -0.549952924 -0.008903105 0.999952078 0.004062096 -1.207799554 0.001034920 -0.004053040 0.999991179 84.144592285
0.999959171 0.008956793 -0.001287255 -0.576056123 -0.008950933 0.999949813 0.004489525 -1.223584771 0.001327403 -0.004477819 0.999989033 85.510108948
0.999953330 0.009318804 -0.002560067 -0.572591901 -0.009305002 0.999942422 0.005351253 -1.250590920 0.002609786 -0.005327181 0.999982357 86.855644226
0.999973118 0.006344751 -0.003670141 -0.578803837 -0.006320408 0.999958158 0.006606745 -1.273909211 0.003711906 -0.006583371 0.999971390 88.267562866
0.999979675 0.004093972 -0.004884104 -0.594233990 -0.004060349 0.999968112 0.006874000 -1.282695651 0.004912090 -0.006854030 0.999964476 89.645484924
0.999980867 0.001720590 -0.005939789 -0.600055277 -0.001678558 0.999973595 0.007074001 -1.303840041 0.005951803 -0.007063895 0.999957263 91.010780334
0.999978781 0.000216163 -0.006513639 -0.604882002 -0.000173566 0.999978602 0.006539532 -1.321804523 0.006514914 -0.006538264 0.999957383 92.419815063
0.999978960 -0.000366552 -0.006479462 -0.626851261 0.000405662 0.999981701 0.006035733 -1.334794641 0.006477132 -0.006038235 0.999960780 93.766349792
0.999978423 -0.000149986 -0.006564740 -0.649711370 0.000185711 0.999985158 0.005441618 -1.353000045 0.006563827 -0.005442720 0.999963641 95.138702393
0.999979854 -0.000531084 -0.006321172 -0.673669994 0.000563384 0.999986827 0.005109264 -1.372302175 0.006318375 -0.005112723 0.999966979 96.490463257
0.999980688 0.000679156 -0.006177684 -0.691025138 -0.000653303 0.999990940 0.004185848 -1.387952209 0.006180471 -0.004181733 0.999972105 97.835083008
0.999980271 0.002354219 -0.005823875 -0.717834711 -0.002327870 0.999987006 0.004526943 -1.407556891 0.005834457 -0.004513297 0.999972820 99.173629761
0.999983311 0.002452064 -0.005226234 -0.732129395 -0.002420395 0.999978721 0.006057441 -1.426785946 0.005240975 -0.006044690 0.999967933 100.525527954
0.999979436 0.003799569 -0.005163001 -0.756884396 -0.003759765 0.999963343 0.007697591 -1.445096493 0.005192060 -0.007678021 0.999957025 101.851280212
0.999982297 0.003031614 -0.005104430 -0.764812648 -0.003001113 0.999977648 0.005972354 -1.464217544 0.005122421 -0.005956930 0.999969065 103.221527100
0.999983549 0.003675479 -0.004399881 -0.792337775 -0.003659290 0.999986470 0.003681771 -1.477052450 0.004413353 -0.003665609 0.999983490 104.543624878
0.999984443 0.002467127 -0.004988663 -0.798929751 -0.002455627 0.999994278 0.002310012 -1.499892354 0.004994334 -0.002297725 0.999984860 105.881668091
0.999986887 -0.000012665 -0.005123047 -0.809390545 0.000032904 0.999992192 0.003950524 -1.520183325 0.005122957 -0.003950641 0.999979019 107.225341797
0.999988496 -0.001935176 -0.004386553 -0.831378460 0.001959330 0.999982893 0.005508861 -1.532926798 0.004375817 -0.005517393 0.999975145 108.555206299
0.999988794 -0.003116247 -0.003570969 -0.840242624 0.003139741 0.999973297 0.006592489 -1.555101752 0.003550329 -0.006603627 0.999971867 109.908058167
0.999987900 -0.004176286 -0.002638559 -0.858103395 0.004188044 0.999981225 0.004466275 -1.566704512 0.002619857 -0.004477271 0.999986529 111.231460571
0.999995828 -0.002396690 -0.001609865 -0.874487400 0.002400776 0.999993861 0.002540963 -1.587847114 0.001603766 -0.002544818 0.999995470 112.559501648
0.999999702 0.000434820 -0.000508744 -0.885492265 -0.000434860 0.999999881 -0.000078999 -1.603166103 0.000508709 0.000079220 0.999999821 113.877738953
0.999994397 0.003264394 0.000565559 -0.894263566 -0.003264439 0.999994576 0.000077342 -1.625137925 -0.000565303 -0.000079188 0.999999821 115.198326111
0.999988675 0.004234931 0.002145826 -0.903210223 -0.004239820 0.999988556 0.002279251 -1.653122544 -0.002136148 -0.002288324 0.999995112 116.530082703
0.999986172 0.003953798 0.003458127 -0.905411720 -0.003969720 0.999981582 0.004609396 -1.671123624 -0.003439839 -0.004623060 0.999983430 117.866004944
0.999985158 0.003667007 0.004033371 -0.911177874 -0.003688294 0.999979258 0.005282880 -1.691756487 -0.004013915 -0.005297677 0.999977827 119.201202393
0.999980032 0.004183933 0.004734207 -0.907668352 -0.004204833 0.999981463 0.004413421 -1.703944087 -0.004715655 -0.004433240 0.999979019 120.545043945
0.999959826 0.006091411 0.006565289 -0.921339393 -0.006117923 0.999973178 0.004025685 -1.724704504 -0.006540592 -0.004065689 0.999970257 121.861679077
0.999940038 0.007682226 0.007810990 -0.920496702 -0.007712499 0.999962866 0.003852847 -1.741422653 -0.007781101 -0.003912858 0.999962032 123.214576721
0.999928176 0.008097919 0.008834937 -0.919137895 -0.008126417 0.999961853 0.003194493 -1.763611674 -0.008808731 -0.003266060 0.999955893 124.529518127
0.999903500 0.009556157 0.010087461 -0.919736803 -0.009574851 0.999952555 0.001806477 -1.773015857 -0.010069720 -0.001902888 0.999947548 125.881622314
0.999905586 0.008449517 0.010838416 -0.914254606 -0.008469322 0.999962568 0.001782670 -1.791316509 -0.010822946 -0.001874296 0.999939680 127.232955933
0.999891996 0.008340706 0.012102331 -0.909027815 -0.008370660 0.999962032 0.002426536 -1.802030206 -0.012081633 -0.002527579 0.999923825 128.574111938
0.999898136 0.006382450 0.012759667 -0.903686941 -0.006434191 0.999971151 0.004018106 -1.829643369 -0.012733653 -0.004099796 0.999910533 129.925399780
0.999896765 0.005759130 0.013163710 -0.894471169 -0.005813557 0.999974608 0.004100052 -1.841905951 -0.013139764 -0.004176157 0.999904990 131.276489258
0.999909461 0.003557624 0.012968509 -0.883903384 -0.003610958 0.999985099 0.004091512 -1.855430126 -0.012953760 -0.004137973 0.999907553 132.631744385
0.999907374 0.002125673 0.013445081 -0.886733055 -0.002192951 0.999985278 0.004991177 -1.876147985 -0.013434271 -0.005020201 0.999897182 133.930679321
0.999915063 0.000569657 0.013023962 -0.879761755 -0.000629624 0.999989271 0.004600809 -1.892216921 -0.013021200 -0.004608618 0.999904692 135.284515381
0.999932706 -0.000938206 0.011560729 -0.868574142 0.000886763 0.999989629 0.004454157 -1.906013370 -0.011564787 -0.004443606 0.999923229 136.613204956
0.999942243 -0.001844498 0.010585237 -0.861078024 0.001787225 0.999983788 0.005417676 -1.921560168 -0.010595056 -0.005398445 0.999929309 137.964950562
0.999949336 -0.004037832 0.009223199 -0.848624110 0.003985797 0.999976099 0.005653210 -1.941845298 -0.009245804 -0.005616162 0.999941468 139.301528931
0.999957979 -0.004467119 0.008010618 -0.850996196 0.004423400 0.999975264 0.005467004 -1.955865860 -0.008034842 -0.005431341 0.999952912 140.625854492
0.999965489 -0.004843853 0.006748388 -0.841821909 0.004810292 0.999976039 0.004980654 -1.974575520 -0.006772352 -0.004948021 0.999964833 141.974517822
0.999972224 -0.004910491 0.005592917 -0.839814186 0.004882880 0.999975801 0.004939724 -1.997434855 -0.005617039 -0.004912277 0.999972165 143.306808472
0.999960601 -0.007535092 0.004683260 -0.841572583 0.007523757 0.999968648 0.002433335 -2.012949467 -0.004701449 -0.002398002 0.999986112 144.641265869
0.999911487 -0.012700208 0.003967433 -0.847199500 0.012692017 0.999917269 0.002082611 -2.032640934 -0.003993555 -0.002032071 0.999989986 146.005706787
0.999799073 -0.019790191 0.003172712 -0.846928239 0.019776566 0.999795377 0.004269784 -2.046360254 -0.003256562 -0.004206181 0.999985874 147.347518921
0.999638796 -0.026807742 0.001867893 -0.843826115 0.026796428 0.999623775 0.005839037 -2.065940142 -0.002023722 -0.005786876 0.999981165 148.703842163
0.999529421 -0.030672420 0.000432930 -0.826437771 0.030671174 0.999526024 0.002641062 -2.084579468 -0.000513733 -0.002626541 0.999996424 150.063171387
0.999569297 -0.029309480 0.001449333 -0.834840238 0.029310653 0.999570012 -0.000796438 -2.104904413 -0.001425367 0.000838576 0.999998629 151.438919067
0.999663413 -0.025810760 0.002584344 -0.845616639 0.025817703 0.999662995 -0.002690822 -2.127698660 -0.002514021 0.002756638 0.999993026 152.780944824
0.999652863 -0.026172338 0.003030567 -0.843046129 0.026179967 0.999654055 -0.002505079 -2.160274744 -0.002963955 0.002583550 0.999992192 154.123840332
0.999565423 -0.029264683 0.003553895 -0.843617022 0.029261356 0.999571383 0.000984583 -2.185026169 -0.003581185 -0.000880163 0.999993145 155.463226318
0.999396503 -0.034451038 0.004447463 -0.842878282 0.034435429 0.999400616 0.003539218 -2.202824116 -0.004566727 -0.003383931 0.999983847 156.811569214
0.999271512 -0.037917718 0.004337117 -0.834442914 0.037895318 0.999268532 0.005135238 -2.219749212 -0.004528662 -0.004967140 0.999977350 158.151702881
0.999197483 -0.039835274 0.004192862 -0.821687996 0.039814442 0.999194860 0.004941239 -2.240450382 -0.004386322 -0.004770337 0.999978960 159.508666992
0.999254704 -0.038271707 0.005041811 -0.823339105 0.038242802 0.999252141 0.005710194 -2.256703854 -0.005256580 -0.005513125 0.999971032 160.845825195
0.999388456 -0.034407280 0.006244827 -0.820358157 0.034376264 0.999396443 0.005007538 -2.278043032 -0.006413354 -0.004789802 0.999967992 162.211212158
0.999507248 -0.030387528 0.007855115 -0.849213839 0.030366743 0.999535024 0.002751731 -2.292027235 -0.007935080 -0.002511841 0.999965310 163.554000854
0.999581397 -0.027638914 0.008544586 -0.842518628 0.027620111 0.999615788 0.002310777 -2.310805321 -0.008605170 -0.002073807 0.999960780 164.907730103
0.999627531 -0.025746293 0.009054559 -0.846311033 0.025713848 0.999662578 0.003681373 -2.334981441 -0.009146286 -0.003447174 0.999952257 166.245986938
0.999675035 -0.023958642 0.008702838 -0.839650333 0.023927690 0.999707043 0.003643391 -2.358420134 -0.008787580 -0.003433968 0.999955475 167.614974976
0.999732792 -0.021531798 0.008413358 -0.828508675 0.021526201 0.999768019 0.000754906 -2.371098995 -0.008427659 -0.000573596 0.999964237 168.963973999
0.999816537 -0.017484253 0.007827256 -0.826666236 0.017501511 0.999844611 -0.002141718 -2.391128540 -0.007788592 0.002278314 0.999966979 170.323699951
0.999882638 -0.013160075 0.007845544 -0.829275429 0.013185637 0.999908030 -0.003215347 -2.414405584 -0.007802509 0.003318418 0.999963999 171.694747925
0.999931276 -0.008282850 0.008292657 -0.832795918 0.008298645 0.999963760 -0.001871907 -2.444042444 -0.008276852 0.001940597 0.999963880 173.056503296
0.999947369 -0.005133811 0.008879776 -0.833721101 0.005135157 0.999986827 -0.000128852 -2.463339806 -0.008878998 0.000174444 0.999960542 174.416885376
0.999951601 -0.003856799 0.009048241 -0.838011026 0.003836277 0.999989986 0.002284282 -2.486334324 -0.009056961 -0.002249460 0.999956489 175.796051025
0.999939382 -0.007480941 0.008077106 -0.832025290 0.007456425 0.999967515 0.003061078 -2.504931450 -0.008099741 -0.003000665 0.999962687 177.160980225
0.999938786 -0.008989354 0.006434324 -0.823361754 0.008973068 0.999956489 0.002555473 -2.512743950 -0.006457013 -0.002497581 0.999976099 178.556121826
0.999938965 -0.010081683 0.004525857 -0.819364429 0.010086423 0.999948621 -0.001025888 -2.545512676 -0.004515280 0.001071475 0.999989152 179.949539185
0.999962270 -0.008179659 0.002909489 -0.816608965 0.008196347 0.999949753 -0.005771525 -2.564738750 -0.002862132 0.005795156 0.999979138 181.357666016
0.999990463 -0.003638134 0.002401050 -0.829083264 0.003651913 0.999976754 -0.005759750 -2.599681377 -0.002380039 0.005768465 0.999980509 182.762298584
0.999997079 0.000295187 0.002394861 -0.842196763 -0.000283130 0.999987423 -0.005033440 -2.626052856 -0.002396316 0.005032748 0.999984443 184.159851074
0.999993742 0.002244091 0.002724598 -0.856368661 -0.002239646 0.999996305 -0.001633331 -2.650558949 -0.002728253 0.001627219 0.999994934 185.553680420
0.999991894 0.002868586 0.002798091 -0.853673816 -0.002870063 0.999995708 0.000524048 -2.675304651 -0.002796575 -0.000532075 0.999995947 186.957229614
0.999993265 0.002263272 0.002885599 -0.857393801 -0.002267390 0.999996364 0.001424522 -2.693343878 -0.002882364 -0.001431055 0.999994814 188.367691040
0.999996662 0.000418736 0.002552835 -0.855106413 -0.000422790 0.999998689 0.001587787 -2.703391075 -0.002552167 -0.001588861 0.999995470 189.821258545
0.999994099 -0.001854069 0.002898662 -0.856390238 0.001847012 0.999995470 0.002435320 -2.732478380 -0.002903163 -0.002429952 0.999992847 191.254653931
0.999983728 -0.004781546 0.003113598 -0.855124116 0.004774595 0.999986112 0.002235950 -2.744157076 -0.003124246 -0.002221048 0.999992609 192.688201904
0.999965608 -0.007572997 0.003359607 -0.854352236 0.007561381 0.999965370 0.003457046 -2.769783974 -0.003385671 -0.003431523 0.999988317 194.102249146
0.999923348 -0.011612213 0.004311482 -0.861066341 0.011591687 0.999921501 0.004755748 -2.783941507 -0.004366368 -0.004705405 0.999979436 195.527847290
0.999881804 -0.014808652 0.004157426 -0.841033399 0.014788202 0.999878585 0.004907592 -2.806131601 -0.004229597 -0.004845532 0.999979317 196.969726562
0.999909520 -0.012693708 0.004451940 -0.838933766 0.012691402 0.999919295 0.000546000 -2.824353218 -0.004458512 -0.000489450 0.999989867 198.407989502
0.999976695 -0.004973314 0.004675040 -0.848527789 0.004994357 0.999977410 -0.004500621 -2.843428373 -0.004652551 0.004523865 0.999978960 199.816101074
0.999971509 0.003860739 0.006489285 -0.861866236 -0.003830854 0.999981999 -0.004611554 -2.872148514 -0.006506972 0.004586563 0.999968290 201.257202148
0.999907851 0.011467554 0.007264451 -0.873232901 -0.011460143 0.999933779 -0.001060942 -2.894247532 -0.007276135 0.000977593 0.999972999 202.692535400
0.999893606 0.012098972 0.008161344 -0.875018895 -0.012110777 0.999925613 0.001398755 -2.925172806 -0.008143813 -0.001497446 0.999965668 204.122421265
0.999910474 0.010855251 0.007829098 -0.873583078 -0.010869404 0.999939322 0.001767386 -2.939942360 -0.007809436 -0.001852326 0.999967813 205.555923462
0.999953210 0.006745730 0.006935400 -0.866692722 -0.006760280 0.999974966 0.002076767 -2.968571186 -0.006921218 -0.002123555 0.999973774 207.015716553
0.999970198 0.005151595 0.005750988 -0.870279729 -0.005158365 0.999985993 0.001162967 -2.984392166 -0.005744916 -0.001192598 0.999982774 208.450378418
0.999970317 0.005447249 0.005447611 -0.869109571 -0.005451922 0.999984741 0.000843251 -3.005617619 -0.005442935 -0.000872926 0.999984801 209.921539307
0.999959767 0.007098010 0.005482679 -0.876423657 -0.007102647 0.999974489 0.000826553 -3.025809526 -0.005476672 -0.000865461 0.999984562 211.371688843
0.999959409 0.007531790 0.004933879 -0.869150400 -0.007541221 0.999969780 0.001895712 -3.053926945 -0.004919452 -0.001932843 0.999986053 212.846908569
0.999959290 0.007608760 0.004850780 -0.875150263 -0.007614057 0.999970436 0.001074382 -3.070349932 -0.004842462 -0.001111272 0.999987721 214.313659668
0.999967277 0.006632823 0.004632657 -0.877463281 -0.006635623 0.999977946 0.000589229 -3.100864172 -0.004628647 -0.000619950 0.999989033 215.768508911
0.999969363 0.006266374 0.004691870 -0.883140922 -0.006267107 0.999980390 0.000141752 -3.119510412 -0.004690889 -0.000171152 0.999988973 217.222412109
0.999971449 0.006308705 0.004161433 -0.879665494 -0.006309843 0.999980032 0.000260408 -3.149983168 -0.004159709 -0.000286658 0.999991298 218.684524536
0.999967575 0.006955889 0.004060323 -0.885999322 -0.006955756 0.999975801 -0.000046474 -3.171821833 -0.004060548 0.000018230 0.999991775 220.164672852
0.999969244 0.006906000 0.003714072 -0.888264418 -0.006905659 0.999976099 -0.000104417 -3.196765423 -0.003714705 0.000078766 0.999993086 221.652130127
0.999968112 0.007374840 0.003069223 -0.893137038 -0.007373714 0.999972761 -0.000378118 -3.223210812 -0.003071928 0.000355474 0.999995232 223.140380859
0.999965727 0.007739509 0.002975314 -0.898012280 -0.007737491 0.999969780 -0.000689737 -3.240405798 -0.002980563 0.000666692 0.999995351 224.650283813
0.999959171 0.008670368 0.002548268 -0.907981992 -0.008667926 0.999961913 -0.000968046 -3.261552572 -0.002556565 0.000945919 0.999996305 226.126861572
0.999967873 0.007560706 0.002667900 -0.917380214 -0.007558503 0.999971092 -0.000834926 -3.287705898 -0.002674136 0.000814734 0.999996066 227.641372681
0.999975860 0.006448128 0.002584364 -0.926423848 -0.006446180 0.999978900 -0.000761183 -3.311836243 -0.002589217 0.000744505 0.999996364 229.123886108
0.999980688 0.005115583 0.003506713 -0.941367269 -0.005112758 0.999986589 -0.000813750 -3.337340593 -0.003510829 0.000795806 0.999993443 230.641189575
0.999984622 0.003831090 0.004013142 -0.951947331 -0.003831201 0.999992609 0.000019696 -3.355901241 -0.004013037 -0.000035071 0.999991953 232.145095825
0.999983728 0.003913500 0.004145991 -0.955892742 -0.003914302 0.999992311 0.000185043 -3.387694120 -0.004145235 -0.000201269 0.999991417 233.678268433
0.999980092 0.004499549 0.004408520 -0.959863663 -0.004498932 0.999989986 -0.000149924 -3.410323143 -0.004409150 0.000130088 0.999990284 235.192657471
0.999977350 0.004832115 0.004684753 -0.962171972 -0.004829646 0.999988198 -0.000538404 -3.434268236 -0.004687300 0.000515766 0.999988854 236.693893433
0.999967098 0.006153353 0.005284532 -0.967245102 -0.006153825 0.999981105 0.000072951 -3.460926533 -0.005283984 -0.000105469 0.999986112 238.197723389
0.999956846 0.007026463 0.006093379 -0.965130866 -0.007037451 0.999973655 0.001783612 -3.476344109 -0.006080686 -0.001826416 0.999979854 239.736770630
0.999952674 0.007053415 0.006688009 -0.964071333 -0.007069664 0.999972045 0.002409104 -3.497975588 -0.006670829 -0.002456273 0.999974728 241.247848511
0.999947906 0.007118403 0.007315094 -0.958906770 -0.007125243 0.999974191 0.000909557 -3.521392584 -0.007308430 -0.000961631 0.999972820 242.748397827
0.999942422 0.007282178 0.007882844 -0.952717900 -0.007278826 0.999973416 -0.000453840 -3.545055389 -0.007885939 0.000396435 0.999968767 244.257492065
0.999939203 0.007450860 0.008129830 -0.945602357 -0.007452499 0.999972165 0.000171341 -3.569299221 -0.008128328 -0.000231919 0.999966919 245.789993286
0.999944746 0.007127871 0.007729704 -0.931478322 -0.007136961 0.999973893 0.001148892 -3.593892813 -0.007721312 -0.001203995 0.999969482 247.322845459
0.999936938 0.007695302 0.008192084 -0.939014852 -0.007707744 0.999969184 0.001488324 -3.618280888 -0.008180381 -0.001551372 0.999965250 248.855087280
0.999937296 0.007880414 0.007959277 -0.930235147 -0.007893432 0.999967575 0.001605480 -3.640929222 -0.007946367 -0.001668205 0.999967039 250.388916016
0.999921083 0.009598223 0.008115586 -0.924998403 -0.009613284 0.999952137 0.001818446 -3.661804676 -0.008097744 -0.001896319 0.999965429 251.931503296
0.999903858 0.011027456 0.008421435 -0.927958667 -0.011042786 0.999937415 0.001775865 -3.688004494 -0.008401326 -0.001868690 0.999962986 253.461883545
0.999901831 0.011499183 0.008008834 -0.914209008 -0.011511905 0.999932647 0.001544122 -3.701230526 -0.007990537 -0.001636167 0.999966741 255.012313843
0.999913454 0.009905351 0.008657892 -0.921078622 -0.009924895 0.999948204 0.002217154 -3.728694916 -0.008635485 -0.002302890 0.999960065 256.595092773
0.999929845 0.008489920 0.008254572 -0.906735182 -0.008512964 0.999959886 0.002760602 -3.747938156 -0.008230804 -0.002830679 0.999962091 258.117462158
0.999946296 0.006043607 0.008423206 -0.907861948 -0.006070344 0.999976575 0.003152126 -3.763705254 -0.008403960 -0.003203089 0.999959528 259.633789062
0.999950707 0.004595091 0.008802420 -0.920218587 -0.004616312 0.999986410 0.002391955 -3.778550863 -0.008791311 -0.002432472 0.999958396 261.162017822
0.999958277 0.003599753 0.008399611 -0.910450220 -0.003613105 0.999992251 0.001574979 -3.801034927 -0.008393878 -0.001605262 0.999963462 262.718017578
0.999956131 0.002065118 0.009135992 -0.905948639 -0.002091542 0.999993682 0.002883708 -3.819471598 -0.009129981 -0.002902690 0.999954104 264.274627686
0.999954998 -0.000121340 0.009490418 -0.897018671 0.000075339 0.999988258 0.004847360 -3.842108727 -0.009490894 -0.004846426 0.999943256 265.818450928
0.999952972 -0.000365379 0.009689535 -0.883015215 0.000328851 0.999992847 0.003771076 -3.856343031 -0.009690844 -0.003767711 0.999945879 267.394378662
0.999950647 -0.000519035 0.009915311 -0.868544519 0.000493626 0.999996603 0.002564881 -3.871548653 -0.009916607 -0.002559861 0.999947548 268.942443848
0.999947906 -0.000227200 0.010203147 -0.858295500 0.000201036 0.999996662 0.002565241 -3.902412653 -0.010203696 -0.002563057 0.999944627 270.466674805
0.999934673 0.001291832 0.011354919 -0.858345807 -0.001326134 0.999994576 0.003013905 -3.930780649 -0.011350963 -0.003028767 0.999930978 271.982696533
0.999922752 0.003339891 0.011974714 -0.852065563 -0.003363812 0.999992371 0.001978070 -3.944498777 -0.011968016 -0.002018198 0.999926269 273.514007568
0.999904454 0.004366498 0.013116049 -0.841303587 -0.004395656 0.999987960 0.002195011 -3.972675323 -0.013106306 -0.002252455 0.999911487 275.064239502
0.999893129 0.004815653 0.013800111 -0.833480537 -0.004837205 0.999987125 0.001528752 -3.996232510 -0.013792572 -0.001595343 0.999903619 276.572082520
0.999884784 0.005457715 0.014164631 -0.820467770 -0.005465116 0.999984920 0.000483895 -4.021713257 -0.014161776 -0.000561250 0.999899507 278.124267578
0.999870062 0.004192997 0.015562704 -0.801576734 -0.004202891 0.999991000 0.000603066 -4.049548626 -0.015560036 -0.000668396 0.999878705 279.664306641
0.999860525 0.003722325 0.016281266 -0.777300298 -0.003736050 0.999992669 0.000812623 -4.073721886 -0.016278122 -0.000873338 0.999867141 281.226959229
0.999860644 0.002899732 0.016439486 -0.751045585 -0.002920999 0.999994934 0.001269771 -4.088568687 -0.016435720 -0.001317613 0.999864101 282.808044434
0.999853253 0.002204078 0.016988544 -0.730525076 -0.002235636 0.999995768 0.001838853 -4.122233391 -0.016984418 -0.001876563 0.999853969 284.330139160
0.999859929 0.001963895 0.016619595 -0.697912097 -0.001958944 0.999998033 -0.000314144 -4.155303955 -0.016620180 0.000281544 0.999861836 285.891479492
0.999857605 0.001023972 0.016843466 -0.686107516 -0.000978991 0.999995947 -0.002678544 -4.176923275 -0.016846143 0.002661673 0.999854505 287.472900391
0.999879479 0.000143819 0.015525997 -0.655107141 -0.000102109 0.999996364 -0.002687224 -4.206400394 -0.015526326 0.002685314 0.999875784 289.042846680
0.999892473 -0.000928700 0.014633033 -0.639115453 0.000968668 0.999995947 -0.002724458 -4.234267235 -0.014630442 0.002738340 0.999889195 290.598602295
0.999908507 -0.000844407 0.013501871 -0.628720224 0.000890647 0.999993742 -0.003419052 -4.262493134 -0.013498900 0.003430765 0.999903023 292.146453857
0.999911904 -0.000619786 0.013257454 -0.621148825 0.000671438 0.999992132 -0.003891956 -4.288560390 -0.013254938 0.003900515 0.999904454 293.727539062
0.999923825 -0.000832873 0.012308520 -0.599928617 0.000873086 0.999994278 -0.003262012 -4.322312355 -0.012305734 0.003272511 0.999918938 295.297698975
0.999934435 -0.000851880 0.011414638 -0.592720628 0.000889204 0.999994218 -0.003265193 -4.354162216 -0.011411791 0.003275130 0.999929488 296.868682861
0.999947190 -0.001353332 0.010180059 -0.579800606 0.001370842 0.999997735 -0.001713260 -4.385974407 -0.010177715 0.001727125 0.999946713 298.427856445
0.999955475 -0.000029931 0.009435042 -0.570428491 0.000034081 0.999999881 -0.000439632 -4.411609650 -0.009435028 0.000439934 0.999955416 300.001464844
0.999946892 0.000144420 0.010303075 -0.566513598 -0.000139397 0.999999821 -0.000488250 -4.430921078 -0.010303142 0.000486788 0.999946773 301.591827393
0.999936938 -0.000124292 0.011225201 -0.552005708 0.000128465 0.999999940 -0.000371071 -4.460552216 -0.011225154 0.000372490 0.999936938 303.191680908
0.999933362 -0.000694736 0.011524965 -0.546608865 0.000708015 0.999999106 -0.001148150 -4.476624012 -0.011524159 0.001156234 0.999932945 304.758880615
0.999926984 -0.002432829 0.011835766 -0.532092750 0.002454006 0.999995410 -0.001775038 -4.509981632 -0.011831393 0.001803954 0.999928355 306.347534180
0.999919713 -0.003900991 0.012056924 -0.512316167 0.003947957 0.999984801 -0.003874017 -4.533622742 -0.012041627 0.003921307 0.999919772 307.959503174
0.999921560 -0.004281889 0.011782214 -0.500923812 0.004338583 0.999979079 -0.004790404 -4.565232754 -0.011761458 0.004841145 0.999919116 309.549255371
0.999945700 -0.003536541 0.009808738 -0.498508722 0.003595078 0.999975741 -0.005956705 -4.595380306 -0.009787435 0.005991645 0.999934077 311.161529541
0.999967933 -0.002100853 0.007730601 -0.489020228 0.002141665 0.999983788 -0.005274755 -4.623127937 -0.007719394 0.005291143 0.999956131 312.783447266
0.999972522 -0.000859435 0.007376862 -0.486291885 0.000874299 0.999997616 -0.002011956 -4.652165890 -0.007375115 0.002018350 0.999970794 314.419403076
0.999965549 -0.002371095 0.007954504 -0.471945852 0.002364813 0.999996901 0.000799036 -4.678310871 -0.007956375 -0.000780198 0.999968052 316.056335449
0.999965370 -0.003262117 0.007656401 -0.458574861 0.003249826 0.999993384 0.001617192 -4.701869965 -0.007661627 -0.001592254 0.999969423 317.684722900
0.999954939 -0.004101974 0.008555979 -0.466653615 0.004099944 0.999991655 0.000254732 -4.722522736 -0.008556954 -0.000219641 0.999963343 319.300018311
0.999946177 -0.005821696 0.008593507 -0.458231479 0.005816864 0.999982953 0.000587142 -4.750150681 -0.008596779 -0.000537123 0.999962926 320.920684814
0.999939620 -0.005174701 0.009691201 -0.478768885 0.005167467 0.999986291 0.000771400 -4.773359776 -0.009695061 -0.000721274 0.999952734 322.519134521
0.999933243 -0.005030837 0.010413293 -0.470472455 0.005024039 0.999987125 0.000678970 -4.799436092 -0.010416574 -0.000626608 0.999945521 324.139404297
0.999935985 -0.004230985 0.010498730 -0.462005079 0.004233551 0.999991000 -0.000222131 -4.825263023 -0.010497697 0.000266564 0.999944806 325.753295898
0.999932528 -0.002438674 0.011357661 -0.450751841 0.002452140 0.999996305 -0.001171780 -4.855725288 -0.011354761 0.001199552 0.999934793 327.377075195
0.999925017 -0.003927680 0.011599980 -0.431940556 0.003918300 0.999991953 0.000831284 -4.883778572 -0.011603152 -0.000785769 0.999932349 329.018554688
0.999916792 -0.005162807 0.011819556 -0.419714570 0.005138528 0.999984562 0.002083529 -4.920784950 -0.011830132 -0.002022621 0.999927998 330.592163086
0.999916792 -0.006054229 0.011385398 -0.397362173 0.006048611 0.999981582 0.000527849 -4.941871166 -0.011388385 -0.000458940 0.999934971 332.229339600
0.999927998 -0.004973548 0.010919116 -0.376641929 0.004967525 0.999987543 0.000578644 -4.967200279 -0.010921856 -0.000524361 0.999940157 333.865844727
0.999931455 -0.002853824 0.011355743 -0.393192291 0.002869454 0.999994874 -0.001360313 -5.000979900 -0.011351803 0.001392804 0.999934614 335.445892334
0.999946892 -0.001339747 0.010214867 -0.378011465 0.001384063 0.999989629 -0.004332527 -5.030060768 -0.010208956 0.004346436 0.999938369 337.073883057
0.999953210 0.000168764 0.009669855 -0.380561113 -0.000132712 0.999993026 -0.003728742 -5.067622185 -0.009670417 0.003727284 0.999946237 338.672821045
0.999964774 0.001211303 0.008311066 -0.378526032 -0.001208758 0.999999285 -0.000311244 -5.099988461 -0.008311437 0.000301187 0.999965370 340.244384766
0.999967515 0.001951779 0.007819010 -0.376392454 -0.001974322 0.999993861 0.002876469 -5.130668640 -0.007813348 -0.002891813 0.999965310 341.861480713
0.999976277 0.002579113 0.006391467 -0.375026286 -0.002588250 0.999995589 0.001421681 -5.152318001 -0.006387773 -0.001438190 0.999978542 343.459442139
0.999985456 0.002272655 0.004905510 -0.377104640 -0.002269695 0.999997258 -0.000608967 -5.174953461 -0.004906880 0.000597824 0.999987721 345.044830322
0.999998093 0.000598506 0.001853607 -0.350761235 -0.000600501 0.999999225 0.001075981 -5.205104828 -0.001852962 -0.001077092 0.999997675 346.620819092
0.999999464 -0.000849478 0.000664674 -0.352782577 0.000848432 0.999998391 0.001572081 -5.233186245 -0.000666008 -0.001571516 0.999998510 348.209045410
0.999998927 -0.001401657 0.000241508 -0.365643471 0.001401423 0.999998510 0.000965307 -5.259996414 -0.000242861 -0.000964967 0.999999523 349.788391113
0.999997735 -0.002183185 0.000135600 -0.369818300 0.002183194 0.999997616 -0.000069785 -5.283735275 -0.000135447 0.000070081 0.999999940 351.396728516
0.999997139 -0.002369136 0.000126906 -0.373209417 0.002369181 0.999997079 -0.000350547 -5.309452057 -0.000126075 0.000350846 0.999999940 352.978729248
0.999995470 -0.002998419 0.000179796 -0.381126702 0.002998531 0.999995232 -0.000626919 -5.334731579 -0.000177915 0.000627455 0.999999762 354.580413818
0.999994636 -0.003271638 -0.000082254 -0.385227323 0.003271545 0.999993980 -0.001114314 -5.368740082 0.000085899 0.001114039 0.999999344 356.163574219
0.999992251 -0.003889261 -0.000481317 -0.390901059 0.003888333 0.999990582 -0.001913765 -5.393996716 0.000488756 0.001911879 0.999997973 357.767578125
0.999990046 -0.004410521 -0.000664780 -0.394388288 0.004409443 0.999988973 -0.001613918 -5.424447060 0.000671891 0.001610970 0.999998450 359.356353760
0.999991179 -0.004158212 -0.000634560 -0.400520533 0.004156736 0.999988675 -0.002310887 -5.454639912 0.000644162 0.002308229 0.999997079 360.947082520
0.999982476 -0.005904871 -0.000481240 -0.408963948 0.005903090 0.999975979 -0.003621433 -5.485824585 0.000502613 0.003618528 0.999993265 362.533966064
0.999973357 -0.007291115 -0.000344092 -0.418632090 0.007290497 0.999971807 -0.001763183 -5.515483379 0.000356938 0.001760628 0.999998391 364.127380371
0.999957740 -0.009170843 -0.000664190 -0.414532840 0.009170348 0.999957681 -0.000744744 -5.547621250 0.000670992 0.000738622 0.999999464 365.721160889
0.999960780 -0.008849646 0.000297839 -0.436850250 0.008850314 0.999958098 -0.002318228 -5.567695618 -0.000277311 0.002320773 0.999997258 367.298217773
0.999968946 -0.007844087 0.000743046 -0.448628634 0.007846383 0.999964178 -0.003139358 -5.591749668 -0.000718394 0.003145090 0.999994814 368.915069580
0.999976397 -0.006772093 0.001175593 -0.456187248 0.006774323 0.999975383 -0.001903680 -5.636047363 -0.001162672 0.001911599 0.999997497 370.519653320
0.999986827 -0.004902864 0.001565668 -0.461517692 0.004904466 0.999987483 -0.001021373 -5.661285877 -0.001560641 0.001029039 0.999998212 372.128723145
0.999984920 -0.005231185 0.001643665 -0.465935767 0.005233401 0.999985397 -0.001347443 -5.691541672 -0.001636592 0.001356024 0.999997735 373.730133057
0.999986291 -0.004839745 0.002013053 -0.483619809 0.004844857 0.999985039 -0.002542412 -5.712266922 -0.002000718 0.002552130 0.999994755 375.322021484
0.999987185 -0.004430722 0.002442093 -0.491773933 0.004437061 0.999986768 -0.002595969 -5.748172283 -0.002430559 0.002606771 0.999993622 376.927032471
0.999987125 -0.004373996 0.002564067 -0.483011097 0.004379846 0.999987841 -0.002280521 -5.783872604 -0.002554061 0.002291722 0.999994099 378.551879883
0.999991953 -0.002726961 0.002912794 -0.492502153 0.002734256 0.999993145 -0.002503561 -5.806364059 -0.002905947 0.002511506 0.999992609 380.171997070
0.999994159 -0.001055040 0.003262330 -0.494231999 0.001061923 0.999997258 -0.002108827 -5.834043503 -0.003260096 0.002112278 0.999992430 381.775512695
0.999991298 0.000641270 0.004124492 -0.515146077 -0.000629480 0.999995708 -0.002859237 -5.863572121 -0.004126308 0.002856615 0.999987423 383.410034180
