1.000000000 0.000000000 0.000000000 0.000000000 0.000000000 1.000000000 0.000000000 0.000000000 0.000000000 0.000000000 1.000000000 0.000000000
0.999979198 0.000361437 -0.006440197 -0.008265430 -0.000359065 0.999999881 0.000369527 -0.001421924 0.006440329 -0.000367207 0.999979198 0.091326125
0.999907136 0.000929497 -0.013597372 -0.015852001 -0.000927921 0.999999583 0.000122201 -0.001471773 0.013597480 -0.000109572 0.999907553 0.187664062
0.999772668 0.001371692 -0.021277316 -0.025971740 -0.001384548 0.999998868 -0.000589516 -0.001825852 0.021276483 0.000618842 0.999773443 0.285549939
0.999542058 0.001751404 -0.030209992 -0.043087106 -0.001811903 0.999996424 -0.001975355 -0.002105220 0.030206423 0.002029188 0.999541640 0.389312655
0.999126911 0.001973967 -0.041731715 -0.059344836 -0.002118045 0.999991953 -0.003408554 -0.005441715 0.041724652 0.003493967 0.999123037 0.501339614
0.998464048 0.001534112 -0.055382527 -0.079104736 -0.001751199 0.999991000 -0.003871460 -0.010920575 0.055376086 0.003962500 0.998457730 0.624677360
0.997425377 0.001785695 -0.071689472 -0.108114809 -0.002111042 0.999987841 -0.004462774 -0.004130999 0.071680628 0.004602624 0.997417033 0.760044038
0.995903373 0.000337141 -0.090423457 -0.134797633 -0.000723486 0.999990761 -0.004239884 -0.008143019 0.090421192 0.004287935 0.995894372 0.915948033
0.993912160 -0.000688685 -0.110173255 -0.175847128 0.000205809 0.999990344 -0.004394192 -0.012119425 0.110175215 0.004344766 0.993902683 1.074965477
0.991236389 -0.000790667 -0.132097483 -0.217796877 0.000159190 0.999988496 -0.004790876 -0.012949846 0.132099777 0.004727862 0.991225123 1.221379161
0.987725735 0.002643497 -0.156175897 -0.273436457 -0.003636786 0.999974906 -0.006074659 -0.018519387 0.156155929 0.006568075 0.987710595 1.389829159
0.983345687 0.007062272 -0.181607977 -0.340815634 -0.008550733 0.999935925 -0.007414354 -0.025798034 0.181543976 0.008843754 0.983343124 1.565855742
0.977961063 0.009829167 -0.208555892 -0.414000869 -0.011886179 0.999892294 -0.008612143 -0.027721450 0.208448783 0.010901273 0.977972567 1.745499372
0.971288681 0.010662160 -0.237664804 -0.490849227 -0.013139272 0.999874651 -0.008841042 -0.029792480 0.237540737 0.011709948 0.971306980 1.928111553
0.963243008 0.012614409 -0.268335104 -0.582011044 -0.015421623 0.999846160 -0.008356349 -0.033715062 0.268188387 0.012187357 0.963289440 2.124027252
0.953761697 0.014763914 -0.300201029 -0.676442862 -0.017808069 0.999814034 -0.007406653 -0.035019532 0.300035834 0.012410182 0.953847229 2.314985752
0.942469358 0.016682314 -0.333876073 -0.756287754 -0.019873342 0.999783635 -0.006143931 -0.040292557 0.333701342 0.012425700 0.942596972 2.474647045
0.930059493 0.019632187 -0.366884053 -0.857496142 -0.023189045 0.999717116 -0.005289296 -0.047681261 0.366676420 0.013427050 0.930251658 2.638557434
0.916062772 0.021587832 -0.400453329 -0.973585427 -0.025807934 0.999653697 -0.005147498 -0.041153383 0.400203466 0.015050303 0.916302741 2.825096846
0.900079548 0.022638785 -0.435137093 -1.090379357 -0.027073877 0.999625444 -0.003994917 -0.046303000 0.434883684 0.015376593 0.900355339 2.997431278
0.881524146 0.018417405 -0.471779764 -1.218403697 -0.023292536 0.999718666 -0.004495128 -0.047472190 0.471564204 0.014951511 0.881704986 3.184732437
0.860226810 0.012976590 -0.509746492 -1.352990866 -0.018117722 0.999822676 -0.005122271 -0.048767265 0.509589612 0.013641759 0.860309422 3.361940384
0.835360110 0.014783903 -0.549504161 -1.508165479 -0.018800352 0.999821842 -0.001681151 -0.056012720 0.549381375 0.011735238 0.835489333 3.527415276
0.806405067 0.021115560 -0.590986431 -1.692169905 -0.024211936 0.999703288 0.002681392 -0.066464804 0.590867579 0.012146636 0.806677043 3.693113089
0.773972332 0.024102980 -0.632760465 -1.899434209 -0.027450653 0.999613106 0.004500289 -0.066964388 0.632624090 0.013886589 0.774334490 3.876858950
0.738071918 0.023403499 -0.674316049 -2.120038986 -0.026759038 0.999627292 0.005405006 -0.069092363 0.674191296 0.014054768 0.738423049 4.053976059
0.698318362 0.018326692 -0.715552628 -2.333462715 -0.020138249 0.999779403 0.005953081 -0.062573783 0.715503991 0.010252831 0.698533475 4.219078541
0.656201720 0.015527643 -0.754425704 -2.570092440 -0.015806226 0.999851644 0.006830716 -0.063349076 0.754419982 0.007442296 0.656349897 4.361647606
0.612283587 0.014796049 -0.790499747 -2.845804453 -0.012861035 0.999879062 0.008753521 -0.061668437 0.790533543 0.004807007 0.612399817 4.516522408
0.563052535 0.016522316 -0.826255918 -3.128253460 -0.011306740 0.999860525 0.012288839 -0.063618802 0.826343775 0.002422998 0.563160837 4.677908897
0.511405170 0.017059546 -0.859170437 -3.423038244 -0.009656858 0.999853969 0.014104872 -0.057134893 0.859285474 0.001083581 0.511495173 4.811430454
0.459616840 0.018668564 -0.887920976 -3.738578796 -0.008994730 0.999825597 0.016365398 -0.053537369 0.888071775 0.000464797 0.459704697 4.905075073
0.405032963 0.021362377 -0.914052427 -4.065179348 -0.008104749 0.999771595 0.019774366 -0.053061981 0.914266169 -0.000601106 0.405113667 4.997786045
0.349862874 0.023543406 -0.936504960 -4.412277699 -0.008314041 0.999722898 0.022026690 -0.044967692 0.936764061 0.000079821 0.349961579 5.076889992
0.294898003 0.027795993 -0.955124319 -4.793880463 -0.005718657 0.999610245 0.027324965 -0.050856993 0.955511689 -0.002596048 0.294942021 5.149431229
0.241883233 0.029175514 -0.969866633 -5.126904011 -0.002173497 0.999561608 0.029526733 -0.045997493 0.970302939 -0.005034021 0.241840661 5.188116550
0.189706013 0.028101161 -0.981438696 -5.540504456 0.001929753 0.999577761 0.028993541 -0.033105385 0.981839061 -0.007394182 0.189571649 5.252892494
0.141687661 0.028981173 -0.989487052 -5.950603008 -0.000113534 0.999571860 0.029260291 -0.024180973 0.989911437 -0.004033481 0.141630262 5.273375988
0.099719092 0.029102832 -0.994589925 -6.374711037 -0.002574753 0.999576449 0.028990593 -0.010311634 0.995012343 -0.000330092 0.099751785 5.272340775
0.061119877 0.028157530 -0.997733235 -6.819131374 -0.003292934 0.999602258 0.028008558 -0.003171322 0.998125017 0.001573591 0.061188269 5.272810459
0.026484901 0.025043629 -0.999335408 -7.289640427 -0.002508617 0.999684632 0.024985895 0.008276107 0.999646127 0.001845201 0.026539352 5.264718056
-0.004243375 0.022419287 -0.999739647 -7.733298302 -0.001057607 0.999747932 0.022423964 0.011292946 0.999990463 0.001152485 -0.004218595 5.234542847
-0.031010600 0.020716807 -0.999304295 -8.216382027 -0.001511158 0.999783039 0.020773627 0.017536325 0.999517977 0.002154309 -0.030972565 5.198679924
-0.051499438 0.018152768 -0.998508036 -8.722484589 -0.002252723 0.999830127 0.018292991 0.028689738 0.998670518 0.003191441 -0.051449794 5.151076317
-0.067748338 0.017352903 -0.997551501 -9.251729012 -0.001341751 0.999846220 0.017483946 0.040889572 0.997701526 0.002522975 -0.067714639 5.101768494
-0.080685452 0.017312821 -0.996589184 -9.794222832 -0.000503866 0.999848306 0.017410230 0.059552278 0.996739507 0.001906900 -0.080664508 5.044379711
-0.090350702 0.018571036 -0.995736837 -10.348345757 -0.000450884 0.999825239 0.018688200 0.065472484 0.995909989 0.002137454 -0.090326548 4.985367775
-0.097184569 0.019942963 -0.995066524 -10.916272163 -0.002922761 0.999789238 0.020323066 0.064176753 0.995262146 0.004883431 -0.097105809 4.919624329
-0.101552270 0.021013821 -0.994608223 -11.503321648 -0.003384427 0.999763787 0.021468308 0.071602933 0.994824469 0.005546335 -0.101457149 4.856922626
-0.102964252 0.021552790 -0.994451523 -12.112048149 -0.000795406 0.999763131 0.021750264 0.087568827 0.994684756 0.003030492 -0.102922723 4.791586876
-0.101788677 0.023810619 -0.994521022 -12.728937149 0.001137422 0.999715567 0.023818575 0.093345374 0.994805396 0.001293271 -0.101786815 4.726292133
-0.100382201 0.026223131 -0.994603276 -13.359539032 0.000430068 0.999653578 0.026312882 0.101877883 0.994948864 0.002213597 -0.100358710 4.662758350
-0.098525472 0.026092112 -0.994792342 -14.011502266 -0.001983341 0.999649048 0.026415929 0.106195942 0.995132565 0.004575655 -0.098439142 4.588131428
-0.097121365 0.023518020 -0.994994640 -14.677586555 -0.003293680 0.999707758 0.023950912 0.119082421 0.995267093 0.005603339 -0.097015515 4.524112701
-0.095734522 0.023419514 -0.995131314 -15.358051300 -0.003322444 0.999710083 0.023846902 0.134034783 0.995401323 0.005589240 -0.095628954 4.452579975
-0.093825392 0.025863459 -0.995252609 -16.063573837 -0.003939809 0.999644995 0.026349017 0.148199692 0.995580852 0.006393312 -0.093690179 4.379637718
-0.091882624 0.029692948 -0.995327055 -16.766801834 -0.005438749 0.999525368 0.030320272 0.151657999 0.995754957 0.008199239 -0.091677539 4.316296101
-0.090305477 0.031535011 -0.995414793 -17.497695923 -0.005238888 0.999469638 0.032138757 0.166952968 0.995900333 0.008117173 -0.090092391 4.247579098
-0.088297598 0.030909270 -0.995614529 -18.237375259 -0.006931467 0.999475181 0.031643853 0.180069640 0.996070027 0.009695145 -0.088037014 4.171746254
-0.086714454 0.027651297 -0.995849431 -18.991041183 -0.009543380 0.999545753 0.028584935 0.201654211 0.996187508 0.011982497 -0.086411186 4.098222256
-0.085043825 0.027228203 -0.996005118 -19.774662018 -0.010290265 0.999549210 0.028203724 0.215811968 0.996324062 0.012647710 -0.084725298 4.025682449
-0.083640128 0.029663479 -0.996054411 -20.543376923 -0.008461232 0.999499679 0.030476587 0.226919472 0.996460021 0.010976912 -0.083347283 3.972242832
-0.082636774 0.031657364 -0.996076703 -21.333644867 -0.006268583 0.999459147 0.032284915 0.242595360 0.996559978 0.008911910 -0.082393624 3.907965183
-0.081210054 0.033704937 -0.996126890 -22.134088516 -0.005158872 0.999400437 0.034236275 0.253672391 0.996683657 0.007919221 -0.080987476 3.839174986
-0.080371618 0.028997578 -0.996343076 -22.938396454 -0.004781777 0.999554098 0.029476760 0.266762078 0.996753395 0.007133386 -0.080197103 3.766513824
-0.079975799 0.022069219 -0.996552467 -23.738035202 -0.003748396 0.999741197 0.022440651 0.276220649 0.996789694 0.005530183 -0.079872370 3.702051163
-0.080145784 0.017362336 -0.996631861 -24.564977646 -0.000916330 0.999846518 0.017492028 0.289086580 0.996782720 0.002315156 -0.080117591 3.633929014
-0.080878310 0.017972711 -0.996561944 -25.396368027 0.000408562 0.999837875 0.017998634 0.302128553 0.996723831 0.001048542 -0.080872558 3.570255518
-0.080697723 0.025606202 -0.996409655 -26.226278305 0.000096553 0.999670148 0.025682170 0.308042437 0.996738613 0.001976286 -0.080673590 3.492765903
-0.081574254 0.032701284 -0.996130645 -27.086538315 -0.001409755 0.999456704 0.032925922 0.319050908 0.996666193 0.004090208 -0.081483856 3.430220842
-0.081368811 0.037964690 -0.995960712 -27.912832260 -0.003740557 0.999255598 0.038395885 0.331897885 0.996677041 0.006849675 -0.081166238 3.344480276
-0.081692770 0.038592499 -0.995910108 -28.756580353 -0.005643192 0.999216139 0.039183509 0.341717631 0.996641517 0.008821121 -0.081410959 3.267245054
-0.081728756 0.034821957 -0.996046126 -29.597314835 -0.006035995 0.999353826 0.035432868 0.360505074 0.996636331 0.008908014 -0.081465766 3.188131332
-0.081800073 0.032081854 -0.996132255 -30.427318573 -0.005958478 0.999448180 0.032677945 0.379497945 0.996630967 0.008608492 -0.081563786 3.111460924
-0.082746930 0.033421736 -0.996009946 -31.253639221 -0.007448584 0.999388754 0.034153931 0.388883680 0.996542752 0.010244997 -0.082447410 3.055533648
-0.082773380 0.035560768 -0.995933712 -32.096240997 -0.008493405 0.999301612 0.036386926 0.402096212 0.996532202 0.011470736 -0.082413547 2.982854366
-0.082324497 0.034235403 -0.996017337 -32.925685883 -0.009432761 0.999338269 0.035129201 0.412090570 0.996560931 0.012287188 -0.081947096 2.903272629
-0.082316138 0.029119233 -0.996180713 -33.750747681 -0.010055650 0.999497950 0.030047109 0.424734712 0.996555567 0.012490608 -0.081982002 2.836131096
-0.082040653 0.024947748 -0.996316671 -34.582099915 -0.011352447 0.999598384 0.025964726 0.439381480 0.996564388 0.013440795 -0.081724487 2.757408857
-0.081029691 0.025468575 -0.996386230 -35.412807465 -0.011299241 0.999585748 0.026469255 0.447775453 0.996647656 0.013403202 -0.080708370 2.679035187
-0.080484763 0.027869198 -0.996366143 -36.245410919 -0.009871165 0.999537766 0.028755289 0.457351089 0.996706963 0.012149658 -0.080172479 2.609581232
-0.079764292 0.033085339 -0.996264458 -37.093555450 -0.009430128 0.999379218 0.033943783 0.467831701 0.996769190 0.012102404 -0.079402775 2.528614521
-0.079288073 0.038708318 -0.996099889 -37.915561676 -0.009130365 0.999175727 0.039554603 0.482884496 0.996809959 0.012230965 -0.078869298 2.468638420
-0.079443388 0.041768596 -0.995963931 -38.766807556 -0.010036348 0.999037564 0.042698048 0.499190807 0.996788859 0.013387918 -0.078947715 2.391820431
-0.079116262 0.041739620 -0.995991170 -39.599925995 -0.009237862 0.999049485 0.042601585 0.520716131 0.996822536 0.012571309 -0.078655474 2.321310997
-0.078976661 0.037120491 -0.996185124 -40.423019409 -0.009424077 0.999234021 0.037981238 0.543627143 0.996831894 0.012387756 -0.078566343 2.252057314
-0.078548595 0.032764424 -0.996371746 -41.240715027 -0.010105358 0.999382198 0.033660073 0.559663415 0.996859074 0.012712643 -0.078168973 2.183569431
-0.078290775 0.030096587 -0.996476173 -42.058113098 -0.015100768 0.999393761 0.031371132 0.567804456 0.996816218 0.017503625 -0.077788822 2.102927208
-0.078426316 0.027890973 -0.996529698 -42.887916565 -0.017954370 0.999406874 0.029384498 0.588894665 0.996758223 0.020196581 -0.077879034 2.017580748
-0.079562582 0.026267219 -0.996483743 -43.702049255 -0.015839418 0.999493241 0.027611224 0.589578807 0.996704042 0.017980544 -0.079106204 1.955343485
-0.080519602 0.022509323 -0.996498883 -44.532451630 -0.012245758 0.999647260 0.023569927 0.600108504 0.996677816 0.014100729 -0.080215551 1.886713624
-0.080874398 0.020921569 -0.996504724 -45.357521057 -0.008201451 0.999731898 0.021654937 0.608977079 0.996690571 0.009924114 -0.080681123 1.810074091
-0.083551623 0.024717577 -0.996196926 -46.182178497 -0.007876105 0.999644816 0.025463698 0.611767828 0.996472299 0.009973685 -0.083327264 1.746961951
-0.085190088 0.031127000 -0.995878458 -47.005729675 -0.005566508 0.999481440 0.031715792 0.615029216 0.996349216 0.008245438 -0.084972642 1.668298841
-0.086553507 0.034969978 -0.995633304 -47.803363800 -0.003824662 0.999364734 0.035433531 0.624121606 0.996239841 0.006874857 -0.086364776 1.589683533
-0.088033751 0.034354530 -0.995524883 -48.604579926 -0.004012426 0.999384701 0.034842543 0.626734495 0.996109366 0.007061790 -0.087841749 1.517375946
-0.088971578 0.030123098 -0.995578468 -49.402980804 -0.007423857 0.999494672 0.030905034 0.640052557 0.996006548 0.010140701 -0.088702999 1.434513092
-0.089780793 0.026500208 -0.995608926 -50.192928314 -0.012079356 0.999543428 0.027694212 0.649146974 0.995888233 0.014512724 -0.089419708 1.345158696
-0.091543607 0.025139924 -0.995483696 -50.984329224 -0.016356021 0.999508440 0.026745649 0.657055080 0.995666683 0.018730547 -0.091087416 1.263409853
-0.092488199 0.026677256 -0.995356321 -51.756286621 -0.018152548 0.999429703 0.028473157 0.659434617 0.995548308 0.020701684 -0.091951191 1.187306166
-0.093514450 0.028337395 -0.995214581 -52.544338226 -0.018214837 0.999378979 0.030167507 0.667370021 0.995451272 0.020948770 -0.092940211 1.108625531
-0.094457299 0.027697479 -0.995143473 -53.322254181 -0.019707309 0.999364972 0.029685557 0.676440179 0.995333850 0.022415623 -0.093851484 1.028604388
-0.094936535 0.027458053 -0.995104492 -54.100021362 -0.020532411 0.999352872 0.029534144 0.685470998 0.995271564 0.023235768 -0.094311312 0.947226346
-0.095452257 0.029297734 -0.995002747 -54.865467072 -0.018813359 0.999335170 0.031230096 0.695038438 0.995256186 0.021700326 -0.094837606 0.874272585
-0.095761634 0.031835381 -0.994895041 -55.643169403 -0.017710429 0.999275744 0.033680234 0.709417462 0.995246708 0.020845294 -0.095128462 0.796397865
-0.095914088 0.036449049 -0.994722068 -56.414813995 -0.018083012 0.999100566 0.038353115 0.716181695 0.995225370 0.021666173 -0.095168732 0.715978682
-0.096235044 0.038322981 -0.994620621 -57.172962189 -0.018370686 0.999019921 0.040269956 0.733858526 0.995189130 0.022147244 -0.095436700 0.640087605
-0.097149231 0.038597271 -0.994521141 -57.918247223 -0.018013000 0.999015808 0.040531304 0.739007294 0.995106816 0.021851899 -0.096358374 0.566340029
-0.097526945 0.036800809 -0.994552255 -58.657444000 -0.017052367 0.999107599 0.038641546 0.749695778 0.995086789 0.020728065 -0.096812382 0.494191229
-0.097593948 0.033051390 -0.994677365 -59.389228821 -0.016913814 0.999248862 0.034862820 0.764952719 0.995082557 0.020226190 -0.096961617 0.416216254
-0.097329460 0.030012172 -0.994799614 -60.105041504 -0.017337261 0.999342442 0.031845476 0.777442336 0.995101154 0.020346604 -0.096745141 0.342107177
-0.096194312 0.027669087 -0.994977891 -60.810424805 -0.017621653 0.999409556 0.029495984 0.787663162 0.995206535 0.020370504 -0.095649950 0.272084951
-0.094194874 0.026917543 -0.995189786 -61.502716064 -0.020448990 0.999371290 0.028966138 0.792331040 0.995343685 0.023079095 -0.093585223 0.201531991
-0.089497618 0.027522972 -0.995606720 -62.207489014 -0.020556930 0.999354184 0.029474484 0.803535402 0.995774865 0.023104513 -0.088874027 0.123791061
-0.083804771 0.029582534 -0.996043026 -62.852592468 -0.020312237 0.999300838 0.031388320 0.802606583 0.996275127 0.022862354 -0.083145306 0.075820729
-0.076673068 0.031284738 -0.996565342 -63.502136230 -0.019139765 0.999277294 0.032842435 0.808585346 0.996872544 0.021592155 -0.076018877 0.032453619
-0.067844331 0.032185916 -0.997176588 -64.124343872 -0.020338899 0.999227166 0.033635877 0.816809714 0.997488558 0.022563478 -0.067137271 -0.008500728
-0.055615380 0.033554040 -0.997888267 -64.751266479 -0.022180066 0.999147058 0.034832526 0.829386771 0.998205900 0.024070451 -0.054823712 -0.051017031
-0.040813267 0.034981493 -0.998554289 -65.356224060 -0.025710143 0.999019206 0.036048613 0.838202119 0.998835921 0.027144235 -0.039873865 -0.076734729
-0.022192197 0.036435619 -0.999089599 -65.948005676 -0.027442209 0.998936892 0.037039604 0.843024969 0.999376953 0.028239220 -0.021168737 -0.088198543
-0.000042946 0.037328582 -0.999303043 -66.511917114 -0.027846672 0.998915493 0.037315294 0.851148069 0.999612153 0.027828865 0.000996577 -0.077264987
0.025389925 0.038016289 -0.998954535 -67.056091309 -0.027154442 0.998934209 0.037325341 0.851839781 0.999308765 0.026178367 0.026395166 -0.049693871
0.054537933 0.037552934 -0.997805297 -67.563705444 -0.026172383 0.999002934 0.036167473 0.860819101 0.998168588 0.024142446 0.055466399 0.001408501
0.089486681 0.037481114 -0.995282590 -68.071586609 -0.024897669 0.999063551 0.035384931 0.868305504 0.995676696 0.021613734 0.090336069 0.057871386
0.125880778 0.037452232 -0.991338193 -68.532943726 -0.025358982 0.999082088 0.034524698 0.882370710 0.991721213 0.020793330 0.126715004 0.151247397
0.167330444 0.037359033 -0.985192835 -69.001419067 -0.025148218 0.999118447 0.033615787 0.886116385 0.985580087 0.019150898 0.168122455 0.249661043
0.212149367 0.038083561 -0.976494908 -69.442810059 -0.024077171 0.999140799 0.033735842 0.892142475 0.976940572 0.016354196 0.212884024 0.374672771
0.260669798 0.037166629 -0.964712441 -69.872192383 -0.020755952 0.999243438 0.032888629 0.886364758 0.965204835 0.011450452 0.261244029 0.522039175
0.309274971 0.031917840 -0.950436950 -70.257377625 -0.012951002 0.999485373 0.029350707 0.886161208 0.950884521 0.003231672 0.309529126 0.708533287
0.360308230 0.026605846 -0.932453871 -70.646514893 -0.007484910 0.999643505 0.025630748 0.886423051 0.932803273 -0.002255635 0.360378951 0.905834913
0.412996352 0.022192867 -0.910462260 -71.015823364 -0.002421316 0.999726295 0.023270378 0.886165082 0.910729408 -0.007406065 0.412937075 1.112756252
0.464343637 0.021483066 -0.885394633 -71.408554077 -0.003573279 0.999743104 0.022383599 0.899727046 0.885647953 -0.007229918 0.464301050 1.350930214
0.512270987 0.020159146 -0.858587265 -71.792411804 -0.001909572 0.999748826 0.022334198 0.905510068 0.858821750 -0.009801622 0.512180686 1.617791533
0.557244182 0.014398991 -0.830223799 -72.163085938 0.006684004 0.999739528 0.021825271 0.926252484 0.830321729 -0.017711224 0.557002783 1.913744569
0.601832688 0.009368290 -0.798567235 -72.469657898 0.015779467 0.999596477 0.023618683 0.913995862 0.798466325 -0.026815468 0.601442039 2.192809105
0.644657969 0.003816447 -0.764461517 -72.786170959 0.017713582 0.999644399 0.019928137 0.920408845 0.764265835 -0.026388185 0.644361317 2.503000259
0.685554922 -0.000504629 -0.728020728 -73.077522278 0.014996375 0.999797285 0.013428622 0.916349888 0.727866352 -0.020123731 0.685423672 2.825763464
0.726511180 -0.006964813 -0.687119305 -73.364677429 0.011308439 0.999934316 0.001821156 0.918064594 0.687061667 -0.009093339 0.726542294 3.162379980
0.765714169 -0.009568947 -0.643109798 -73.635131836 0.006839417 0.999953806 -0.006735187 0.920797288 0.643144608 0.000758736 0.765744388 3.526386261
0.802817047 -0.010800276 -0.596127629 -73.897972107 0.005897969 0.999930859 -0.010173224 0.917615771 0.596196294 0.004651295 0.802825332 3.920368433
0.836329758 -0.010493505 -0.548126221 -74.136024475 0.005294758 0.999924719 -0.011064149 0.900795877 0.548201084 0.006351082 0.836322486 4.354269505
0.867013514 -0.009328687 -0.498197258 -74.366371155 0.002609846 0.999896169 -0.014181015 0.898469090 0.498277754 0.010994914 0.866947711 4.800907612
0.892911375 -0.008020358 -0.450161099 -74.575553894 0.002379383 0.999911487 -0.013095468 0.886009455 0.450226247 0.010621985 0.892851293 5.278219223
0.913991868 -0.002022895 -0.405727446 -74.769226074 -0.003216724 0.999920130 -0.012231838 0.873806179 0.405719787 0.012484915 0.913912177 5.774899483
0.931310892 0.001967715 -0.364219844 -74.952812195 -0.007699545 0.999868333 -0.014285913 0.866576612 0.364143759 0.016108952 0.931203365 6.288756371
0.944776237 0.007746985 -0.327624440 -75.136329651 -0.012554445 0.999842227 -0.012561269 0.852736115 0.327475429 0.015980728 0.944724500 6.818601608
0.954600453 0.008686413 -0.297762364 -75.288673401 -0.012554199 0.999859810 -0.011079469 0.841338873 0.297624350 0.014314634 0.954575658 7.382798195
0.961939096 0.007905056 -0.273149699 -75.441345215 -0.010939269 0.999894202 -0.009587014 0.827982783 0.273045003 0.012210181 0.961923718 7.960645199
0.967534542 0.008084340 -0.252609700 -75.575355530 -0.010412599 0.999914646 -0.007881312 0.817108154 0.252524436 0.010255762 0.967536151 8.564184189
0.972096622 0.010893921 -0.234327927 -75.713409424 -0.012422940 0.999910057 -0.005049990 0.804465830 0.234251857 0.007820121 0.972144425 9.174763680
0.975794852 0.015402775 -0.218144804 -75.892265320 -0.016559852 0.999856830 -0.003476800 0.799510062 0.218060061 0.007005089 0.975910187 9.836617470
0.978634536 0.019213324 -0.204707518 -76.027244568 -0.020079762 0.999796033 -0.002155981 0.788145781 0.204624355 0.006220397 0.978820801 10.483172417
0.981277525 0.017985394 -0.191757768 -76.145317078 -0.018791519 0.999820530 -0.002385966 0.777411222 0.191680476 0.005944715 0.981439352 11.139439583
0.983833492 0.017545193 -0.178224042 -76.262718201 -0.018319678 0.999828517 -0.002700693 0.766918182 0.178146139 0.005922040 0.983986199 11.823606491
0.986303389 0.018497540 -0.163900763 -76.368125916 -0.019125186 0.999814570 -0.002252117 0.760357440 0.163828701 0.005355903 0.986474276 12.516536713
0.988434553 0.019442901 -0.150396317 -76.466194153 -0.019895148 0.999800920 -0.001502849 0.746270120 0.150337189 0.004477625 0.988624632 13.221705437
0.990393579 0.019958060 -0.136829272 -76.586868286 -0.020745752 0.999775529 -0.004333046 0.732745707 0.136712089 0.007130048 0.990585148 13.949275970
0.991855919 0.020404518 -0.125720337 -76.674957275 -0.021772739 0.999717653 -0.009518450 0.717391491 0.125490621 0.012178207 0.992020071 14.675279617
0.993034422 0.019059407 -0.116272382 -76.758911133 -0.021038672 0.999653518 -0.015819125 0.704755545 0.115930602 0.018155154 0.993091404 15.415747643
0.993927956 0.018859310 -0.108404621 -76.839805603 -0.020743266 0.999652326 -0.016277533 0.693213463 0.108059950 0.018427361 0.993973553 16.174091339
0.994673014 0.020631092 -0.100994512 -76.926055908 -0.021721598 0.999716997 -0.009709838 0.670298815 0.100765608 0.011851875 0.994839609 16.938236237
0.995062649 0.024822546 -0.096094780 -77.029823303 -0.025110979 0.999683082 -0.001793202 0.653331578 0.096019812 0.004197382 0.995370567 17.751708984
0.995455444 0.025954034 -0.091623306 -77.105789185 -0.025913471 0.999662936 0.001632516 0.639498293 0.091634780 0.000749180 0.995792449 18.519309998
0.995820343 0.024317911 -0.088036813 -77.176971436 -0.024345882 0.999703288 0.000756190 0.625675380 0.088029079 0.001390304 0.996116936 19.290151596
0.996101916 0.024496140 -0.084740520 -77.246894836 -0.024645271 0.999696076 -0.000714042 0.615801632 0.084697276 0.002799711 0.996402800 20.058927536
0.996380270 0.023405416 -0.081723332 -77.313430786 -0.023322925 0.999725997 0.001964003 0.597346604 0.081746913 -0.000050867 0.996653080 20.829978943
0.996623814 0.020764971 -0.079434037 -77.380805969 -0.020504322 0.999781370 0.004095653 0.591916800 0.079501726 -0.002453084 0.996831715 21.609306335
0.996856570 0.018389432 -0.077063769 -77.431221008 -0.017950803 0.999818385 0.006380641 0.577580750 0.077167131 -0.004977228 0.997005761 22.390424728
0.997086883 0.017800430 -0.074168719 -77.491004944 -0.017634764 0.999840200 0.002888013 0.563636959 0.074208289 -0.001571652 0.997241616 23.148874283
0.997165978 0.020700112 -0.072329551 -77.550430298 -0.021076661 0.999767959 -0.004446591 0.549375534 0.072220728 0.005958456 0.997370899 23.895324707
0.997255385 0.021878324 -0.070731461 -77.605972290 -0.022778312 0.999669194 -0.011942461 0.530147791 0.070446782 0.013520829 0.997423947 24.644884109
0.997309148 0.022321191 -0.069829449 -77.661369324 -0.023510031 0.999591470 -0.016249586 0.515423775 0.069438227 0.017847557 0.997426569 25.398006439
0.997410297 0.023929624 -0.067824014 -77.715652466 -0.024981843 0.999579728 -0.014708399 0.492631733 0.067443542 0.016364677 0.997588873 26.155967712
0.997450948 0.027506277 -0.065841258 -77.778190613 -0.028255297 0.999545872 -0.010471967 0.465799779 0.065523326 0.012305638 0.997775197 26.929338455
0.997570157 0.030275652 -0.062746435 -77.839866638 -0.030691694 0.999512792 -0.005677139 0.449710608 0.062543981 0.007589139 0.998013377 27.672279358
0.997763813 0.028066019 -0.060660008 -77.883728027 -0.028363746 0.999589443 -0.004052460 0.435049027 0.060521360 0.005763943 0.998150349 28.431974411
0.997903526 0.025245132 -0.059592944 -77.930503845 -0.025512230 0.999667645 -0.003725279 0.413726717 0.059479091 0.005237819 0.998215795 29.195644379
0.998026967 0.022793123 -0.058502421 -77.971618652 -0.023058023 0.999726713 -0.003856891 0.397659242 0.058398508 0.005198231 0.998279870 29.945135117
0.998122394 0.022601129 -0.056927495 -78.025154114 -0.022984613 0.999717295 -0.006090483 0.383113742 0.056773756 0.007387505 0.998359680 30.699611664
0.998194993 0.020638531 -0.056398798 -78.066154480 -0.021086892 0.999750555 -0.007366322 0.367989749 0.056232702 0.008542300 0.998381138 31.455486298
0.998250842 0.019297678 -0.055882085 -78.108604431 -0.019739246 0.999778092 -0.007360517 0.352225363 0.055727646 0.008450713 0.998410165 32.215476990
0.998234153 0.023655688 -0.054487661 -78.170135498 -0.024034597 0.999691308 -0.006309124 0.335323364 0.054321595 0.007607572 0.998494506 32.997539520
0.998241007 0.022392362 -0.054895170 -78.205215454 -0.022833321 0.999711692 -0.007418569 0.321799845 0.054713227 0.008658960 0.998464584 33.761379242
0.998156786 0.021790009 -0.056640998 -78.249191284 -0.022243222 0.999725342 -0.007383384 0.303764522 0.056464553 0.008629653 0.998367310 34.536754608
0.998096704 0.019431027 -0.058526903 -78.299240112 -0.019860195 0.999779940 -0.006760051 0.286529988 0.058382664 0.007909542 0.998263001 35.319976807
0.997880399 0.020634754 -0.061715622 -78.355110168 -0.021106971 0.999752581 -0.007009278 0.270455211 0.061555717 0.008297050 0.998069167 36.115161896
0.997620165 0.025074881 -0.064228535 -78.420440674 -0.025592031 0.999646246 -0.007241556 0.249170020 0.064024247 0.008868062 0.997908950 36.911975861
0.997432888 0.025565227 -0.066888735 -78.483833313 -0.026424259 0.999578953 -0.011989502 0.229565769 0.066554055 0.013726208 0.997688472 37.707477570
0.997260988 0.026014837 -0.069237396 -78.549095154 -0.027164876 0.999507368 -0.015720533 0.215757936 0.068794332 0.017558297 0.997476339 38.494922638
0.997150660 0.025854766 -0.070867673 -78.620628357 -0.027149394 0.999480486 -0.017366122 0.198274896 0.070381880 0.019240653 0.997334599 39.288341522
0.996999562 0.026154244 -0.072855011 -78.693046570 -0.027366631 0.999502301 -0.015692703 0.170877531 0.072408319 0.017639417 0.997219086 40.100608826
0.996853054 0.024578296 -0.075365461 -78.753204346 -0.025776433 0.999555647 -0.014966205 0.147705287 0.074964128 0.016861757 0.997043729 40.925846100
0.996747732 0.024172176 -0.076874070 -78.821105957 -0.025286566 0.999588370 -0.013555942 0.129957795 0.076514736 0.015455736 0.996948659 41.750770569
0.996671319 0.023756817 -0.077986933 -78.893058777 -0.024593128 0.999649763 -0.009780733 0.111226022 0.077727243 0.011666117 0.996906459 42.571792603
0.996605873 0.023004141 -0.079041138 -78.964813232 -0.023470685 0.999712110 -0.004978477 0.090976506 0.078903861 0.006816729 0.996858895 43.436901093
0.996671140 0.022782622 -0.078277878 -79.036170959 -0.023090869 0.999728799 -0.003034844 0.074355148 0.078187510 0.004832246 0.996926904 44.290843964
0.996746957 0.025940152 -0.076306194 -79.106887817 -0.026245618 0.999651015 -0.003002906 0.058269005 0.076201662 0.004995841 0.997079849 45.142143250
0.996892631 0.025172524 -0.074642152 -79.173934937 -0.025542915 0.999665797 -0.004011654 0.042519059 0.074516214 0.005905767 0.997202337 45.998287201
0.997059047 0.022830389 -0.073157422 -79.236167908 -0.023357410 0.999707103 -0.006356474 0.025684919 0.072990857 0.008046548 0.997300148 46.857353210
0.997231126 0.018874474 -0.071929462 -79.291290283 -0.019489065 0.999779224 -0.007852063 0.005134859 0.071765378 0.009232161 0.997378886 47.729286194
0.997438073 0.017794780 -0.069286771 -79.363517761 -0.018407358 0.999796867 -0.008212721 -0.011237004 0.069126569 0.009467067 0.997562945 48.584106445
0.997537851 0.015425326 -0.068411998 -79.423919678 -0.015852220 0.999858081 -0.005701475 -0.031359181 0.068314359 0.006771919 0.997640848 49.458675385
0.997639179 0.013148884 -0.067402616 -79.486412048 -0.013413290 0.999904037 -0.003471666 -0.046418674 0.067350499 0.004367561 0.997719824 50.334205627
0.997681737 0.013048987 -0.066789672 -79.544372559 -0.013308263 0.999905527 -0.003438501 -0.065083496 0.066738501 0.004319385 0.997761190 51.214729309
0.997719765 0.014744192 -0.065862708 -79.596260071 -0.015198972 0.999863923 -0.006409189 -0.088045336 0.065759249 0.007395620 0.997808099 52.089992523
0.997737706 0.017259484 -0.064974889 -79.663276672 -0.018065164 0.999766827 -0.011832766 -0.115627147 0.064755514 0.012979778 0.997816741 52.949409485
0.997770071 0.019197609 -0.063924424 -79.724891663 -0.020368369 0.999635637 -0.017713677 -0.134574205 0.063561082 0.018976215 0.997797549 53.808971405
0.997715056 0.023841618 -0.063215457 -79.790992737 -0.025354037 0.999408484 -0.023231419 -0.166147053 0.062624186 0.024781104 0.997729421 54.655311584
0.997792304 0.023891367 -0.061966509 -79.853210449 -0.025419915 0.999388814 -0.023997348 -0.200963080 0.061355300 0.025519555 0.997789681 55.510742188
0.997816205 0.020795092 -0.062693544 -79.899513245 -0.021984041 0.999590158 -0.018334614 -0.223800912 0.062286593 0.019672833 0.997864425 56.375316620
0.997765005 0.020317366 -0.063655674 -79.954917908 -0.020982860 0.999731779 -0.009803524 -0.246602625 0.063439421 0.011117293 0.997923791 57.231479645
0.997727394 0.018764017 -0.064713873 -80.013816833 -0.018909868 0.999819815 -0.001641942 -0.275842458 0.064671412 0.002861940 0.997902572 58.083000183
0.997599244 0.016964355 -0.067141019 -80.072723389 -0.017251570 0.999844372 -0.003700259 -0.296797127 0.067067795 0.004849662 0.997736692 58.924015045
0.997527719 0.012000591 -0.069241166 -80.130882263 -0.012536564 0.999894679 -0.007311302 -0.315105498 0.069146134 0.008161273 0.997573256 59.766235352
0.997370362 0.011107881 -0.071615346 -80.196754456 -0.011790827 0.999888957 -0.009120653 -0.339999080 0.071506076 0.009941076 0.997390687 60.598857880
0.997179151 0.012592028 -0.073994547 -80.272224426 -0.013446456 0.999848366 -0.011060338 -0.367014378 0.073844075 0.012024102 0.997197330 61.424983978
0.996910572 0.014028190 -0.077282451 -80.343536377 -0.015202486 0.999777436 -0.014627521 -0.389583915 0.077060066 0.015757212 0.996902049 62.244930267
0.996595740 0.014803291 -0.081102826 -80.417793274 -0.016325116 0.999702275 -0.018133204 -0.414645106 0.080810264 0.019395493 0.996540844 63.058204651
0.996318340 0.016940616 -0.084040970 -80.497650146 -0.018818533 0.999589443 -0.021603562 -0.447255015 0.083640508 0.023105552 0.996228099 63.873970032
0.995982528 0.022455275 -0.086686522 -80.594093323 -0.024409726 0.999469697 -0.021552289 -0.480776191 0.086156599 0.023581695 0.996002436 64.675781250
0.995562375 0.025972672 -0.090448625 -80.675270081 -0.027868332 0.999416351 -0.019758731 -0.506843984 0.089882657 0.022191701 0.995705068 65.480316162
0.995140910 0.028888371 -0.094128042 -80.765060425 -0.030305427 0.999447286 -0.013659717 -0.535477698 0.093681417 0.016445927 0.995466411 66.281532288
0.994727314 0.029229412 -0.098302945 -80.851013184 -0.030155944 0.999513566 -0.007952356 -0.562590957 0.098022699 0.010874842 0.995124757 67.095993042
0.994235039 0.028890071 -0.103257671 -80.939277649 -0.029503172 0.999554932 -0.004414891 -0.582959175 0.103084177 0.007435867 0.994644880 67.891792297
0.993567407 0.028424665 -0.109617114 -81.034751892 -0.028946387 0.999575973 -0.003170822 -0.602871478 0.109480508 0.006323445 0.993968844 68.683593750
0.992987156 0.026292162 -0.115261585 -81.128669739 -0.026417956 0.999650896 0.000436337 -0.617287219 0.115232818 0.002611699 0.993335068 69.474411011
0.992164314 0.026947888 -0.121998914 -81.229011536 -0.027163638 0.999630988 -0.000105289 -0.631619215 0.121951066 0.003418398 0.992530227 70.253372192
0.991299868 0.031493384 -0.127799362 -81.350135803 -0.031845886 0.999492466 -0.000715322 -0.649039865 0.127711982 0.004778982 0.991799772 71.026168823
0.990473866 0.033313021 -0.133610576 -81.466583252 -0.034210198 0.999404967 -0.004424182 -0.662403047 0.133383662 0.008952881 0.991024017 71.801879883
0.989677787 0.032319341 -0.139618501 -81.579589844 -0.033647351 0.999408126 -0.007161160 -0.678936601 0.139304459 0.011785034 0.990179420 72.568344116
0.988900065 0.033589978 -0.144735709 -81.704154968 -0.035166893 0.999346495 -0.008349842 -0.695654929 0.144360676 0.013347066 0.989435077 73.336845398
0.988092721 0.035839666 -0.149627283 -81.820198059 -0.036794264 0.999316335 -0.003615510 -0.708445370 0.149395421 0.009077887 0.988735795 74.102386475
0.987138212 0.036795910 -0.155576915 -81.951599121 -0.037172459 0.999308705 0.000489279 -0.723780990 0.155487388 0.005300192 0.987823665 74.863525391
0.986139715 0.035372339 -0.162102208 -82.078330994 -0.035347842 0.999370456 0.003036102 -0.744502664 0.162107572 0.002735944 0.986769259 75.621543884
0.984919190 0.032943811 -0.169849947 -82.204513550 -0.033625100 0.999433935 -0.001135366 -0.751955986 0.169716388 0.006829465 0.985469282 76.365638733
0.983575165 0.030830761 -0.177846104 -82.345268250 -0.032744091 0.999433100 -0.007832608 -0.770033717 0.177503780 0.013527371 0.984027147 77.088508606
0.981929004 0.028250461 -0.187129274 -82.492248535 -0.030550923 0.999488890 -0.009420322 -0.786963642 0.186767489 0.014967061 0.982290149 77.832695007
0.979848206 0.028151901 -0.197749659 -82.647979736 -0.030024381 0.999528170 -0.006476467 -0.806644857 0.197474018 0.012283267 0.980231106 78.569335938
0.977457225 0.028128659 -0.209251121 -82.810104370 -0.028835451 0.999584138 -0.000327180 -0.816888690 0.209154859 0.006353656 0.977861941 79.308593750
0.974963963 0.029353453 -0.220416725 -82.987556458 -0.028396131 0.999568462 0.007511153 -0.829617679 0.220542103 -0.001064122 0.975376785 80.020790100
0.972356737 0.029906735 -0.231577158 -83.171386719 -0.028175062 0.999544799 0.010782216 -0.840304375 0.231794223 -0.003959460 0.972756684 80.745857239
0.969412148 0.033227388 -0.243178934 -83.365272522 -0.032542966 0.999447048 0.006832277 -0.856057644 0.243271500 0.001290471 0.969957352 81.458282471
0.966370523 0.033038806 -0.255022347 -83.568008423 -0.034759991 0.999393106 -0.002244013 -0.866964936 0.254793465 0.011033122 0.966932476 82.160369873
0.963302374 0.030914737 -0.266632318 -83.787628174 -0.033863015 0.999405563 -0.006465681 -0.879003823 0.266273916 0.015257377 0.963776588 82.871101379
0.959861517 0.029476710 -0.278921127 -83.996223450 -0.031305965 0.999507546 -0.002105232 -0.880055785 0.278721750 0.010752626 0.960311711 83.601325989
0.956305206 0.030724011 -0.290751517 -84.217658997 -0.030641569 0.999518692 0.004837559 -0.887104809 0.290760249 0.004282902 0.956786335 84.326889038
0.952750444 0.030747743 -0.302193969 -84.458717346 -0.028831901 0.999525905 0.010799543 -0.900978327 0.302382797 -0.001576441 0.953185320 85.035202026
0.948612630 0.027995927 -0.315198869 -84.698562622 -0.026525768 0.999607921 0.008953952 -0.906775296 0.315326035 -0.000132940 0.948983431 85.747695923
0.944868445 0.026445242 -0.326380402 -84.954521179 -0.026408346 0.999640822 0.004544785 -0.913355410 0.326383442 0.004324944 0.945227563 86.442955017
0.941992819 0.022464797 -0.334880203 -85.220825195 -0.024547663 0.999696672 -0.001987992 -0.931686044 0.334733933 0.010093200 0.942258596 87.140518188
0.939240098 0.018330196 -0.342771292 -85.481491089 -0.022337705 0.999720454 -0.007746852 -0.942275822 0.342533469 0.014932876 0.939386904 87.844108582
0.936632216 0.018033676 -0.349849671 -85.752861023 -0.022893008 0.999690294 -0.009759163 -0.956351876 0.349565327 0.017149862 0.936754942 88.545257568
0.933597803 0.023532767 -0.357548952 -86.043678284 -0.028899835 0.999535501 -0.009674183 -0.975261569 0.357155174 0.019364903 0.933844268 89.254364014
0.930549324 0.024146570 -0.365369588 -86.318183899 -0.028791105 0.999558985 -0.007268311 -0.994824469 0.365032941 0.017282914 0.930834174 89.936347961
0.927467346 0.024432790 -0.373105258 -86.607444763 -0.026542924 0.999647558 -0.000518669 -1.003048897 0.372961044 0.010384353 0.927788913 90.642181396
0.924782574 0.026384681 -0.379580230 -86.899604797 -0.025258631 0.999649346 0.007947439 -1.015552282 0.379656732 0.002238022 0.925124764 91.349472046
0.922100246 0.036913287 -0.385186583 -87.218750000 -0.033894695 0.999318421 0.014626223 -1.029482365 0.385463893 -0.000431061 0.922722876 92.049377441
0.919279873 0.043449771 -0.391198933 -87.521736145 -0.042183608 0.999039888 0.011834136 -1.034949660 0.391337454 0.005623300 0.920230031 92.735160828
0.916909635 0.039975680 -0.397087663 -87.826072693 -0.041697532 0.999120891 0.004300501 -1.038683295 0.396910548 0.012614405 0.917770565 93.423088074
0.914900959 0.032431081 -0.402373582 -88.127769470 -0.036725961 0.999320924 -0.002961325 -1.048303008 0.402004331 0.017486874 0.915470719 94.115249634
0.913057804 0.032896172 -0.406501085 -88.438560486 -0.037636664 0.999284685 -0.003669879 -1.055086255 0.406089634 0.018650159 0.913642883 94.809982300
0.911205232 0.039435219 -0.410060883 -88.792732239 -0.042578727 0.999091983 0.001466744 -1.066614985 0.409746408 0.016123364 0.912056983 95.506362915
0.908663869 0.042599183 -0.415349454 -89.124137878 -0.043921281 0.999014616 0.006374199 -1.080813050 0.415211707 0.012450675 0.909639597 96.210868835
0.906487823 0.038025465 -0.420516104 -89.443031311 -0.039902337 0.999194086 0.004337142 -1.098946810 0.420342147 0.012848008 0.907274663 96.899971008
0.904231071 0.036311802 -0.425496817 -89.776916504 -0.041054465 0.999154925 -0.001977938 -1.109725237 0.425065398 0.019257057 0.904957771 97.587821960
0.901971638 0.033521369 -0.430492014 -90.111816406 -0.041159865 0.999116778 -0.008439789 -1.121660113 0.429828972 0.025331443 0.902554929 98.273536682
