1.000000000 -0.000000000 -0.000000000 0.000000000 -0.000000000 1.000000000 -0.000000000 0.000000000 -0.000000000 -0.000000000 1.000000000 0.000000000
0.999991536 -0.002389797 -0.003346780 -0.003671212 0.002382447 0.999994755 -0.002198519 -0.005295418 0.003352016 0.002190527 0.999991953 0.664372921
0.999971211 -0.001104485 -0.007508724 -0.012746032 0.001077556 0.999992967 -0.003589562 -0.010719009 0.007512635 0.003581367 0.999965370 1.358646512
0.999934077 -0.001513945 -0.011376780 -0.023765840 0.001454077 0.999984980 -0.005268749 -0.011505191 0.011384583 0.005251860 0.999921381 2.063521147
0.999874055 0.000836929 -0.015843209 -0.054428127 -0.000935992 0.999980152 -0.006246352 -0.012500761 0.015837664 0.006260395 0.999854863 2.779024839
0.999798238 0.000355916 -0.020083057 -0.073528208 -0.000485099 0.999979198 -0.006427955 -0.022682583 0.020080350 0.006436401 0.999777555 3.522028208
0.999686480 0.001955144 -0.024958909 -0.094096266 -0.002145963 0.999968648 -0.007620846 -0.031154349 0.024943221 0.007672019 0.999659300 4.287730217
0.999588609 0.005008403 -0.028237887 -0.162109554 -0.005232707 0.999955297 -0.007875073 -0.051918976 0.028197182 0.008019594 0.999570251 5.009382725
0.999462247 0.005522052 -0.032320753 -0.198075607 -0.005727346 0.999963999 -0.006262588 -0.059379030 0.032285005 0.006444333 0.999457955 5.789777756
0.999310672 0.004716754 -0.036819957 -0.231436074 -0.004859807 0.999980986 -0.003796685 -0.064395122 0.036801353 0.003973007 0.999314725 6.593653202
0.999142945 0.003433222 -0.041248236 -0.240817115 -0.003458834 0.999993861 -0.000549570 -0.078529477 0.041246090 0.000691770 0.999148726 7.384097576
0.999029458 0.004619893 -0.043802779 -0.283867657 -0.004673563 0.999988496 -0.001122952 -0.086649634 0.043797083 0.001326577 0.999039590 8.199905396
0.998944104 0.003883049 -0.045776330 -0.331322849 -0.003950202 0.999991298 -0.001376620 -0.092266120 0.045770586 0.001555993 0.998950779 9.019878387
0.998860598 0.001320069 -0.047705453 -0.371210247 -0.001423966 0.999996662 -0.002143966 -0.094305970 0.047702458 0.002209454 0.998859167 9.862450600
0.998736024 0.000833887 -0.050256062 -0.406400889 -0.000896533 0.999998868 -0.001224007 -0.104549013 0.050254978 0.001267517 0.998735607 10.705595970
0.998653710 -0.000770122 -0.051867638 -0.451115489 0.000687424 0.999998450 -0.001612224 -0.110738613 0.051868800 0.001574399 0.998652697 11.556373596
0.998564959 0.001428068 -0.053534217 -0.504656494 -0.001618257 0.999992549 -0.003509477 -0.124533080 0.053528797 0.003591073 0.998559833 12.409491539
0.998491764 0.001962079 -0.054865491 -0.557994425 -0.002315587 0.999976993 -0.006380342 -0.129750475 0.054851700 0.006497766 0.998473346 13.282049179
0.998387814 0.006014580 -0.056441829 -0.619071841 -0.006485286 0.999945581 -0.008160222 -0.142897412 0.056389671 0.008513110 0.998372555 14.150279045
0.998322785 0.007156426 -0.057450753 -0.674668729 -0.007645306 0.999936342 -0.008294281 -0.151278019 0.057387743 0.008719597 0.998313904 15.033539772
0.998248100 0.006235128 -0.058838136 -0.731206238 -0.006614236 0.999958575 -0.006250700 -0.171100020 0.058796715 0.006628920 0.998247981 15.938041687
0.998161137 0.006913315 -0.060221270 -0.796076655 -0.007230538 0.999961019 -0.005051323 -0.179275185 0.060183998 0.005477468 0.998172283 16.836330414
0.998120546 0.006255645 -0.060963213 -0.848016322 -0.006567886 0.999966264 -0.004922748 -0.191766337 0.060930364 0.005313894 0.998127878 17.712270737
0.998016000 0.006163764 -0.062660158 -0.907458067 -0.006539292 0.999961793 -0.005789772 -0.202662125 0.062622085 0.006188037 0.998018086 18.620847702
0.997962773 0.004629754 -0.063630372 -0.968884885 -0.005064380 0.999964893 -0.006670896 -0.214186445 0.063597247 0.006979556 0.997951210 19.539508820
0.997901976 0.004356686 -0.064595684 -1.020558834 -0.004690372 0.999976456 -0.005015019 -0.227406427 0.064572312 0.005307476 0.997898877 20.409860611
0.997891665 0.005706405 -0.064648934 -1.087711811 -0.005828596 0.999981523 -0.001701640 -0.237285465 0.064638026 0.002074865 0.997906566 21.334203720
0.997936487 0.006213957 -0.063906915 -1.146026850 -0.006071222 0.999978662 0.002427438 -0.253034651 0.063920632 -0.002034435 0.997952938 22.253778458
0.998029768 0.004560672 -0.062576346 -1.198315978 -0.004248684 0.999977887 0.005117866 -0.258257389 0.062598310 -0.004841916 0.998027086 23.178983688
0.998129845 0.004890469 -0.060933709 -1.262196064 -0.004547596 0.999973059 0.005764385 -0.260959923 0.060960267 -0.005476504 0.998125196 24.119873047
0.998199284 0.005281596 -0.059751861 -1.318311453 -0.005121946 0.999982893 0.002824715 -0.267313808 0.059765767 -0.002513583 0.998209298 25.053064346
0.998253405 0.006032322 -0.058768414 -1.380388975 -0.006152275 0.999979258 -0.001860403 -0.275303006 0.058755979 0.002218714 0.998269916 25.974458694
0.998341501 0.005036769 -0.057348393 -1.442084789 -0.005317516 0.999974489 -0.004743904 -0.283030599 0.057323050 0.005040987 0.998342991 26.921585083
0.998414099 0.002929127 -0.056221139 -1.503579855 -0.003120621 0.999989688 -0.003318586 -0.297999084 0.056210846 0.003488768 0.998412788 27.884988785
0.998365581 0.001706611 -0.057125971 -1.549703240 -0.001639842 0.999998033 0.001215660 -0.306232512 0.057127923 -0.001119996 0.998366237 28.845727921
0.998329401 -0.002053542 -0.057743989 -1.609291315 0.002306826 0.999988019 0.004320015 -0.314025402 0.057734422 -0.004446003 0.998322070 29.817352295
0.998223007 -0.008884239 -0.058922261 -1.656224847 0.009126343 0.999950945 0.003841054 -0.322227031 0.058885250 -0.004371974 0.998255193 30.773206711
0.998103976 -0.011374239 -0.060491331 -1.716833830 0.011402263 0.999935031 0.000118150 -0.330676973 0.060486052 -0.000807664 0.998168707 31.768552780
0.998016715 -0.011091558 -0.061963767 -1.768640757 0.010856155 0.999932528 -0.004134437 -0.336974293 0.062005434 0.003453549 0.998069823 32.719470978
0.997905076 -0.009757224 -0.063955434 -1.838343740 0.009463464 0.999943256 -0.004894527 -0.347005218 0.063999556 0.004279033 0.997940719 33.697032928
0.997855842 -0.009744077 -0.064719275 -1.903381109 0.009535589 0.999948382 -0.003529506 -0.358736604 0.064750306 0.002904802 0.997897208 34.696849823
0.997787476 -0.006691982 -0.066146560 -1.973294854 0.006657958 0.999977529 -0.000734800 -0.373241752 0.066149980 0.000292773 0.997809649 35.694240570
0.997713447 -0.006612563 -0.067261040 -2.041388512 0.006679705 0.999977350 0.000773390 -0.388895661 0.067254402 -0.001220906 0.997735143 36.684432983
0.997648597 -0.005566776 -0.068310641 -2.110121250 0.005801548 0.999977887 0.003238919 -0.394949257 0.068291083 -0.003627611 0.997658908 37.659351349
0.997664392 -0.005313130 -0.068099529 -2.182219744 0.005753656 0.999963760 0.006274366 -0.406023413 0.068063729 -0.006651532 0.997658730 38.672134399
0.997646689 0.000077879 -0.068564303 -2.263058662 0.000508667 0.999963462 0.008537194 -0.406426996 0.068562463 -0.008551979 0.997610152 39.658473969
0.997643113 0.000934777 -0.068610601 -2.344346762 -0.000405016 0.999970019 0.007734761 -0.414495200 0.068615787 -0.007688742 0.997613490 40.656608582
0.997611403 0.000660699 -0.069073960 -2.403805494 -0.000255773 0.999982715 0.005870901 -0.415283382 0.069076650 -0.005839210 0.997594237 41.695224762
0.997629821 0.003153457 -0.068737842 -2.488848925 -0.002907980 0.999989033 0.003670983 -0.422230363 0.068748660 -0.003462393 0.997627974 42.690376282
0.997563303 0.002545157 -0.069722399 -2.559104681 -0.002286000 0.999990165 0.003796520 -0.433204383 0.069731385 -0.003627883 0.997559190 43.667819977
0.997471631 0.000998084 -0.071059473 -2.630213976 -0.000645390 0.999987364 0.004986154 -0.441883266 0.071063548 -0.004927687 0.997459590 44.654098511
0.997421026 0.001620779 -0.071754977 -2.700517416 -0.001181076 0.999980330 0.006169836 -0.455683649 0.071763553 -0.006069176 0.997403204 45.621322632
0.997402728 0.003630871 -0.071933590 -2.776519775 -0.003448288 0.999990463 0.002662252 -0.465346903 0.071942568 -0.002407291 0.997405767 46.607040405
0.997339427 0.004139801 -0.072779462 -2.855946541 -0.004257822 0.999989867 -0.001466548 -0.473964751 0.072772652 0.001772527 0.997346878 47.570777893
0.997273028 0.005190964 -0.073617280 -2.929271460 -0.005427440 0.999980748 -0.003012539 -0.480342060 0.073600225 0.003403876 0.997281969 48.527618408
0.997261703 0.003439948 -0.073872849 -2.999183655 -0.003389566 0.999993920 0.000807375 -0.500429273 0.073875189 -0.000554767 0.997267306 49.528972626
0.997267008 0.001610619 -0.073862880 -3.073245525 -0.001325436 0.999991417 0.003909835 -0.511894941 0.073868535 -0.003801249 0.997260749 50.497608185
0.997245431 -0.000048595 -0.074171647 -3.148722172 0.000408186 0.999988258 0.004832946 -0.527904987 0.074170545 -0.004849909 0.997233748 51.460910797
0.997212648 -0.003054874 -0.074548535 -3.210659027 0.003311672 0.999989033 0.003321339 -0.534082174 0.074537568 -0.003558963 0.997211814 52.415863037
0.997204363 -0.005788253 -0.074498504 -3.287293673 0.005972247 0.999979675 0.002247226 -0.546897054 0.074483991 -0.002685868 0.997218609 53.370101929
0.997120023 -0.007256515 -0.075491540 -3.363155842 0.007514516 0.999966919 0.003134122 -0.554572523 0.075466305 -0.003692378 0.997141480 54.311882019
0.996978879 -0.010323737 -0.076984078 -3.421522856 0.010940223 0.999911308 0.007590517 -0.569957137 0.076898888 -0.008409808 0.997003376 55.276466370
0.996950209 -0.010930736 -0.077271536 -3.500529766 0.011908518 0.999854565 0.012204385 -0.570945263 0.077126898 -0.013087352 0.996935427 56.221099854
0.996932328 -0.008719034 -0.077780694 -3.584490061 0.009867365 0.999847651 0.014391574 -0.573220313 0.077643372 -0.015114916 0.996866584 57.154186249
0.996802509 -0.008765807 -0.079422258 -3.656187296 0.009630097 0.999898374 0.010505735 -0.575697541 0.079322100 -0.011236987 0.996785700 58.100841522
0.996706486 -0.006392261 -0.080841303 -3.730466366 0.006660484 0.999973118 0.003048674 -0.588458300 0.080819644 -0.003577075 0.996722341 59.038944244
0.996684849 -0.004280613 -0.081246570 -3.816661358 0.004140564 0.999989569 -0.001892159 -0.595963418 0.081253827 0.001549480 0.996692240 59.949851990
0.996610463 0.000674465 -0.082262561 -3.901278973 -0.000747703 0.999999285 -0.000859500 -0.609957039 0.082261927 0.000918095 0.996610343 60.850563049
0.996489346 0.002929859 -0.083668023 -3.985784531 -0.002825112 0.999994993 0.001370295 -0.620919585 0.083671615 -0.001129113 0.996492743 61.759082794
0.996386409 0.005629882 -0.084748179 -4.063920975 -0.005437083 0.999982059 0.002505594 -0.630700111 0.084760763 -0.002035757 0.996399224 62.645973206
0.996279657 0.006008420 -0.085969001 -4.139633656 -0.005797147 0.999979436 0.002706980 -0.647264898 0.085983500 -0.002198535 0.996294141 63.515235901
0.996131837 0.007381674 -0.087560333 -4.222496986 -0.007092003 0.999968290 0.003618869 -0.658589244 0.087584279 -0.002983892 0.996152699 64.377243042
0.996009231 0.008755090 -0.088818438 -4.300359726 -0.008420727 0.999955952 0.004138569 -0.671381056 0.088850752 -0.003374137 0.996039271 65.217704773
0.995898604 0.008594379 -0.090066373 -4.381607533 -0.008219568 0.999955893 0.004531588 -0.678884029 0.090101339 -0.003772696 0.995925546 66.050384521
0.995788991 0.008358543 -0.091292553 -4.457498550 -0.007874958 0.999952972 0.005656037 -0.688875198 0.091335550 -0.004913295 0.995808005 66.851997375
0.995646477 0.011308621 -0.092519835 -4.544737339 -0.010612183 0.999911547 0.008015970 -0.692997456 0.092602290 -0.006999236 0.995678604 67.655784607
0.995500863 0.012753502 -0.093890533 -4.618093967 -0.011620158 0.999853015 0.012607762 -0.703318179 0.094037533 -0.011460012 0.995502651 68.443374634
0.995325983 0.015940249 -0.095247962 -4.700639725 -0.014656243 0.999792159 0.014165104 -0.705312729 0.095453970 -0.012702918 0.995352805 69.197097778
0.995198727 0.018541951 -0.096102238 -4.786698341 -0.017682897 0.999795794 0.009782979 -0.712215424 0.096264020 -0.008036641 0.995323420 69.936843872
0.994988501 0.018772984 -0.098210566 -4.855376720 -0.018578226 0.999823213 0.002897309 -0.727311730 0.098247588 -0.001058211 0.995161414 70.694458008
0.994850755 0.018152213 -0.099711761 -4.926775932 -0.018532820 0.999823987 -0.002892086 -0.735980630 0.099641725 0.004725133 0.995012105 71.400337219
0.994805157 0.018671444 -0.100069895 -5.000548363 -0.019169223 0.999808252 -0.004014994 -0.744274914 0.099975735 0.005912399 0.994972289 72.088592529
0.994678736 0.021420740 -0.100774251 -5.082076073 -0.021584423 0.999767065 -0.000534088 -0.752324879 0.100739323 0.002706400 0.994909167 72.773010254
0.994506180 0.021664171 -0.102412209 -5.149501801 -0.021586640 0.999765277 0.001865407 -0.772348881 0.102428585 0.000355576 0.994740307 73.424156189
0.994486451 0.018402511 -0.103238143 -5.210078239 -0.018636785 0.999825537 -0.001305048 -0.786074400 0.103196114 0.003221880 0.994655788 74.044509888
0.994601429 0.010043971 -0.103282236 -5.264822006 -0.010735814 0.999923527 -0.006144849 -0.805432916 0.103212617 0.007220494 0.994633079 74.654533386
0.994707286 0.006169509 -0.102564424 -5.315424919 -0.007312424 0.999915302 -0.010771127 -0.821484089 0.102489293 0.011464112 0.994668007 75.242500305
0.994964004 0.008683001 -0.099856742 -5.360823154 -0.009859503 0.999887645 -0.011294454 -0.828290462 0.099747457 0.012222111 0.994937658 75.810340881
0.995386779 0.013520845 -0.094986968 -5.435613632 -0.014363929 0.999863267 -0.008197608 -0.843340516 0.094863139 0.009524176 0.995444775 76.380920410
0.995823860 0.012416903 -0.090446420 -5.489411831 -0.012935307 0.999903023 -0.005147688 -0.854779959 0.090373732 0.006296142 0.995887935 76.975288391
0.996345401 0.009127324 -0.084926337 -5.523684978 -0.009234584 0.999956965 -0.000870230 -0.867559850 0.084914744 0.001651310 0.996386826 77.522293091
0.997045636 0.004237268 -0.076693356 -5.554698467 -0.004060279 0.999988675 0.002463527 -0.878645241 0.076702937 -0.002144853 0.997051597 78.055068970
0.997760534 0.007774697 -0.066434376 -5.579423428 -0.007621099 0.999967694 0.002565126 -0.894137383 0.066452175 -0.002053080 0.997787476 78.571334839
0.998583972 0.013155591 -0.051544707 -5.602863312 -0.013081244 0.999912798 0.001779494 -0.898419499 0.051563628 -0.001102705 0.998669088 79.076271057
0.999279439 0.018132962 -0.033340294 -5.624953270 -0.018066965 0.999834120 0.002279697 -0.903589249 0.033376098 -0.001675696 0.999441445 79.564758301
0.999796569 0.016657745 -0.011370269 -5.616590023 -0.016624654 0.999857247 0.002998530 -0.912967920 0.011418590 -0.002808894 0.999930859 80.052093506
0.999808252 0.012983864 0.014655096 -5.581050396 -0.013047663 0.999905705 0.004266297 -0.922472537 -0.014598326 -0.004456694 0.999883473 80.528923035
0.998973131 0.011925721 0.043707304 -5.544242382 -0.012184149 0.999909759 0.005651109 -0.928783357 -0.043635983 -0.006177844 0.999028385 80.988899231
0.996868074 0.011470081 0.078247800 -5.492712498 -0.012076626 0.999900579 0.007282747 -0.940758169 -0.078156486 -0.008204905 0.996907234 81.421623230
0.993219912 0.011509182 0.115679815 -5.413628101 -0.012460047 0.999894261 0.007500012 -0.944464803 -0.115581267 -0.008890536 0.993258178 81.866394043
0.987354159 0.011714391 0.158096716 -5.328088760 -0.012991094 0.999890804 0.007044415 -0.943818629 -0.157996953 -0.009009182 0.987398446 82.304008484
0.979169488 0.011389102 0.202725098 -5.208465099 -0.013141685 0.999887049 0.007301128 -0.955707192 -0.202619016 -0.009813190 0.979208350 82.712066650
0.967826784 0.013564733 0.251251370 -5.076817989 -0.015296103 0.999870837 0.004939266 -0.962542593 -0.251151890 -0.008623522 0.967909217 83.099525452
0.952534616 0.014960826 0.304062486 -4.916426659 -0.016345121 0.999864399 0.002007797 -0.971356153 -0.303991228 -0.006882435 0.952649891 83.487670898
0.932808757 0.014963400 0.360060960 -4.737066269 -0.015636111 0.999877274 -0.001044438 -0.968506336 -0.360032380 -0.004655694 0.932928085 83.867622375
0.908875406 0.015068893 0.416795552 -4.536766529 -0.015039369 0.999881327 -0.003354624 -0.971276402 -0.416796595 -0.003219408 0.908994019 84.207443237
0.880027890 0.016474398 0.474636197 -4.324056625 -0.015084925 0.999863565 -0.006735676 -0.962697864 -0.474682420 -0.001232270 0.880156219 84.524658203
0.846835136 0.015268132 0.531636357 -4.059995651 -0.012551234 0.999883175 -0.008723113 -0.975873768 -0.531707346 0.000714344 0.846927702 84.858406067
0.810145378 0.015771428 0.586016834 -3.815768719 -0.011895016 0.999874413 -0.010465154 -0.986419559 -0.586108267 0.001507619 0.810231328 85.109184265
0.770096242 0.014605939 0.637760580 -3.543190956 -0.011010994 0.999893188 -0.009603690 -0.996973753 -0.637832701 0.000373388 0.770174921 85.380752563
0.727418959 0.014512437 0.686040103 -3.248487473 -0.012261723 0.999891579 -0.008150329 -1.001011014 -0.686083972 -0.002483330 0.727518082 85.633590698
0.682420313 0.013250631 0.730839849 -2.942588568 -0.010805598 0.999909222 -0.008039337 -1.009464622 -0.730880082 -0.002410955 0.682501614 85.858047485
0.636237741 0.012173741 0.771397054 -2.619007111 -0.007283405 0.999925673 -0.009772997 -1.015334606 -0.771458685 0.000599553 0.636279166 86.060913086
0.589420259 0.009693851 0.807768404 -2.282407761 -0.001173806 0.999937177 -0.011143511 -1.020711064 -0.807825625 0.005620049 0.589394689 86.247993469
0.542966664 0.011826754 0.839671016 -1.949745893 -0.002927721 0.999921381 -0.012190690 -1.032963276 -0.839749098 0.004160816 0.542958617 86.415382385
0.496291369 0.014651436 0.868032336 -1.612158537 -0.006405614 0.999892175 -0.013214719 -1.046856999 -0.868132353 0.000998070 0.496331722 86.566825867
0.450360924 0.017377356 0.892677486 -1.261813045 -0.006632373 0.999848008 -0.016117530 -1.048014760 -0.892821908 0.001338137 0.450407803 86.716217041
0.407938391 0.014208803 0.912898839 -0.912562907 0.000450952 0.999875665 -0.015764061 -1.063951731 -0.913009286 0.006842440 0.407881320 86.829124451
0.368259758 0.006825603 0.929697752 -0.545527399 0.014866792 0.999801934 -0.013229130 -1.073043585 -0.929604053 0.018693386 0.368085414 86.916305542
0.332754970 0.003730750 0.943005860 -0.179160938 0.018768402 0.999767900 -0.010578048 -1.076184392 -0.942826569 0.021218613 0.332607776 87.008316040
0.299345464 0.007517140 0.954115093 0.183740780 0.016743071 0.999773622 -0.013129861 -1.086390853 -0.953997910 0.019905187 0.299151838 87.105499268
0.268359601 0.015225383 0.963198364 0.553166509 0.006463268 0.999824047 -0.017605079 -1.101364613 -0.963297188 0.010949902 0.268214047 87.204536438
0.239084557 0.020049728 0.970791638 0.933176160 0.002399911 0.999771535 -0.021239294 -1.112307191 -0.970995843 0.007407804 0.238981813 87.297821045
0.213256985 0.020940589 0.976771593 1.330044985 0.002088497 0.999758244 -0.021889364 -1.145357132 -0.976993918 0.006708049 0.213161722 87.370841980
0.191144705 0.022653181 0.981300354 1.721229553 0.011795722 0.999608457 -0.025373474 -1.143085718 -0.981490910 0.016425155 0.190802678 87.412429810
0.171360120 0.028460827 0.984797180 2.133662462 0.018726068 0.999308050 -0.032138623 -1.150061727 -0.985030472 0.023948660 0.170708567 87.453269958
0.151632696 0.035381351 0.987803400 2.555006266 0.020664414 0.999027252 -0.038955454 -1.151332378 -0.988220870 0.026319303 0.150754064 87.503227234
0.133606493 0.036446847 0.990364015 2.996508837 0.019118156 0.999042749 -0.039345402 -1.162346840 -0.990849972 0.024190733 0.132781833 87.562126160
0.117814161 0.031970117 0.992520869 3.469652653 0.016276481 0.999285221 -0.034120049 -1.193854451 -0.992902219 0.020174570 0.117209584 87.628692627
0.103137940 0.028618978 0.994255245 3.940658092 0.016141701 0.999406159 -0.030441683 -1.219424963 -0.994536102 0.019188667 0.102614738 87.669906616
0.090081066 0.026366577 0.995585442 4.421250820 0.019168261 0.999418437 -0.028202448 -1.235067248 -0.995749950 0.021624146 0.089523286 87.699172974
0.078832306 0.025236547 0.996568441 4.914618969 0.022352006 0.999383330 -0.027075963 -1.254591227 -0.996637285 0.024409764 0.078219615 87.722282410
0.065152556 0.026602007 0.997520626 5.495149136 0.020644203 0.999394715 -0.028000349 -1.263548732 -0.997661710 0.022417318 0.064563952 87.831367493
0.057396673 0.027099010 0.997983575 6.024322510 0.022528188 0.999341846 -0.028431542 -1.282250166 -0.998097181 0.024114637 0.056748416 87.854835510
0.051805045 0.027217068 0.998286247 6.573025703 0.024596287 0.999290526 -0.028520847 -1.302333117 -0.998354256 0.026031658 0.051098868 87.879196167
0.048914392 0.028176200 0.998405457 7.022376060 0.029717071 0.999118388 -0.029652234 -1.318978429 -0.998360813 0.031120108 0.048033953 87.842628479
0.043350227 0.029077390 0.998636723 7.598481655 0.030277662 0.999078929 -0.030404599 -1.336823583 -0.998601139 0.031554427 0.042429902 87.855926514
0.038703099 0.029003093 0.998829722 8.206482887 0.033250649 0.998987734 -0.030296093 -1.353635669 -0.998697400 0.034384288 0.037699543 87.883445740
0.035820525 0.029087199 0.998934805 8.828388214 0.034445841 0.998946488 -0.030322721 -1.373843670 -0.998764455 0.035495333 0.034780852 87.900192261
0.032917883 0.028399115 0.999054551 9.459820747 0.035989277 0.998914361 -0.029580940 -1.399249196 -0.998809814 0.036929000 0.031860083 87.914955139
0.030425433 0.027789770 0.999150753 10.118365288 0.038032848 0.998857260 -0.028939765 -1.422040343 -0.998813093 0.038881049 0.029333748 87.930755615
0.030005768 0.027568927 0.999169409 10.790192604 0.042524371 0.998679280 -0.028832439 -1.444997668 -0.998644710 0.043354195 0.028793788 87.944122314
0.031200785 0.027400158 0.999137461 11.480022430 0.045920812 0.998529375 -0.028817479 -1.464427948 -0.998457730 0.046780337 0.029896660 87.959335327
0.033585805 0.027156541 0.999066889 12.187408447 0.047761656 0.998445094 -0.028745255 -1.492236495 -0.998293936 0.048682533 0.032236539 87.985389709
0.037553657 0.026976416 0.998930395 12.904894829 0.050526001 0.998305738 -0.028859010 -1.515160799 -0.998016477 0.051555719 0.036127016 88.001373291
0.042013772 0.026452178 0.998766780 13.649276733 0.051037800 0.998287439 -0.028586421 -1.538944006 -0.997812569 0.052175879 0.040591761 88.033248901
0.045918401 0.024817280 0.998636901 14.400780678 0.052548498 0.998247325 -0.027223833 -1.564509988 -0.997562110 0.053726945 0.044533808 88.071212769
0.049797371 0.023272684 0.998488128 15.154045105 0.052045308 0.998309672 -0.025864169 -1.589299679 -0.997402370 0.053254589 0.048501968 88.106071472
0.053846341 0.021236029 0.998323321 15.931779861 0.048803370 0.998523057 -0.023872565 -1.613713384 -0.997355878 0.050006997 0.052730422 88.156890869
0.057857521 0.020197352 0.998120487 16.728582382 0.048075791 0.998578966 -0.022993412 -1.636999249 -0.997166574 0.049315780 0.056804303 88.212486267
0.062299456 0.020940658 0.997837782 17.503816605 0.045345474 0.998687983 -0.023789618 -1.665125847 -0.997026861 0.046729498 0.061268166 88.250450134
0.065148212 0.025157070 0.997558415 18.307001114 0.043045949 0.998680711 -0.027996600 -1.695188880 -0.996946692 0.044764783 0.063979357 88.313896179
0.066294871 0.030518129 0.997333229 19.101003647 0.037129492 0.998764396 -0.033029996 -1.725550294 -0.997108936 0.039220195 0.065079838 88.384590149
0.066206463 0.033363592 0.997247934 19.909675598 0.034474138 0.998767614 -0.035703145 -1.760216475 -0.997210205 0.036743049 0.064974695 88.437141418
0.065918051 0.033148270 0.997274280 20.722249985 0.032093890 0.998860538 -0.035322346 -1.791982770 -0.997308791 0.034334801 0.064779088 88.506591797
0.065687589 0.031583801 0.997340202 21.529960632 0.029171189 0.999010861 -0.033558004 -1.829180598 -0.997413754 0.031297952 0.064701281 88.568580627
0.066053428 0.030305959 0.997355759 22.362827301 0.029799763 0.999032915 -0.032330513 -1.865790606 -0.997371018 0.031856515 0.065086439 88.613265991
0.066400692 0.028640468 0.997381926 23.171676636 0.027363557 0.999159753 -0.030513244 -1.919385791 -0.997417808 0.029318023 0.065561198 88.675079346
0.066230908 0.029080965 0.997380435 23.993320465 0.026315309 0.999176621 -0.030880800 -1.954180598 -0.997457266 0.028291643 0.065411106 88.746192932
0.067261271 0.030110562 0.997280955 24.780502319 0.023644257 0.999215722 -0.031763654 -1.979390383 -0.997455120 0.025716428 0.066496573 88.785247803
0.065692447 0.031492129 0.997342825 25.590091705 0.020813296 0.999241173 -0.032922987 -2.014538527 -0.997622788 0.022920782 0.064987145 88.848541260
0.062775753 0.030978732 0.997546792 26.408006668 0.017592028 0.999328494 -0.032141130 -2.054020882 -0.997872531 0.019566551 0.062188633 88.909301758
0.058891628 0.029713901 0.997822046 27.213487625 0.015202234 0.999414325 -0.030658551 -2.089353323 -0.998148561 0.016974654 0.058405425 88.964363098
0.054460764 0.027353322 0.998141170 28.002866745 0.013599513 0.999511838 -0.028132901 -2.122950792 -0.998423338 0.015106376 0.054062180 88.998115540
0.048780110 0.024972750 0.998497188 28.817766190 0.011676761 0.999604881 -0.025570899 -2.158925772 -0.998741269 0.012906568 0.048469234 89.036178589
0.041242704 0.025556818 0.998822153 29.619703293 0.011380416 0.999596000 -0.026046524 -2.190131426 -0.999084413 0.012441241 0.040935189 89.066970825
0.032405309 0.026404131 0.999125957 30.415586472 0.011380203 0.999576390 -0.026785133 -2.222384453 -0.999410033 0.012238238 0.032091100 89.093818665
0.022906814 0.026742045 0.999379873 31.219972610 0.012125138 0.999561131 -0.027024815 -2.251264572 -0.999664128 0.012736673 0.022572512 89.107086182
0.012362122 0.026062064 0.999583840 32.020881653 0.013862781 0.999559641 -0.026232878 -2.283215523 -0.999827504 0.014181308 0.011995387 89.119277954
0.001503479 0.025252212 0.999679983 32.800853729 0.012651646 0.999600589 -0.025269236 -2.312584162 -0.999918818 0.012685589 0.001183397 89.119995117
-0.009910526 0.024595963 0.999648333 33.587440491 0.014145081 0.999600887 -0.024454562 -2.341711521 -0.999850869 0.013897748 -0.010254482 89.112388611
-0.020622151 0.024854537 0.999478400 34.365776062 0.014640184 0.999591291 -0.024555279 -2.372754812 -0.999680102 0.014126164 -0.020977600 89.092803955
-0.032155514 0.025674263 0.999153137 35.141693115 0.014714620 0.999573827 -0.025211515 -2.400802851 -0.999374568 0.013891471 -0.032519598 89.071212769
-0.042097803 0.026344817 0.998766065 35.909694672 0.014579440 0.999562025 -0.025751296 -2.434865952 -0.999007106 0.013477378 -0.042463463 89.027053833
-0.052498087 0.027456135 0.998243451 36.675945282 0.015194394 0.999528110 -0.026692392 -2.461929083 -0.998505354 0.013766406 -0.052890502 88.987823486
-0.061759718 0.028024266 0.997697473 37.431995392 0.016365718 0.999499738 -0.027061816 -2.498225689 -0.997956812 0.014656710 -0.062187459 88.931510925
-0.071540907 0.028761640 0.997022927 38.194515228 0.017016938 0.999473810 -0.027611304 -2.524450064 -0.997292459 0.014990941 -0.071992703 88.877365112
-0.080839477 0.029274881 0.996297181 38.934528351 0.017564612 0.999455094 -0.027942488 -2.555554867 -0.996572316 0.015240716 -0.081309639 88.817314148
-0.089039817 0.028420759 0.995622516 39.667243958 0.018909339 0.999460757 -0.026839245 -2.586875200 -0.995848596 0.016436800 -0.089529231 88.741600037
-0.096644387 0.027687265 0.994933844 40.386177063 0.020730866 0.999452055 -0.025799280 -2.613454819 -0.995103002 0.018132484 -0.097165428 88.669136047
-0.101834238 0.025707090 0.994469166 41.110778809 0.024279464 0.999432445 -0.023349157 -2.649513960 -0.994505048 0.021767434 -0.102400593 88.586425781
-0.105036296 0.023984669 0.994179130 41.815235138 0.027701538 0.999391735 -0.021183720 -2.677813530 -0.994082510 0.025315233 -0.105636828 88.496513367
-0.108006626 0.023168467 0.993880212 42.521316528 0.029122692 0.999373078 -0.020131703 -2.699282646 -0.993723512 0.026770111 -0.108613633 88.422279358
-0.110068448 0.022127118 0.993677616 43.201801300 0.028992701 0.999398232 -0.019043013 -2.725525141 -0.993501067 0.026713364 -0.110643737 88.351028442
-0.110739484 0.022671301 0.993590832 43.862258911 0.030256696 0.999353290 -0.019430557 -2.748996973 -0.993388832 0.027911048 -0.111353822 88.277183533
-0.109592989 0.023682930 0.993694365 44.508903503 0.030969879 0.999312043 -0.020401198 -2.773669004 -0.993493974 0.028538765 -0.110251069 88.204582214
-0.106390297 0.025260925 0.994003534 45.154705048 0.032023545 0.999245644 -0.021966595 -2.798897743 -0.993808627 0.029494483 -0.107118994 88.130699158
-0.101259097 0.025692901 0.994528234 45.771038055 0.031719800 0.999241531 -0.022585075 -2.823628187 -0.994354248 0.029259289 -0.101997264 88.070526123
-0.093176015 0.026708424 0.995291352 46.366413116 0.031885561 0.999207497 -0.023828486 -2.843712568 -0.995138943 0.029515177 -0.093953773 88.018859863
-0.082622521 0.026234480 0.996235549 46.935508728 0.029619833 0.999276400 -0.023858042 -2.875466347 -0.996140599 0.027537119 -0.083339795 87.989509583
-0.068581939 0.026503947 0.997293353 47.493526459 0.028738456 0.999284685 -0.024580576 -2.903706789 -0.997231483 0.026974885 -0.069294557 87.952575684
-0.051295772 0.028194848 0.998285472 48.030197144 0.029387582 0.999211133 -0.026710942 -2.919558287 -0.998250961 0.027967038 -0.052083876 87.934440613
-0.029674010 0.030994354 0.999079108 48.561382294 0.027224448 0.999173343 -0.030188678 -2.940577507 -0.999188721 0.026303554 -0.030493284 87.932403564
-0.005252493 0.033933949 0.999410272 49.082843781 0.025186885 0.999111474 -0.033791430 -2.967523336 -0.999668896 0.024994545 -0.006102513 87.950256348
0.023003232 0.035469737 0.999105990 49.597812653 0.022969540 0.999087811 -0.035997942 -2.997066975 -0.999471486 0.023777075 0.022167521 87.982154846
0.056389850 0.035242215 0.997786701 50.080337524 0.021254389 0.999107957 -0.036490086 -3.016048431 -0.998182535 0.023265017 0.055590488 88.018836975
0.094149418 0.033004578 0.995010912 50.580627441 0.019955957 0.999186933 -0.035031375 -3.038779736 -0.995358050 0.023154575 0.093414217 88.091850281
0.136280909 0.029293653 0.990237117 51.075004578 0.017277813 0.999340355 -0.031940818 -3.060951471 -0.990519524 0.021462053 0.135684893 88.184524536
0.181547403 0.024821775 0.983068943 51.560413361 0.014169660 0.999511540 -0.027853724 -3.089508057 -0.983280063 0.018986523 0.181107000 88.300071716
0.230009273 0.021649843 0.972947657 52.043937683 0.009472908 0.999655426 -0.024483582 -3.111151695 -0.973142266 0.014848098 0.229724884 88.444137573
0.281750590 0.020210778 0.959274828 52.512264252 0.004926253 0.999734521 -0.022510119 -3.131838799 -0.959474981 0.011067874 0.281576186 88.613815308
0.335662574 0.019695191 0.941776276 52.954757690 0.004771868 0.999732971 -0.022607988 -3.151708364 -0.941970110 0.012082689 0.335478991 88.798866272
0.394362837 0.020211644 0.918732464 53.395988464 0.006296901 0.999675214 -0.024695260 -3.168798923 -0.918933213 0.015524062 0.394107461 89.009796143
0.453917563 0.023777859 0.890726328 53.807022095 0.006543720 0.999528050 -0.030017011 -3.185673237 -0.891019642 0.019453913 0.453547686 89.259902954
0.514723122 0.026152452 0.856957495 54.199684143 0.007563742 0.999357224 -0.035041261 -3.214496851 -0.857323050 0.024518352 0.514194429 89.512031555
0.569649696 0.033213008 0.821216285 54.533046722 0.002876852 0.999096453 -0.042402707 -3.196507931 -0.821882606 0.026517211 0.569039404 89.835090637
0.626066387 0.036305327 0.778924167 54.879100800 -0.001746278 0.998978317 -0.045158368 -3.211256981 -0.779767871 0.026911920 0.625490069 90.155342102
0.679772198 0.036990013 0.732489944 55.201801300 -0.004239059 0.998908818 -0.046509929 -3.236074209 -0.733411133 0.028511088 0.679187238 90.485076904
0.727383077 0.034978643 0.685339630 55.479324341 -0.004779146 0.998934090 -0.045911673 -3.255639553 -0.686215103 0.030120037 0.726774931 90.853744507
0.771037579 0.032404523 0.635964513 55.712345123 -0.007984296 0.999117851 -0.041228320 -3.268031836 -0.636739433 0.026710853 0.770616353 91.234367371
0.812847614 0.027112508 0.581844985 55.962963104 -0.009106337 0.999385476 -0.033847138 -3.289258003 -0.582405210 0.022214087 0.812595069 91.636489868
0.849299371 0.025235076 0.527307928 56.178489685 -0.012923470 0.999551356 -0.027020002 -3.305834532 -0.527753234 0.016133422 0.849244535 92.059135437
0.880891979 0.022595802 0.472777575 56.392223358 -0.014721631 0.999684632 -0.020348908 -3.311527729 -0.473088294 0.010965133 0.880946815 92.505134583
0.905190885 0.021533344 0.424459487 56.508510590 -0.017149491 0.999752879 -0.014146127 -3.337911367 -0.424659222 0.005525680 0.905336380 92.917823792
0.925323784 0.023395509 0.378455758 56.646755219 -0.021080174 0.999725163 -0.010260362 -3.353641748 -0.378591806 0.001516243 0.925562501 93.361885071
0.940440714 0.029056402 0.338713855 56.762500763 -0.028244656 0.999574244 -0.007326551 -3.364801645 -0.338782549 -0.002676670 0.940860868 93.812820435
0.952104926 0.033765614 0.303901583 56.867984772 -0.032886092 0.999427021 -0.008013305 -3.374021769 -0.303998023 -0.002364629 0.952669740 94.263809204
0.961342573 0.035684690 0.273033142 56.978969574 -0.035030603 0.999359787 -0.007271763 -3.381398916 -0.273117900 -0.002573861 0.961977065 94.724472046
0.967520297 0.030121351 0.250992268 57.090465546 -0.029218379 0.999546289 -0.007324145 -3.386255026 -0.251099020 -0.000247329 0.967961371 95.192726135
0.971489370 0.027004808 0.235540375 57.200347900 -0.026254250 0.999635279 -0.006322626 -3.400566816 -0.235625282 -0.000041572 0.971844018 95.682029724
0.974282742 0.031241439 0.223152876 57.289630890 -0.030547272 0.999511778 -0.006562806 -3.409343958 -0.223249003 -0.000422684 0.974761307 96.165298462
0.976266682 0.036455344 0.213481396 57.383224487 -0.035840381 0.999334693 -0.006751478 -3.404609919 -0.213585481 -0.001060012 0.976923764 96.665466309
0.977409184 0.043964956 0.206732541 57.477134705 -0.043339930 0.999031782 -0.007553433 -3.413704872 -0.206864476 -0.001576980 0.978368342 97.173736572
0.977820337 0.049635921 0.203478694 57.575675964 -0.048362926 0.998766840 -0.011226933 -3.420333147 -0.203785017 0.001137100 0.979014993 97.694137573
0.977871656 0.051432095 0.202785075 57.680599213 -0.049743284 0.998671770 -0.013419290 -3.438750267 -0.203205928 0.003035147 0.979131341 98.216613770
0.977344394 0.050436303 0.205557734 57.794612885 -0.048078228 0.998707950 -0.016453518 -3.463032961 -0.206122026 0.006197904 0.978506625 98.759681702
0.976422548 0.048955221 0.210243613 57.907249451 -0.044862512 0.998700142 -0.024194857 -3.461809635 -0.211154759 0.014192346 0.977349639 99.310295105
0.975542903 0.049584512 0.214143232 58.031406403 -0.044461221 0.998599470 -0.028678128 -3.476703405 -0.215265289 0.018455679 0.976381183 99.865982056
0.974296272 0.054472312 0.218585581 58.149559021 -0.049479630 0.998375416 -0.028254407 -3.494283676 -0.219769537 0.016712630 0.975408673 100.443954468
0.972775757 0.057479147 0.224507242 58.272510529 -0.053365082 0.998278081 -0.024355160 -3.513528347 -0.225520521 0.011711263 0.974168062 101.024749756
0.971740901 0.054048717 0.229779139 58.409355164 -0.050724834 0.998505294 -0.020352297 -3.521923780 -0.230535701 0.008121650 0.973029971 101.646331787
0.971162319 0.049837168 0.233152494 58.574214935 -0.047756433 0.998752832 -0.014564590 -3.546298027 -0.233587548 0.003010051 0.972331107 102.258354187
0.970336497 0.047340252 0.237078398 58.725879669 -0.046318863 0.998877823 -0.009879638 -3.562118769 -0.237280041 -0.001394629 0.971440315 102.888198853
0.969806671 0.042649820 0.240116939 58.885108948 -0.041575368 0.999089777 -0.009540931 -3.572538853 -0.240305275 -0.000730089 0.970697105 103.525985718
0.969892979 0.039154656 0.240363419 59.044128418 -0.037223831 0.999227941 -0.012569704 -3.588560820 -0.240669981 0.003244021 0.970601559 104.162048340
0.970040917 0.038637530 0.239849463 59.207008362 -0.035027239 0.999200046 -0.019298617 -3.606469631 -0.240403205 0.010319183 0.970618308 104.814331055
0.970257640 0.041035652 0.238570988 59.375007629 -0.035875604 0.999019682 -0.025932938 -3.622893333 -0.239401296 0.016602755 0.970778763 105.463699341
0.970836639 0.043683618 0.235728413 59.534694672 -0.037672997 0.998841345 -0.029944118 -3.635796309 -0.236763373 0.020190254 0.971357584 106.139045715
0.971449852 0.042284232 0.233446226 59.696937561 -0.037312347 0.998973668 -0.025675109 -3.653387547 -0.234292299 0.016231658 0.972030699 106.839965820
0.971887529 0.038378194 0.232296348 59.864444733 -0.035168551 0.999220252 -0.017944263 -3.677469730 -0.232803881 0.009270284 0.972479522 107.548713684
0.972415388 0.038741149 0.230016202 60.028434753 -0.037006352 0.999244809 -0.011852803 -3.701905966 -0.230301678 0.003013790 0.973114550 108.267402649
0.972676992 0.042251267 0.228285462 60.188880920 -0.040407039 0.999101996 -0.012748589 -3.718714237 -0.228619084 0.003175921 0.973510802 108.995101929
0.972949684 0.047781225 0.226021841 60.345821381 -0.045057096 0.998836339 -0.017198892 -3.736492634 -0.226580620 0.006549767 0.973970354 109.725753784
0.973799586 0.048594166 0.222155452 60.508232117 -0.044709820 0.998746932 -0.022483660 -3.752611160 -0.222969636 0.011962048 0.974752009 110.465385437
0.974750161 0.047196895 0.218253508 60.676689148 -0.042668007 0.998765826 -0.025419956 -3.773835421 -0.219183892 0.015465659 0.975560963 111.224800110
0.975652218 0.045286085 0.214597255 60.838958740 -0.041128337 0.998870313 -0.023802593 -3.797947884 -0.215432763 0.014397022 0.976412535 111.998596191
0.976584673 0.041568976 0.211079016 61.004192352 -0.037816379 0.999047279 -0.021785505 -3.820884228 -0.211783528 0.013293149 0.977226138 112.766059875
0.977003396 0.039753754 0.209485322 61.171787262 -0.036623642 0.999152303 -0.018801425 -3.846092701 -0.210055158 0.010696941 0.977631032 113.562721252
0.977344811 0.036987625 0.208396360 61.341991425 -0.034301329 0.999275506 -0.016490726 -3.865231276 -0.208855331 0.008968858 0.977905452 114.361228943
0.977613211 0.032128159 0.207943112 61.515415192 -0.029571187 0.999444067 -0.015394224 -3.882682800 -0.208322093 0.008900474 0.978019834 115.162467957
0.977745771 0.032523904 0.207256690 61.684913635 -0.030327685 0.999445200 -0.013765979 -3.902372599 -0.207589433 0.007174016 0.978189766 115.978019714
0.977532029 0.037848745 0.207361281 61.853477478 -0.035320170 0.999249816 -0.015884150 -3.917610168 -0.207806915 0.008203234 0.978135467 116.783386230
0.977104068 0.043854006 0.208193302 62.009120941 -0.040808816 0.998988271 -0.018901519 -3.947179079 -0.208811536 0.009972631 0.977905035 117.599639893
0.976491749 0.052276012 0.209119916 62.171112061 -0.049060054 0.998584628 -0.020539846 -3.963354349 -0.209897637 0.009797556 0.977674246 118.435279846
0.975608945 0.058127053 0.211680144 62.338211060 -0.055145185 0.998278677 -0.019968133 -3.986524582 -0.212476447 0.007807950 0.977134943 119.270347595
0.974722624 0.060771514 0.214994416 62.508373260 -0.058265861 0.998139203 -0.017978953 -4.012962341 -0.215686947 0.004997659 0.976449728 120.111305237
0.974103034 0.061764143 0.217505112 62.689746857 -0.059174459 0.998077989 -0.018406030 -4.047427177 -0.218223885 0.005058624 0.975885570 120.941574097
0.973759472 0.060330238 0.219437197 62.874187469 -0.056935046 0.998140454 -0.021769395 -4.065959930 -0.220342517 0.008704490 0.975383759 121.759933472
0.973850131 0.054324709 0.220600739 63.070709229 -0.051029865 0.998484433 -0.020611579 -4.089887619 -0.221386120 0.008815366 0.975146413 122.600830078
0.974196374 0.047454532 0.220656738 63.272121429 -0.043688726 0.998804808 -0.021918235 -4.123010159 -0.221433103 0.011712459 0.975105286 123.439636230
0.973873854 0.046928335 0.222187266 63.453952789 -0.043051492 0.998824775 -0.022262519 -4.148563385 -0.222970918 0.012115397 0.974749863 124.281875610
0.973316610 0.049356163 0.224095061 63.647903442 -0.046222515 0.998746336 -0.019211264 -4.179409981 -0.224762350 0.008340409 0.974377930 125.112945557
0.972866952 0.051341251 0.225596562 63.825965881 -0.049652707 0.998679817 -0.013156151 -4.206560135 -0.225974202 0.001597704 0.974132001 125.936233521
0.972429812 0.055139255 0.226583004 64.003639221 -0.054455593 0.998472989 -0.009271760 -4.229197025 -0.226748288 -0.003322576 0.973947823 126.762474060
0.972211421 0.054574277 0.227654561 64.186424255 -0.052448340 0.998505116 -0.015382151 -4.260157108 -0.228153735 0.003014598 0.973620474 127.576179504
0.972555339 0.050403632 0.227146521 64.378944397 -0.044781379 0.998550951 -0.029840749 -4.285258293 -0.228321478 0.018849848 0.973403335 128.390426636
