1.000000000 0.000000000 0.000000000 0.000000000 0.000000000 1.000000000 0.000000000 0.000000000 0.000000000 0.000000000 1.000000000 0.000000000
0.999995828 0.002890469 0.000199816 -0.007376158 -0.002890750 0.999994814 0.001419730 -0.013901835 -0.000195711 -0.001420302 0.999998987 0.770651758
0.999983251 0.005754377 0.000583334 -0.012432529 -0.005755457 0.999981642 0.001866785 -0.028830003 -0.000572581 -0.001870111 0.999998093 1.534993410
0.999975264 0.006920896 0.001272787 -0.026943628 -0.006923168 0.999974430 0.001789583 -0.048041731 -0.001260369 -0.001798351 0.999997616 2.262094259
0.999958456 0.009046325 0.001189574 -0.027711727 -0.009047865 0.999958217 0.001294695 -0.058826964 -0.001177812 -0.001305404 0.999998510 2.993966341
0.999957800 0.008994471 0.001879051 -0.042160813 -0.008996827 0.999958754 0.001248897 -0.076255426 -0.001867740 -0.001265749 0.999997437 3.691216946
0.999955952 0.009254130 0.001631809 -0.032217197 -0.009257494 0.999955118 0.002066310 -0.087577276 -0.001612614 -0.002081325 0.999996543 4.392928123
0.999944866 0.010123141 0.002799234 -0.050231222 -0.010137301 0.999935687 0.005091452 -0.102734782 -0.002747512 -0.005119548 0.999983072 5.054438114
0.999938488 0.010308965 0.004091632 -0.048423167 -0.010344251 0.999908626 0.008698776 -0.105661437 -0.004001583 -0.008740566 0.999953747 5.731480122
0.999944329 0.008960170 0.005582469 -0.050175328 -0.009029358 0.999881208 0.012494456 -0.123514920 -0.005469853 -0.012544166 0.999906361 6.335998535
0.999941528 0.008489586 0.006692904 -0.041680560 -0.008588652 0.999851882 0.014914791 -0.133884400 -0.006565292 -0.014971404 0.999866366 6.961002827
0.999926329 0.009231265 0.007883189 -0.038268246 -0.009345473 0.999850035 0.014575724 -0.137970254 -0.007747455 -0.014648321 0.999862731 7.542599678
0.999913216 0.010139746 0.008414698 -0.028029708 -0.010242261 0.999872684 0.012230460 -0.149097055 -0.008289612 -0.012315582 0.999889791 8.102516174
0.999892473 0.010541889 0.010192397 -0.038366105 -0.010635919 0.999900997 0.009215786 -0.153747365 -0.010094236 -0.009323201 0.999905586 8.611295700
0.999904871 0.008388220 0.010957543 -0.012609098 -0.008475301 0.999932647 0.007924924 -0.163720950 -0.010890330 -0.008017037 0.999908566 9.126149178
0.999901354 0.004219977 0.013397472 -0.016701024 -0.004292696 0.999976158 0.005403638 -0.169029281 -0.013374349 -0.005460617 0.999895632 9.586200714
0.999884903 0.002727496 0.014925648 -0.001255255 -0.002793183 0.999986410 0.004381855 -0.176287264 -0.014913495 -0.004423039 0.999879003 10.028486252
0.999837995 0.006686415 0.016712843 0.005211291 -0.006723772 0.999974966 0.002180055 -0.184858903 -0.016697850 -0.002292075 0.999857962 10.444461823
0.999741912 0.011133087 0.019804306 0.004565834 -0.011165976 0.999936461 0.001550868 -0.198127851 -0.019785779 -0.001771602 0.999802649 10.810853958
0.999653280 0.012112129 0.023378924 0.006977677 -0.012181239 0.999921858 0.002815917 -0.207910672 -0.023342988 -0.003099724 0.999722719 11.173577309
0.999615073 0.008199336 0.026503677 0.022087812 -0.008289873 0.999960065 0.003307895 -0.212710604 -0.026475497 -0.003526333 0.999643326 11.495792389
0.999580324 0.003057920 0.028807579 0.048371483 -0.003131930 0.999991894 0.002524313 -0.209087282 -0.028799625 -0.002613477 0.999581814 11.796862602
0.999509394 -0.001000615 0.031305198 0.052927159 0.000865258 0.999990225 0.004337033 -0.219617635 -0.031309232 -0.004307819 0.999500394 12.033485413
0.999427378 -0.001245500 0.033813998 0.063423924 0.001059885 0.999984264 0.005506665 -0.226562351 -0.033820327 -0.005467673 0.999412954 12.263246536
0.999364734 -0.000577000 0.035633430 0.075979218 0.000414143 0.999989450 0.004577549 -0.232199505 -0.035635691 -0.004559884 0.999354422 12.462921143
0.999285817 0.000545937 0.037781056 0.085561968 -0.000664482 0.999994874 0.003125178 -0.235485062 -0.037779160 -0.003148051 0.999281108 12.659637451
0.999172211 0.002958259 0.040573131 0.084820144 -0.003047318 0.999993086 0.002133371 -0.238924876 -0.040566538 -0.002255245 0.999174237 12.829395294
0.999065816 0.006104878 0.042782042 0.082901441 -0.006180320 0.999979615 0.001631369 -0.247955620 -0.042771209 -0.001894252 0.999083102 12.991308212
0.999010384 0.007074468 0.043912936 0.090579726 -0.007102321 0.999974668 0.000478313 -0.256304890 -0.043908443 -0.000789724 0.999035180 13.135904312
0.998925209 0.006219319 0.045932859 0.096756965 -0.006164919 0.999980092 -0.001325896 -0.260975152 -0.045940194 0.001041298 0.998943627 13.282324791
0.998874307 0.004795182 0.047192708 0.109712660 -0.004675360 0.999985576 -0.002649023 -0.266156584 -0.047204729 0.002425398 0.998882234 13.445016861
0.998824477 0.004192306 0.048293024 0.125025898 -0.004021424 0.999985278 -0.003635057 -0.268913299 -0.048307557 0.003436577 0.998826563 13.587854385
0.998746693 0.004815802 0.049817394 0.130417943 -0.004571797 0.999976933 -0.005010767 -0.274425358 -0.049840376 0.004776733 0.998745739 13.714847565
0.998677135 0.005458596 0.051128786 0.132764280 -0.005094506 0.999960721 -0.007248665 -0.273069084 -0.051166348 0.006978601 0.998665750 13.830537796
0.998633683 0.005647932 0.051950198 0.142939970 -0.005159754 0.999941289 -0.009526361 -0.274126023 -0.052000955 0.009245294 0.998604238 13.955099106
0.998596728 0.004844372 0.052735388 0.150581777 -0.004226502 0.999921203 -0.011821642 -0.279303581 -0.052788503 0.011582167 0.998538554 14.077948570
0.998623669 0.003939500 0.052300088 0.159216940 -0.003233204 0.999902487 -0.013582426 -0.284686208 -0.052348502 0.013394634 0.998539031 14.208453178
0.998734355 0.003547332 0.050170850 0.160928980 -0.002808789 0.999886751 -0.014783414 -0.287175268 -0.050217610 0.014623784 0.998631239 14.334334373
0.998886228 0.003513183 0.047053140 0.167886466 -0.002786137 0.999875844 -0.015508275 -0.290160418 -0.047101788 0.015359906 0.998771966 14.459370613
0.999065697 0.004306504 0.043002855 0.170439065 -0.003571488 0.999846399 -0.017154507 -0.287729293 -0.043070134 0.016984893 0.998927712 14.585175514
0.999301016 0.003826194 0.037187520 0.165505424 -0.003157535 0.999832511 -0.018022889 -0.297470987 -0.037250254 0.017892869 0.999145746 14.700787544
0.999521732 0.004358727 0.030616634 0.162840396 -0.003788408 0.999818683 -0.018661153 -0.298452377 -0.030692425 0.018536238 0.999356985 14.831295013
0.999709427 0.004590102 0.023660749 0.150596708 -0.004128048 0.999800563 -0.019540248 -0.301207751 -0.023745723 0.019436900 0.999529004 14.944817543
0.999872744 0.004155073 0.015400241 0.154194877 -0.003840372 0.999784410 -0.020408290 -0.303583622 -0.015481720 0.020346554 0.999673128 15.086765289
0.999980211 0.003207250 0.005400418 0.142759189 -0.003089236 0.999759257 -0.021721121 -0.304618508 -0.005468784 0.021704011 0.999749422 15.218921661
0.999968350 0.001398503 -0.007829824 0.138026953 -0.001580768 0.999726772 -0.023320757 -0.308024317 0.007795068 0.023332398 0.999697387 15.375137329
0.999709010 0.000687777 -0.024111580 0.121350795 -0.001299778 0.999677181 -0.025375579 -0.311434031 0.024086343 0.025399534 0.999387205 15.526364326
0.999079645 0.001406528 -0.042868856 0.087013438 -0.002541675 0.999647260 -0.026436562 -0.314138085 0.042816546 0.026521189 0.998730898 15.704164505
0.997897387 0.002536934 -0.064763136 0.053117257 -0.004220672 0.999656260 -0.025874844 -0.321750045 0.064675242 0.026093785 0.997565150 15.880348206
0.996082723 0.003240313 -0.088366330 0.016280735 -0.005400180 0.999692261 -0.024214098 -0.332869589 0.088260673 0.024596445 0.995793700 16.076894760
0.993369699 0.003880118 -0.114898212 -0.045313526 -0.006532357 0.999720573 -0.022715859 -0.340583175 0.114777982 0.023315797 0.993117511 16.295024872
0.989427686 0.004822030 -0.144947201 -0.115352623 -0.007854857 0.999761820 -0.020358656 -0.350445807 0.144814506 0.021281956 0.989229918 16.523206711
0.983978689 0.004761390 -0.178222746 -0.183244795 -0.007899058 0.999825954 -0.016899880 -0.354019880 0.178111255 0.018036911 0.983845055 16.772743225
0.976670980 0.006127493 -0.214653522 -0.271904498 -0.009107550 0.999875367 -0.012896837 -0.361145407 0.214547753 0.014550932 0.976605117 17.006977081
0.967056215 0.007457451 -0.254453629 -0.381406724 -0.009681799 0.999925017 -0.007490374 -0.365812272 0.254378647 0.009707181 0.967055976 17.283235550
0.955220163 0.011343467 -0.295678258 -0.514985263 -0.012786157 0.999913871 -0.002946130 -0.366912752 0.295619369 0.006594792 0.955283046 17.557035446
0.941056967 0.014777320 -0.337925196 -0.645048022 -0.015201303 0.999883473 0.001391744 -0.367609710 0.337906390 0.003827195 0.941171944 17.825115204
0.924478471 0.017720917 -0.380822092 -0.789421201 -0.016019527 0.999842405 0.007637204 -0.377234399 0.380897433 -0.000959839 0.924616814 18.087749481
0.905283689 0.021187380 -0.424278677 -0.971300781 -0.016297776 0.999752343 0.015150467 -0.379813641 0.424494624 -0.006800674 0.905404925 18.383611679
0.883408964 0.025272870 -0.467920840 -1.147726178 -0.016964929 0.999614894 0.021961346 -0.381520599 0.468295664 -0.011462606 0.883497477 18.648811340
0.858641326 0.030365238 -0.511676550 -1.368995905 -0.019716810 0.999461651 0.026225979 -0.375890732 0.512197435 -0.012430083 0.858777821 18.934797287
0.830583930 0.033438638 -0.555888593 -1.582862258 -0.020412715 0.999352932 0.029614797 -0.377080411 0.556519210 -0.013250379 0.830729067 19.194898605
0.799747288 0.036992434 -0.599196136 -1.839210033 -0.022766877 0.999250531 0.031303558 -0.368328035 0.599905074 -0.011393109 0.799990058 19.467367172
0.765979588 0.040261794 -0.641602874 -2.102749348 -0.023745827 0.999127865 0.034348130 -0.360833645 0.642426193 -0.011074575 0.766267538 19.729642868
0.728955686 0.042765316 -0.683223724 -2.409804583 -0.023997882 0.999029756 0.036928505 -0.327720881 0.684140086 -0.010523321 0.729274750 20.005239487
0.690218985 0.044397522 -0.722237289 -2.757020950 -0.021914707 0.998940647 0.040463917 -0.323596328 0.723268628 -0.012101342 0.690460682 20.284626007
0.649535954 0.044811402 -0.759009123 -3.127637625 -0.019489758 0.998915076 0.042296566 -0.315420121 0.760081053 -0.012680234 0.649704516 20.557645798
0.607072175 0.043624882 -0.793448269 -3.506439447 -0.014224160 0.998928547 0.044039473 -0.299748242 0.794519424 -0.015449001 0.607042193 20.801200867
0.561963081 0.043021880 -0.826042652 -3.921976328 -0.009162501 0.998908937 0.045791771 -0.276810527 0.827111542 -0.018164670 0.561744153 21.058732986
0.515886486 0.044179745 -0.855516970 -4.356639385 -0.007844755 0.998871088 0.046852220 -0.249301165 0.856621027 -0.017459100 0.515650570 21.267759323
0.464247853 0.043589316 -0.884631991 -4.810541153 -0.006352972 0.998926461 0.045887064 -0.227899700 0.885682523 -0.015682930 0.464026392 21.494539261
0.414556980 0.043630991 -0.908976793 -5.291529179 -0.002483706 0.998900533 0.046814587 -0.213373184 0.910019994 -0.017149685 0.414209545 21.645217896
0.360785097 0.042700805 -0.931670964 -5.792142868 0.002978238 0.998893499 0.046935089 -0.193723783 0.932644248 -0.019708218 0.360258698 21.810012817
0.307988226 0.041705605 -0.950475633 -6.336387157 0.005671220 0.998940587 0.045669857 -0.169109151 0.951373339 -0.019456133 0.307425350 21.941181183
0.255662113 0.047707852 -0.965588331 -6.907815933 0.005822247 0.998687625 0.050884798 -0.135818228 0.966748655 -0.018631211 0.255048782 22.048343658
0.203542039 0.052617576 -0.977651298 -7.492428303 0.007934650 0.998433352 0.055388033 -0.108592838 0.979034066 -0.019031115 0.202805698 22.144105911
0.155026942 0.054048438 -0.986430705 -8.096131325 0.013676496 0.998289168 0.056847584 -0.083432473 0.987815559 -0.022303823 0.154022560 22.218309402
0.111038975 0.055601813 -0.992259443 -8.697794914 0.015386268 0.998217940 0.057657503 -0.064581767 0.993696928 -0.021669403 0.109985605 22.250497818
0.071035236 0.053606451 -0.996032298 -9.318587303 0.015811121 0.998368800 0.054859824 -0.034300491 0.997348487 -0.019645371 0.070071787 22.267047882
0.035571873 0.049272139 -0.998151720 -9.963013649 0.013524467 0.998668671 0.049779642 0.000476818 0.999275625 -0.015270228 0.034858130 22.259456635
0.006867046 0.049171127 -0.998766780 -10.627900124 0.010945482 0.998726785 0.049244415 0.037271425 0.999916494 -0.011270147 0.006320100 22.238082886
-0.014033819 0.053228669 -0.998483717 -11.325812340 0.009809631 0.998541296 0.053093866 0.069624886 0.999853373 -0.009049646 -0.014535500 22.206268311
-0.027145362 0.059366185 -0.997867107 -12.058398247 0.011362875 0.998188913 0.059076216 0.102635235 0.999566913 -0.009734994 -0.027770765 22.182657242
-0.035045311 0.061719570 -0.997478068 -12.800127983 0.010710577 0.998057127 0.061379090 0.138998449 0.999328315 -0.008532519 -0.035638265 22.147447586
-0.039050378 0.059047334 -0.997491121 -13.555583954 0.012030874 0.998207927 0.058618777 0.173319548 0.999164820 -0.009711605 -0.039690785 22.112312317
-0.038368516 0.055145197 -0.997740924 -14.333546638 0.019591067 0.998325646 0.054424144 0.210852802 0.999071538 -0.017458634 -0.039384626 22.088798523
-0.034483735 0.053446807 -0.997975051 -15.133584023 0.031635173 0.998126984 0.052361827 0.258143365 0.998904467 -0.029765485 -0.036109939 22.082530975
-0.028470350 0.053848751 -0.998143137 -15.958338737 0.031939026 0.998087049 0.052934721 0.291856527 0.999084234 -0.030372649 -0.030135769 22.057657242
-0.023658859 0.052444093 -0.998343587 -16.803827286 0.030210821 0.998204529 0.051720846 0.329667717 0.999263465 -0.028937118 -0.025200754 22.037841797
-0.020565646 0.046155609 -0.998722553 -17.676565170 0.033827174 0.998394012 0.045443866 0.362199873 0.999216020 -0.032849379 -0.022093933 22.031347275
-0.018634712 0.035396375 -0.999199629 -18.546453476 0.031753283 0.998890042 0.034793224 0.393951893 0.999321997 -0.031079503 -0.019737978 22.014179230
-0.018068202 0.027131155 -0.999468625 -19.444574356 0.023873391 0.999358475 0.026696585 0.421842426 0.999551654 -0.023378344 -0.018704323 21.982442856
-0.019588875 0.024092320 -0.999517798 -20.342041016 0.018614879 0.999545097 0.023728162 0.446722776 0.999634743 -0.018141095 -0.020028438 21.959556580
-0.023174768 0.030335238 -0.999271095 -21.291929245 0.009307790 0.999502659 0.030126406 0.466092288 0.999688089 -0.008602832 -0.023445597 21.914340973
-0.028510081 0.038627435 -0.998846889 -22.231010437 0.004484463 0.999247968 0.038514949 0.486850560 0.999583423 -0.003381228 -0.028661860 21.878028870
-0.032957476 0.048103396 -0.998298466 -23.213481903 0.003019965 0.998841286 0.048029855 0.521942914 0.999452174 -0.001431884 -0.033064559 21.829208374
-0.034020789 0.057668485 -0.997755945 -24.224618912 0.001499055 0.998335660 0.057650879 0.571266174 0.999420047 0.000465638 -0.034050614 21.780576706
-0.034957122 0.065556847 -0.997236311 -25.251838684 0.003494759 0.997848153 0.065474570 0.616443813 0.999382734 -0.001196298 -0.035111003 21.740051270
-0.036810141 0.066403285 -0.997113645 -26.276945114 0.004591488 0.997790575 0.066278867 0.669206202 0.999311745 -0.002138501 -0.037033703 21.705265045
-0.038443819 0.063374467 -0.997249126 -27.294054031 0.003473192 0.997989297 0.063287616 0.725141644 0.999254823 -0.001030620 -0.038586635 21.658842087
-0.041091830 0.058859836 -0.997420192 -28.309019089 0.003518564 0.998265684 0.058764774 0.766358495 0.999149203 -0.001094735 -0.041227669 21.609739304
-0.046231136 0.053733177 -0.997484565 -29.325941086 0.003459890 0.998554885 0.053630482 0.811562359 0.998924792 -0.000971789 -0.046350244 21.563610077
-0.051930431 0.049059637 -0.997444928 -30.355394363 0.003340365 0.998795629 0.048952155 0.854202151 0.998645127 -0.000789724 -0.052031763 21.506948471
-0.058702692 0.046962775 -0.997170329 -31.380977631 0.002682997 0.998896658 0.046886142 0.897920251 0.998271942 0.000076937 -0.058763929 21.431493759
-0.065211177 0.049617276 -0.996637166 -32.446720123 0.003158049 0.998768330 0.049516734 0.934355021 0.997866452 0.000081617 -0.065287553 21.359144211
-0.071472742 0.054497771 -0.995952666 -33.513217926 0.001813050 0.998511732 0.054507691 0.976579905 0.997440875 0.002090103 -0.071465179 21.273029327
-0.077606037 0.057629060 -0.995317161 -34.575618744 -0.001012712 0.998323023 0.057882056 1.018546820 0.996983588 0.005499967 -0.077417523 21.178899765
-0.082137361 0.059656318 -0.994834006 -35.646713257 -0.004346036 0.998175979 0.060215544 1.070220709 0.996611536 0.009269530 -0.081728265 21.079320908
-0.084336944 0.061102275 -0.994562149 -36.724071503 -0.008965396 0.998031139 0.062075652 1.116290450 0.996396959 0.014151914 -0.083623096 20.968177795
-0.086049959 0.062150057 -0.994350374 -37.792530060 -0.013235481 0.997892976 0.063516870 1.172499895 0.996202826 0.018626332 -0.085046060 20.856943130
-0.087259941 0.061449736 -0.994288504 -38.871944427 -0.014142245 0.997918606 0.062915236 1.230070353 0.996085107 0.019551452 -0.086209282 20.746131897
-0.088741906 0.060909402 -0.994190574 -39.961658478 -0.015343576 0.997926533 0.062507860 1.277723312 0.995936453 0.020801509 -0.087623328 20.642988205
-0.090338461 0.060189854 -0.994090617 -41.040554047 -0.016123580 0.997952819 0.061888933 1.329706669 0.995780587 0.021619251 -0.089183040 20.544822693
-0.090531394 0.059035610 -0.994142234 -42.129219055 -0.018253945 0.997975409 0.060925528 1.390272856 0.995726287 0.023662690 -0.089270473 20.421875000
-0.091452025 0.056880437 -0.994183600 -43.204143524 -0.023292964 0.997972012 0.059239827 1.429147124 0.995537043 0.028575091 -0.089941651 20.319046021
-0.091769703 0.051644228 -0.994440079 -44.293621063 -0.028129062 0.998121262 0.054431222 1.481773257 0.995382905 0.032967810 -0.090144582 20.209249496
-0.091011986 0.051276099 -0.994528949 -45.383335114 -0.029936746 0.998081326 0.054198857 1.525740862 0.995399714 0.034705695 -0.089302339 20.103439331
-0.090107568 0.055715572 -0.994372427 -46.494029999 -0.030862646 0.997798264 0.058704227 1.570014596 0.995453715 0.035978660 -0.088189654 20.008359909
-0.087891683 0.058986813 -0.994381964 -47.591583252 -0.030422138 0.997620583 0.061867885 1.616598845 0.995665431 0.035688899 -0.085888043 19.903320312
-0.085568503 0.058174159 -0.994632483 -48.676567078 -0.029345872 0.997713685 0.060879003 1.675039887 0.995899975 0.034397677 -0.083665706 19.794673920
-0.083033405 0.057185765 -0.994904578 -49.786663055 -0.029266614 0.997781694 0.059793677 1.729290605 0.996116877 0.034082361 -0.081175581 19.697656631
-0.079249360 0.057491675 -0.995195568 -50.895401001 -0.033533871 0.997616768 0.060301911 1.786358118 0.996290565 0.038151648 -0.077132568 19.605110168
-0.072982363 0.058284622 -0.995628655 -52.021179199 -0.038917679 0.997364223 0.061238982 1.841959596 0.996573567 0.043216929 -0.070521690 19.500875473
-0.067325287 0.058114931 -0.996037066 -53.141334534 -0.042456508 0.997231007 0.061054364 1.893507719 0.996827245 0.046398759 -0.064671509 19.411909103
-0.061191551 0.056892335 -0.996503234 -54.278884888 -0.044305846 0.997235298 0.059654787 1.953067183 0.997142196 0.047801301 -0.058501717 19.331363678
-0.055505369 0.055736002 -0.996901512 -55.418922424 -0.043953978 0.997336447 0.058207579 2.010604858 0.997490466 0.047048625 -0.052907709 19.266960144
-0.050122052 0.055568498 -0.997196019 -56.558536530 -0.042426135 0.997431278 0.057714071 2.060137033 0.997841597 0.045199916 -0.047635753 19.203844070
-0.045171499 0.056311931 -0.997390866 -57.698905945 -0.041127961 0.997458637 0.058178436 2.109809637 0.998132348 0.043648660 -0.042740706 19.157968521
-0.038719021 0.057863273 -0.997573376 -58.842124939 -0.040543281 0.997408986 0.059427358 2.163254499 0.998427272 0.042745877 -0.036272734 19.101440430
-0.033436626 0.059227314 -0.997684360 -59.995429993 -0.041230999 0.997310996 0.060586981 2.215003014 0.998589993 0.043161348 -0.030904710 19.063488007
-0.028876837 0.058170106 -0.997888923 -61.161430359 -0.040695868 0.997409165 0.059319790 2.269627094 0.998754263 0.042322934 -0.026434738 19.038438797
-0.023583399 0.053673398 -0.998279989 -62.323009491 -0.040819596 0.997673273 0.054605097 2.318959475 0.998888135 0.042037159 -0.021337602 18.995857239
-0.019568358 0.048351444 -0.998638630 -63.475009918 -0.040729064 0.997962236 0.049116772 2.364607811 0.998978615 0.041634757 -0.017559173 18.976636887
-0.015294175 0.047930554 -0.998733580 -64.668212891 -0.040487174 0.998001516 0.048515424 2.406983137 0.999063015 0.041177902 -0.013323038 18.940311432
-0.011961309 0.050298296 -0.998662531 -65.848358154 -0.039977256 0.997911513 0.050739288 2.444640875 0.999128997 0.040530715 -0.009925540 18.935232162
-0.010196864 0.049946990 -0.998699784 -67.014015198 -0.040429901 0.997914433 0.050320510 2.488247395 0.999130368 0.040890444 -0.008156245 18.920730591
-0.009080101 0.049568288 -0.998729408 -68.174530029 -0.042377166 0.997854292 0.049910132 2.535240889 0.999060392 0.042776529 -0.006960054 18.904045105
-0.007598532 0.050456129 -0.998697400 -69.361328125 -0.043659650 0.997757077 0.050740805 2.576308966 0.999017537 0.043988325 -0.005378592 18.879936218
-0.006631186 0.049893264 -0.998732567 -70.535987854 -0.044287182 0.997759879 0.050138723 2.618854523 0.998996735 0.044563532 -0.004406699 18.867818832
-0.005699437 0.048480231 -0.998807907 -71.713302612 -0.044512618 0.997821748 0.048686374 2.650974989 0.998992562 0.044737041 -0.003529040 18.860509872
-0.004869673 0.047479536 -0.998860300 -72.893699646 -0.042723559 0.997950196 0.047644563 2.691026688 0.999075055 0.042906888 -0.002831197 18.850931168
-0.004675324 0.047214162 -0.998873889 -74.081565857 -0.039295908 0.998104453 0.047361732 2.729148388 0.999216735 0.039473079 -0.002811139 18.843915939
-0.004330201 0.047657002 -0.998854399 -75.251258850 -0.037069552 0.998169541 0.047785021 2.771896839 0.999303222 0.037233997 -0.002555651 18.838636398
-0.004194420 0.050479583 -0.998716354 -76.437255859 -0.036680140 0.998045206 0.050599713 2.811836720 0.999318242 0.036845285 -0.002334622 18.828845978
-0.003957485 0.054225445 -0.998520851 -77.606765747 -0.038732439 0.997771084 0.054338235 2.851617813 0.999241710 0.038890194 -0.001848381 18.819972992
-0.003046139 0.054206785 -0.998525083 -78.783172607 -0.040951017 0.997685254 0.054286126 2.896667957 0.999156475 0.041055977 -0.000819265 18.805791855
-0.003026614 0.052043982 -0.998640120 -79.959312439 -0.042234406 0.997747064 0.052125435 2.939161539 0.999103129 0.042334743 -0.000821748 18.801540375
-0.002968182 0.049515754 -0.998768866 -81.141761780 -0.041414455 0.997910321 0.049596261 2.984935999 0.999137640 0.041510683 -0.000911312 18.788581848
-0.002955149 0.048685819 -0.998809755 -82.327056885 -0.039321329 0.998036027 0.048764434 3.027740240 0.999222279 0.039418641 -0.001034954 18.784097672
-0.002864717 0.050488051 -0.998720467 -83.493865967 -0.038118914 0.997993231 0.050560623 3.058596373 0.999269128 0.038214982 -0.000934419 18.779968262
-0.002436970 0.053483348 -0.998565674 -84.672332764 -0.037339736 0.997867525 0.053537067 3.095817566 0.999299645 0.037416652 -0.000434719 18.771337509
-0.002370647 0.055871647 -0.998435140 -85.841308594 -0.037850071 0.997717500 0.055921353 3.137558699 0.999280632 0.037923414 -0.000250491 18.772008896
-0.001535374 0.055942927 -0.998432755 -87.014106750 -0.040564984 0.997608662 0.055959124 3.177404881 0.999175727 0.040587336 0.000737622 18.744590759
-0.001446043 0.053953066 -0.998542428 -88.187179565 -0.040012434 0.997740626 0.053967688 3.220888615 0.999198139 0.040032148 0.000716017 18.743375778
-0.001340658 0.053028867 -0.998592079 -89.361434937 -0.038717519 0.997841358 0.053040989 3.257673025 0.999249279 0.038734119 0.000715382 18.738731384
-0.000714073 0.053730328 -0.998555183 -90.498558044 -0.037081491 0.997867227 0.053719830 3.300661564 0.999311984 0.037066273 0.001279851 18.731645584
-0.000731760 0.056456950 -0.998404682 -91.673217773 -0.034753252 0.997800291 0.056448258 3.348968267 0.999395669 0.034739122 0.001231913 18.731266022
-0.000726937 0.059009511 -0.998257279 -92.855537415 -0.033565309 0.997693479 0.059000634 3.394644737 0.999436259 0.033549700 0.001255413 18.733909607
-0.000318562 0.060885254 -0.998144746 -94.020812988 -0.034180447 0.997560799 0.060860552 3.442184925 0.999415696 0.034136418 0.001763300 18.728004456
0.000412909 0.062905334 -0.998019457 -95.179718018 -0.036794573 0.997344553 0.062847577 3.491533995 0.999322712 0.036695749 0.002726387 18.714698792
0.001196327 0.062144503 -0.998066366 -96.339027405 -0.038823184 0.997317612 0.062051337 3.538878202 0.999245405 0.038673878 0.003605766 18.700977325
0.000918101 0.057788063 -0.998328447 -97.490394592 -0.041158747 0.997485161 0.057701390 3.593561172 0.999152243 0.041036975 0.003294277 18.694923401
0.001481842 0.055908073 -0.998434842 -98.648536682 -0.042817369 0.997523785 0.055793513 3.645193577 0.999081850 0.042667679 0.003872009 18.685335159
0.001769128 0.054450102 -0.998514950 -99.802581787 -0.042078327 0.997636139 0.054327630 3.680519342 0.999112725 0.041919731 0.004056115 18.685331345
0.001780705 0.054836918 -0.998493731 -100.970901489 -0.040585823 0.997676432 0.054719660 3.727687597 0.999174476 0.040427249 0.004002169 18.692602158
0.001954239 0.056994129 -0.998372734 -102.117324829 -0.040902019 0.997543514 0.056866746 3.770865440 0.999161243 0.040724318 0.004280614 18.683122635
0.001913076 0.059049603 -0.998253286 -103.286338806 -0.039610632 0.997476041 0.058927730 3.818700552 0.999213338 0.039428703 0.004247240 18.685548782
0.001485122 0.057827760 -0.998325467 -104.447952271 -0.043528501 0.997384071 0.057708476 3.871646643 0.999051094 0.043369908 0.003998393 18.679159164
0.000874352 0.059104085 -0.998251379 -105.617218018 -0.046826083 0.997159183 0.058998402 3.923934937 0.998902738 0.046692621 0.003639481 18.677320480
0.001187145 0.058434337 -0.998290479 -106.788047791 -0.051231999 0.996983826 0.058296923 3.975558519 0.998686075 0.051075213 0.004177272 18.653608322
0.000632166 0.054257482 -0.998526692 -107.965507507 -0.051881660 0.997183979 0.054151665 4.030084610 0.998653054 0.051770989 0.003445353 18.655639648
0.000618993 0.050731041 -0.998712182 -109.122489929 -0.051618498 0.997382581 0.050631508 4.066401958 0.998666704 0.051520675 0.003236033 18.645936966
-0.000693954 0.049968936 -0.998750567 -110.320686340 -0.047950380 0.997600257 0.049944706 4.110826492 0.998849511 0.047925122 0.001703740 18.648805618
-0.000981922 0.049160972 -0.998790383 -111.491073608 -0.043760654 0.997831941 0.049156819 4.149416924 0.999041498 0.043755986 0.001171523 18.651121140
-0.001229488 0.050834209 -0.998706341 -112.697006226 -0.042862013 0.997786582 0.050840154 4.198384285 0.999080300 0.042869072 0.000952090 18.644533157
-0.002231391 0.055236548 -0.998470783 -113.912055969 -0.041763633 0.997597039 0.055281539 4.227298260 0.999124944 0.041823123 0.000080850 18.635786057
-0.002556598 0.054905828 -0.998488247 -115.175422668 -0.040260915 0.997676432 0.054964267 4.298204422 0.999185920 0.040340576 -0.000340099 18.630523682
-0.004092709 0.050582703 -0.998711467 -116.394615173 -0.040149257 0.997906268 0.050706454 4.346637726 0.999185264 0.040305052 -0.002053282 18.630022049
-0.004581441 0.046787694 -0.998894274 -117.638610840 -0.040484287 0.998077214 0.046935100 4.392385483 0.999169767 0.040654566 -0.002678466 18.617301941
-0.004629787 0.045415536 -0.998957455 -118.907676697 -0.039739966 0.998170674 0.045563951 4.437984943 0.999199331 0.039909478 -0.002816505 18.599174500
-0.005581999 0.046543382 -0.998900652 -120.147666931 -0.041832659 0.998030841 0.046736620 4.484361172 0.999109030 0.042047553 -0.003623975 18.586483002
-0.005528033 0.051483732 -0.998658597 -121.412185669 -0.046810072 0.997565687 0.051686507 4.527533054 0.998888493 0.047033001 -0.003104619 18.558900833
-0.006177005 0.054926336 -0.998471260 -122.658096313 -0.051912889 0.997126341 0.055173494 4.568737507 0.998632491 0.052174337 -0.003307871 18.538906097
-0.006217126 0.054556932 -0.998491347 -123.922737122 -0.059172746 0.996740878 0.054829720 4.625277042 0.998228431 0.059424359 -0.002968581 18.512901306
-0.005218470 0.052184466 -0.998623788 -125.173736572 -0.062641963 0.996659160 0.052409127 4.679059505 0.998022437 0.062829264 -0.001932099 18.480413437
-0.006621056 0.051239595 -0.998664439 -126.420578003 -0.064407676 0.996590734 0.051560219 4.726613045 0.997901678 0.064663030 -0.003298261 18.474466324
-0.007963036 0.050351527 -0.998699784 -127.682540894 -0.064281069 0.996640086 0.050760213 4.770196915 0.997900009 0.064601690 -0.004699631 18.466787338
-0.008193372 0.050057273 -0.998712718 -128.972076416 -0.062019698 0.996798038 0.050470103 4.809675217 0.998041272 0.062353384 -0.005062600 18.455171585
-0.008450815 0.050867595 -0.998669624 -130.228363037 -0.062753707 0.996709764 0.051298801 4.850675583 0.997993231 0.063103743 -0.005230879 18.436611176
-0.009495840 0.055766314 -0.998398662 -131.485076904 -0.062348690 0.996467948 0.056251481 4.898751736 0.998009205 0.062783010 -0.005985344 18.424686432
-0.009977934 0.059815485 -0.998159528 -132.766052246 -0.061436068 0.996286809 0.060317390 4.952155590 0.998061121 0.061924849 -0.006266056 18.408273697
-0.010030189 0.058859184 -0.998215795 -134.036926270 -0.061227910 0.996356845 0.059364788 5.002429485 0.998073399 0.061714116 -0.006389822 18.386037827
-0.009248667 0.057308085 -0.998313725 -135.302444458 -0.061290484 0.996446729 0.057768725 5.055904865 0.998077035 0.061721418 -0.005703365 18.361511230
-0.008099520 0.056791171 -0.998353243 -136.552124023 -0.060367491 0.996537149 0.057177626 5.108838558 0.998143315 0.060731184 -0.004643132 18.343629837
-0.007525239 0.056041908 -0.998400152 -137.801513672 -0.060918745 0.996548116 0.056397125 5.154650211 0.998114288 0.061245676 -0.004085261 18.335325241
-0.006807212 0.058163565 -0.998283863 -139.048217773 -0.060585607 0.996449053 0.058469795 5.205469131 0.998139799 0.060879640 -0.003259165 18.330684662
-0.005936371 0.061643340 -0.998080552 -140.293975830 -0.061431628 0.996190548 0.061891992 5.259816647 0.998093665 0.061681125 -0.002126905 18.315124512
-0.004536270 0.062231030 -0.998051524 -141.553176880 -0.063232578 0.996046543 0.062393419 5.324553013 0.997988522 0.063392378 -0.000583308 18.300556183
-0.003672569 0.060134765 -0.998183489 -142.788513184 -0.064900585 0.996071458 0.060246319 5.364696980 0.997884929 0.065003969 0.000244641 18.291183472
-0.003716702 0.057324070 -0.998348653 -144.030838013 -0.063412391 0.996332824 0.057444394 5.417073727 0.997980535 0.063521191 -0.000068016 18.284948349
-0.003737660 0.055509865 -0.998451054 -145.268524170 -0.060958095 0.996588588 0.055634513 5.467931271 0.998133302 0.061071627 -0.000341134 18.287691116
-0.004300545 0.054887414 -0.998483241 -146.506149292 -0.059014346 0.996738255 0.055045668 5.515452862 0.998247862 0.059161562 -0.001047374 18.283103943
-0.004637275 0.055533130 -0.998446167 -147.728118896 -0.057149723 0.996810198 0.055707578 5.555213928 0.998354793 0.057319254 -0.001448781 18.279705048
-0.004997858 0.053965781 -0.998530269 -148.957794189 -0.055298351 0.996999979 0.054159854 5.604671001 0.998457313 0.055487767 -0.001998646 18.275255203
-0.004521174 0.054115433 -0.998524427 -150.199020386 -0.054236721 0.997051597 0.054281197 5.652289867 0.998517871 0.054402106 -0.001572800 18.257947922
-0.004853492 0.056539994 -0.998388529 -151.443984985 -0.052003480 0.997035027 0.056716159 5.705552578 0.998635113 0.052194949 -0.001898824 18.251882553
-0.004846878 0.058218129 -0.998292148 -152.669494629 -0.049477037 0.997067213 0.058386914 5.749283314 0.998763502 0.049675528 -0.001952203 18.243087769
-0.004666325 0.056728318 -0.998378754 -153.898193359 -0.047493346 0.997250378 0.056886185 5.801220894 0.998860598 0.047681801 -0.001959277 18.230834961
-0.005636639 0.057126403 -0.998351038 -155.116333008 -0.048419919 0.997180402 0.057332784 5.849521637 0.998811185 0.048663251 -0.002854689 18.220529556
-0.005585754 0.061630938 -0.998083413 -156.344436646 -0.049222574 0.996872187 0.061831620 5.906031132 0.998772264 0.049473617 -0.002534648 18.209762573
-0.004864379 0.068289600 -0.997653723 -157.582778931 -0.053924449 0.996196032 0.068452746 5.961370468 0.998533249 0.054130912 -0.001163395 18.193216324
-0.004347179 0.068521760 -0.997640133 -158.801605225 -0.058405444 0.995929062 0.068658762 6.017254829 0.998283505 0.058566093 -0.000327437 18.184926987
-0.002926544 0.064459711 -0.997916043 -160.031204224 -0.062103428 0.995982289 0.064516932 6.081941605 0.998065472 0.062162828 0.001088383 18.165273666
-0.000881676 0.059204835 -0.998245418 -161.261810303 -0.064304113 0.996176481 0.059138916 6.135443211 0.997929931 0.064243436 0.002928810 18.147029877
-0.000234075 0.057810027 -0.998327553 -162.485092163 -0.066884920 0.996091187 0.057696201 6.187802315 0.997760713 0.066786557 0.003633459 18.139841080
0.001154048 0.054557797 -0.998509943 -163.669570923 -0.061965629 0.996595681 0.054381583 6.228947163 0.998077631 0.061810534 0.004530827 18.147090912
0.001852988 0.049994700 -0.998747766 -164.888031006 -0.059161492 0.997005582 0.049797729 6.280045509 0.998246729 0.058995139 0.004805201 18.139705658
0.001346980 0.046361770 -0.998923779 -166.095428467 -0.052492831 0.997550726 0.046227265 6.319968224 0.998620391 0.052374072 0.003777341 18.149831772
-0.000093245 0.049369831 -0.998780549 -167.324737549 -0.050380711 0.997511983 0.049311820 6.363061905 0.998730063 0.050323874 0.002394274 18.153133392
0.000823042 0.055207651 -0.998474538 -168.561004639 -0.051414307 0.997156739 0.055092398 6.415378571 0.998677135 0.051290534 0.003659165 18.147047043
0.002357058 0.059090331 -0.998249829 -169.768539429 -0.052190598 0.996899426 0.058887161 6.451851368 0.998634338 0.051960457 0.005433710 18.147563934
0.004136800 0.055495787 -0.998450339 -170.979812622 -0.053212248 0.997056484 0.055197846 6.505464077 0.998574674 0.052901447 0.007077680 18.143077850
0.004498843 0.055995855 -0.998421013 -172.205276489 -0.055267166 0.996918797 0.055662587 6.552376747 0.998461485 0.054929480 0.007579715 18.148214340
0.004838045 0.056831133 -0.998372138 -173.427459717 -0.054054704 0.996938825 0.056487605 6.603598118 0.998526335 0.053693410 0.007895226 18.154714584
0.006086616 0.054885399 -0.998474121 -174.631393433 -0.053363282 0.997087657 0.054483887 6.647602081 0.998556614 0.052950237 0.008997753 18.158441544
0.007826270 0.053792026 -0.998521507 -175.814544678 -0.053578842 0.997140288 0.053297672 6.688344955 0.998532951 0.053082507 0.010686003 18.162046432
0.009011509 0.055379137 -0.998424709 -176.956863403 -0.054744035 0.996995211 0.054805748 6.729063988 0.998459697 0.054163910 0.012016110 18.175302505
0.009733929 0.057726763 -0.998284936 -178.091552734 -0.054356612 0.996886730 0.057115901 6.758662224 0.998474121 0.053707436 0.012841457 18.189598083
0.010708589 0.058967464 -0.998202384 -179.182006836 -0.055493407 0.996756434 0.058286704 6.792664528 0.998401642 0.054769501 0.013946160 18.191318512
0.010959074 0.059767351 -0.998152137 -180.258605957 -0.055899158 0.996687770 0.059065927 6.832878590 0.998376310 0.055148557 0.014263718 18.196662903
0.010439541 0.061217587 -0.998069763 -181.302795410 -0.054979049 0.996649563 0.060555410 6.862951756 0.998432934 0.054240752 0.013770248 18.209403992
0.011238810 0.060122456 -0.998127699 -182.328521729 -0.055623792 0.996682823 0.059409093 6.902997017 0.998388588 0.054851953 0.014545767 18.207967758
0.012476958 0.060449488 -0.998093188 -183.299514771 -0.056123879 0.996639788 0.059659865 6.928315639 0.998345852 0.055272494 0.015827693 18.223981857
0.014032356 0.061425414 -0.998012960 -184.258239746 -0.057026669 0.996535897 0.060532682 6.963497639 0.998274028 0.056063939 0.017486634 18.232910156
0.013040381 0.059744526 -0.998128653 -185.201583862 -0.055244222 0.996731699 0.058939178 6.994428635 0.998387694 0.054372247 0.016298303 18.248832703
0.009885295 0.056976356 -0.998326600 -186.139373779 -0.053117689 0.996995807 0.056374434 7.023960590 0.998539329 0.052471522 0.012882050 18.257143021
0.004969051 0.053240087 -0.998569369 -187.056564331 -0.052912936 0.997196794 0.052903604 7.054941177 0.998586774 0.052574355 0.007772211 18.258193970
-0.000473442 0.050291967 -0.998734474 -187.988433838 -0.055096358 0.997216225 0.050241631 7.087959290 0.998480916 0.055050410 0.002298780 18.250467300
-0.004356203 0.049471021 -0.998766005 -188.931411743 -0.056311075 0.997178555 0.049637999 7.123175144 0.998403847 0.056457825 -0.001558147 18.249746323
-0.006809084 0.050278772 -0.998712003 -189.832290649 -0.058212135 0.997021556 0.050590549 7.147049427 0.998281002 0.058481634 -0.003861970 18.228384018
-0.008964551 0.051892795 -0.998612463 -190.757446289 -0.056931861 0.997006297 0.052320402 7.182839870 0.998337746 0.057321895 -0.005983359 18.219966888
-0.010442905 0.053223751 -0.998528063 -191.693969727 -0.053997859 0.997095406 0.053712122 7.217782021 0.998486459 0.054479286 -0.007538604 18.211664200
-0.011571378 0.053868905 -0.998480976 -192.590927124 -0.052268874 0.997150123 0.054402843 7.240617275 0.998565972 0.052818991 -0.008722733 18.194181442
-0.011761007 0.052842997 -0.998533666 -193.466888428 -0.053355914 0.997146845 0.053398062 7.270762444 0.998506308 0.053905685 -0.008907965 18.167852402
-0.012725263 0.051588465 -0.998587310 -194.374755859 -0.055319145 0.997102439 0.052216697 7.305053711 0.998387694 0.055905469 -0.009834561 18.152662277
-0.013269303 0.050925653 -0.998614311 -195.282211304 -0.058813456 0.996933520 0.051621430 7.337038994 0.998180807 0.059416939 -0.010233499 18.139938354
-0.012675581 0.049514160 -0.998692989 -196.181808472 -0.061425526 0.996848404 0.050202321 7.362302780 0.998031199 0.061981585 -0.009594199 18.120838165
-0.011003629 0.047235534 -0.998823166 -197.093002319 -0.061106801 0.996984959 0.047821783 7.387503147 0.998070598 0.061561100 -0.008084041 18.094169617
-0.010431170 0.044636343 -0.998948812 -198.001266479 -0.060980089 0.997115374 0.045191180 7.417558193 0.998084486 0.061387379 -0.007679151 18.080005646
-0.009009230 0.043719668 -0.999003232 -198.921676636 -0.061250106 0.997143686 0.044190653 7.453723431 0.998081863 0.061587173 -0.006305662 18.057443619
-0.008689086 0.047316305 -0.998842120 -199.847427368 -0.058774650 0.997128785 0.047746424 7.472207069 0.998233497 0.059121467 -0.005883138 18.049964905
-0.008928705 0.048144367 -0.998800457 -200.775619507 -0.058613051 0.997097731 0.048586264 7.507920742 0.998240829 0.058976565 -0.006080903 18.044134140
-0.008162647 0.044383366 -0.998981178 -201.715927124 -0.053555708 0.997561276 0.044757877 7.537501335 0.998531461 0.053866502 -0.005765758 18.039215088
-0.008141490 0.041721046 -0.999096096 -202.655914307 -0.051832881 0.997768462 0.042087987 7.562900543 0.998622656 0.052128695 -0.005960800 18.033216476
-0.007330488 0.041740339 -0.999101579 -203.610809326 -0.056762803 0.997500062 0.042089909 7.601236820 0.998360813 0.057020355 -0.004942864 18.013051987
-0.006269092 0.045835380 -0.998929322 -204.563766479 -0.057496153 0.997279823 0.046120536 7.627158642 0.998326063 0.057723727 -0.003616681 18.003761292
-0.004073693 0.045371708 -0.998961806 -205.528549194 -0.055169538 0.997438490 0.045527495 7.659512520 0.998468816 0.055297729 -0.001560122 17.996458054
-0.002058586 0.046343427 -0.998923540 -206.504913330 -0.053610757 0.997483909 0.046387129 7.700349808 0.998559773 0.053648535 0.000431100 17.999597549
-0.000698606 0.050861791 -0.998705447 -207.490203857 -0.054798037 0.997203171 0.050823614 7.739617348 0.998497248 0.054762613 0.002090475 17.997255325
0.000789016 0.055041477 -0.998483777 -208.503982544 -0.051957674 0.997137666 0.054926213 7.775756359 0.998648942 0.051835559 0.003646585 17.998817444
0.002570631 0.055950016 -0.998430192 -209.499176025 -0.051006265 0.997141242 0.055746455 7.812441349 0.998695016 0.050782904 0.005417085 17.999309540
0.004203545 0.056220576 -0.998409450 -210.503433228 -0.054246459 0.996960938 0.055910625 7.863626957 0.998518765 0.053925164 0.007240539 18.002716064
0.007484624 0.058307495 -0.998270631 -211.522552490 -0.057135370 0.996692598 0.057786949 7.906897545 0.998338401 0.056604046 0.010791291 17.997848511
0.010846321 0.058833446 -0.998208880 -212.538619995 -0.058980595 0.996567190 0.058095817 7.948405743 0.998200178 0.058244832 0.014279121 18.001642227
0.013942964 0.056131687 -0.998326004 -213.564697266 -0.061819937 0.996561289 0.055169079 7.996121883 0.997989893 0.060947224 0.017365078 18.006940842
