1.000000000 -0.000000000 0.000000000 0.000000000 -0.000000000 1.000000000 0.000000000 0.000000000 0.000000000 0.000000000 1.000000000 0.000000000
0.999997497 0.000968867 0.002015778 -0.009090950 -0.000966680 0.999998927 -0.001085919 -0.017196598 -0.002016828 0.001083968 0.999997377 1.206252217
0.999978960 0.002214289 0.006104378 -0.060940653 -0.002209470 0.999997258 -0.000796177 -0.033861633 -0.006106123 0.000782672 0.999981046 2.450059175
0.999972403 0.001738258 0.007224176 -0.059657253 -0.001734581 0.999998331 -0.000515297 -0.053320795 -0.007225060 0.000502752 0.999973774 3.655374289
0.999964595 0.001531480 0.008272698 -0.055756852 -0.001527116 0.999998689 -0.000533820 -0.074309073 -0.008273504 0.000521167 0.999965727 4.851063251
0.999958575 0.001119996 0.009034958 -0.046905745 -0.001118232 0.999999344 -0.000200329 -0.098600335 -0.009035177 0.000190217 0.999959171 6.049277782
0.999953270 0.002123576 0.009434994 -0.051071834 -0.002112348 0.999997020 -0.001199822 -0.119339347 -0.009437514 0.001179836 0.999954760 7.274349213
0.999947369 0.002201811 0.010021501 -0.043008011 -0.002188669 0.999996722 -0.001322150 -0.142721638 -0.010024378 0.001300147 0.999948919 8.461306572
0.999939561 0.001613462 0.010880657 -0.050645735 -0.001613824 0.999998629 0.000024533 -0.165656760 -0.010880606 -0.000042091 0.999940813 9.627751350
0.999955714 0.000573425 0.009402449 -0.040619101 -0.000584700 0.999999106 0.001196530 -0.189522371 -0.009401756 -0.001201975 0.999955118 10.831903458
0.999974966 -0.001285090 0.006956700 -0.033586938 0.001281003 0.999998987 0.000591924 -0.211486474 -0.006957454 -0.000582997 0.999975562 11.941410065
0.999987960 -0.000701236 0.004858872 -0.034600712 0.000700082 0.999999642 0.000239239 -0.231424183 -0.004859039 -0.000235834 0.999988139 13.138823509
0.999992013 -0.000135930 0.003974147 -0.048621494 0.000136059 1.000000000 -0.000032024 -0.252778828 -0.003974142 0.000032564 0.999992132 14.353709221
0.999993563 0.001680900 0.003151226 -0.054069716 -0.001680358 0.999998629 -0.000174322 -0.273632586 -0.003151514 0.000169026 0.999995053 15.550790787
0.999995589 0.001587335 0.002505647 -0.055920459 -0.001587024 0.999998808 -0.000126090 -0.290624887 -0.002505845 0.000122113 0.999996901 16.752765656
0.999996126 0.001381775 0.002417045 -0.059669826 -0.001381904 0.999999046 0.000051963 -0.310112536 -0.002416971 -0.000055303 0.999997079 17.947713852
0.999998152 0.001099706 0.001578878 -0.059645802 -0.001100443 0.999999285 0.000465947 -0.331654519 -0.001578364 -0.000467684 0.999998689 19.138895035
0.999998569 0.001291538 0.001103369 -0.063299038 -0.001291063 0.999999106 -0.000430287 -0.354286224 -0.001103924 0.000428862 0.999999285 20.326427460
0.999998868 0.001213770 0.000948882 -0.072126411 -0.001212532 0.999998510 -0.001304828 -0.375905395 -0.000950465 0.001303676 0.999998748 21.521911621
0.999997854 0.002044517 0.000473245 -0.088835537 -0.002044201 0.999997675 -0.000668365 -0.401543379 -0.000474611 0.000667396 0.999999702 22.709590912
0.999998927 0.001522410 -0.000097645 -0.101856291 -0.001522462 0.999998629 -0.000534834 -0.423018783 0.000096831 0.000534982 0.999999881 23.913206100
0.999997437 0.002016259 -0.001024468 -0.105268709 -0.002017719 0.999996960 -0.001426103 -0.448451966 0.001021589 0.001428166 0.999998510 25.064245224
0.999994338 0.002785333 -0.001891283 -0.118020333 -0.002786606 0.999995887 -0.000670322 -0.469540954 0.001889408 0.000675589 0.999998033 26.264001846
0.999996543 0.001122722 -0.002367613 -0.125522450 -0.001119827 0.999998569 0.001223733 -0.495687813 0.002368984 -0.001221077 0.999996424 27.464832306
0.999993443 0.000975771 -0.003476704 -0.125566885 -0.000971697 0.999998987 0.001173000 -0.514206409 0.003477846 -0.001169614 0.999993265 28.643810272
0.999989450 0.000140365 -0.004583016 -0.133255422 -0.000139503 1.000000119 0.000188514 -0.533414245 0.004583042 -0.000187873 0.999989510 29.843103409
0.999985754 -0.000017797 -0.005320111 -0.142489985 0.000014131 0.999999702 -0.000689127 -0.556975722 0.005320121 0.000689042 0.999985576 31.018882751
0.999982119 0.000580906 -0.005957768 -0.157737523 -0.000584873 0.999999583 -0.000664130 -0.576983035 0.005957379 0.000667603 0.999982059 32.206317902
0.999974370 -0.000034633 -0.007148839 -0.166052729 0.000035381 0.999999940 0.000104432 -0.597426772 0.007148834 -0.000104682 0.999974430 33.417953491
0.999974132 -0.000136993 -0.007205856 -0.180316627 0.000137568 1.000000000 0.000079133 -0.619497359 0.007205844 -0.000080122 0.999974012 34.583831787
0.999965906 -0.000982478 -0.008203932 -0.187660471 0.000984615 0.999999464 0.000256449 -0.644380629 0.008203675 -0.000264518 0.999966204 35.782550812
0.999960542 -0.001184831 -0.008807465 -0.204343885 0.001184477 0.999999285 -0.000045467 -0.661439955 0.008807512 0.000035033 0.999961138 36.982109070
0.999965429 -0.001607414 -0.008151009 -0.231447399 0.001614330 0.999998331 0.000841937 -0.688946605 0.008149642 -0.000855066 0.999966383 38.173057556
0.999962509 -0.001438332 -0.008525237 -0.235249668 0.001454092 0.999997199 0.001842721 -0.703506291 0.008522562 -0.001855049 0.999961913 39.370677948
0.999966502 -0.000906021 -0.008129193 -0.256377131 0.000927646 0.999996006 0.002656800 -0.724644125 0.008126752 -0.002664252 0.999963403 40.581485748
0.999965489 -0.000155558 -0.008308021 -0.261649907 0.000174822 0.999997318 0.002317959 -0.740364671 0.008307638 -0.002319332 0.999962807 41.772914886
0.999967039 0.000646652 -0.008101142 -0.277972847 -0.000631312 0.999997973 0.001896034 -0.751924694 0.008102352 -0.001890857 0.999965429 42.968532562
0.999965072 0.003423060 -0.007634934 -0.292460442 -0.003391438 0.999985695 0.004150760 -0.773500800 0.007649033 -0.004124721 0.999962330 44.188167572
0.999977052 0.003217456 -0.005961183 -0.310417205 -0.003171943 0.999965787 0.007628735 -0.799671173 0.005985524 -0.007609652 0.999953091 45.370262146
0.999985993 0.003437962 -0.004026709 -0.327559203 -0.003397281 0.999943495 0.010066544 -0.806746840 0.004061090 -0.010052723 0.999941170 46.566776276
0.999989808 0.003852274 -0.002361666 -0.330237746 -0.003820109 0.999901891 0.013476158 -0.813347936 0.002413347 -0.013467000 0.999906421 47.769039154
0.999994755 0.003184505 -0.000737683 -0.351685315 -0.003172901 0.999878883 0.015230455 -0.831798017 0.000786096 -0.015228032 0.999883711 48.951820374
0.999998569 0.001424802 0.000858152 -0.355416030 -0.001436640 0.999901533 0.013956108 -0.835488141 -0.000838183 -0.013957321 0.999902189 50.165779114
0.999994338 0.002711189 0.001995971 -0.358630806 -0.002734782 0.999925256 0.011913843 -0.837933779 -0.001963521 -0.011919236 0.999927044 51.363140106
0.999991238 0.002873278 0.003057127 -0.366115004 -0.002907909 0.999930978 0.011384251 -0.840622425 -0.003024206 -0.011393041 0.999930501 52.570114136
0.999992251 0.002520241 0.003044535 -0.372563899 -0.002554046 0.999934554 0.011151090 -0.850759625 -0.003016232 -0.011158780 0.999933183 53.763088226
0.999996006 0.001497078 0.002392922 -0.369772315 -0.001521059 0.999948263 0.010051520 -0.864444017 -0.002377751 -0.010055118 0.999946654 54.994117737
0.999998689 0.001635866 0.000259457 -0.369116247 -0.001638437 0.999946177 0.010238662 -0.866882443 -0.000242694 -0.010239071 0.999947548 56.207771301
0.999998927 0.001381723 -0.000506890 -0.382523626 -0.001375610 0.999928653 0.011869057 -0.883939564 0.000523254 -0.011868347 0.999929488 57.403152466
0.999998808 0.000831984 -0.001301206 -0.390641153 -0.000815925 0.999924183 0.012293433 -0.891840875 0.001311334 -0.012292357 0.999923646 58.609989166
0.999993503 0.002200072 -0.002828331 -0.391422153 -0.002165226 0.999922454 0.012264766 -0.903169274 0.002855095 -0.012258561 0.999920785 59.811122894
0.999991119 0.002629759 -0.003294491 -0.402749926 -0.002589747 0.999923527 0.012091083 -0.907539606 0.003326034 -0.012082441 0.999921501 61.015300751
0.999993324 0.001376935 -0.003368530 -0.408544123 -0.001339071 0.999936163 0.011217057 -0.914854407 0.003383761 -0.011212471 0.999931395 62.206165314
0.999993443 0.000327734 -0.003601624 -0.417123973 -0.000290113 0.999945462 0.010441342 -0.924736857 0.003604851 -0.010440229 0.999938965 63.415332794
0.999991357 -0.000383894 -0.004139987 -0.419636846 0.000432767 0.999930143 0.011810720 -0.938699365 0.004135165 -0.011812411 0.999921679 64.605384827
0.999991953 -0.000119084 -0.004009121 -0.435432076 0.000172073 0.999912679 0.013219359 -0.941389143 0.004007197 -0.013219944 0.999904633 65.801086426
0.999989450 0.000154506 -0.004581116 -0.443539172 -0.000099704 0.999928415 0.011960471 -0.958658516 0.004582636 -0.011959887 0.999917984 67.007141113
0.999988616 0.002030069 -0.004310841 -0.460760474 -0.001983149 0.999939084 0.010860610 -0.965915084 0.004332627 -0.010851936 0.999931693 68.204948425
0.999983013 0.003765566 -0.004434699 -0.473006964 -0.003716500 0.999932349 0.011020740 -0.972414553 0.004475898 -0.011004074 0.999929368 69.399932861
0.999972284 0.005994712 -0.004411656 -0.485466540 -0.005944941 0.999919474 0.011209779 -0.979535758 0.004478499 -0.011183241 0.999927402 70.592849731
0.999963939 0.007380564 -0.004204202 -0.499213576 -0.007330867 0.999904513 0.011715775 -0.988426447 0.004290271 -0.011684534 0.999922514 71.799797058
0.999963403 0.007923208 -0.003211827 -0.509773016 -0.007882076 0.999889255 0.012622484 -0.995279014 0.003311482 -0.012596707 0.999915242 72.991264343
0.999952734 0.009623507 -0.001373834 -0.518542111 -0.009604722 0.999868333 0.013081150 -0.998281479 0.001499540 -0.013067336 0.999913454 74.194694519
0.999962568 0.008552017 0.001368025 -0.518052220 -0.008567200 0.999897242 0.011507774 -1.014770746 -0.001269470 -0.011519063 0.999932826 75.379219055
0.999976695 0.005871770 0.003493372 -0.514021635 -0.005893185 0.999963760 0.006151916 -1.021128654 -0.003457122 -0.006172359 0.999974966 76.552856445
0.999953508 0.007328719 0.006270942 -0.512818515 -0.007365937 0.999955297 0.005932859 -1.033812046 -0.006227182 -0.005978775 0.999962747 77.742218018
0.999944389 0.005980241 0.008692055 -0.504336059 -0.006063220 0.999936044 0.009551751 -1.047599077 -0.008634377 -0.009603920 0.999916613 78.923904419
0.999904037 0.006660517 0.012148629 -0.495675892 -0.006788757 0.999921322 0.010545380 -1.055411100 -0.012077435 -0.010626842 0.999870539 80.111480713
0.999848008 0.006646819 0.016122587 -0.482423782 -0.006789715 0.999938071 0.008824597 -1.064773798 -0.016062932 -0.008932723 0.999831080 81.280746460
0.999787688 0.005325506 0.019905092 -0.467083782 -0.005446421 0.999966979 0.006025268 -1.079990983 -0.019872347 -0.006132400 0.999783635 82.448371887
0.999720395 0.003813834 0.023335276 -0.442489356 -0.003875745 0.999989092 0.002608447 -1.094609737 -0.023325073 -0.002698160 0.999724329 83.615905762
0.999635696 0.003434403 0.026770888 -0.414995015 -0.003474978 0.999992847 0.001469261 -1.110229373 -0.026765650 -0.001561754 0.999640465 84.766563416
0.999534667 0.003198142 0.030335041 -0.384466469 -0.003303990 0.999988556 0.003439798 -1.132238388 -0.030323695 -0.003538424 0.999533832 85.942565918
0.999402583 0.004358945 0.034284588 -0.357845992 -0.004503569 0.999981225 0.004142223 -1.154637694 -0.034265887 -0.004294152 0.999403596 87.109039307
0.999266088 0.004030623 0.038091857 -0.318920135 -0.004102422 0.999989867 0.001806920 -1.170288205 -0.038084190 -0.001961862 0.999272645 88.268630981
0.999141991 0.003734973 0.041246004 -0.276425332 -0.003739432 0.999993026 0.000030985 -1.193671107 -0.041245598 -0.000185196 0.999149084 89.415229797
0.998994350 0.004034503 0.044654857 -0.233360052 -0.003998311 0.999991596 -0.000899773 -1.206268311 -0.044658110 0.000720324 0.999002099 90.586875916
0.998869240 0.003184936 0.047435310 -0.181272358 -0.003191130 0.999994934 0.000054879 -1.222863197 -0.047434893 -0.000206189 0.998874307 91.746887207
0.998723686 0.002125243 0.050461590 -0.128787711 -0.002221377 0.999995887 0.001849074 -1.248661160 -0.050457444 -0.001958808 0.998724341 92.921440125
0.998586774 0.001430451 0.053125702 -0.071240649 -0.001625256 0.999992132 0.003623851 -1.265878081 -0.053120092 -0.003705072 0.998581171 94.086128235
0.998467028 -0.000239561 0.055349290 -0.002469358 -0.000008670 0.999989986 0.004484530 -1.280282259 -0.055349804 -0.004478135 0.998456955 95.248321533
0.998327792 -0.001398814 0.057789281 0.049383726 0.001270586 0.999996662 0.002255563 -1.298649549 -0.057792243 -0.002178365 0.998326242 96.403640747
0.998217165 -0.002534152 0.059633031 0.128829390 0.002608350 0.999995887 -0.001166422 -1.316238880 -0.059629828 0.001319886 0.998219669 97.549102783
0.998069346 -0.001808734 0.062082198 0.187084243 0.002050913 0.999990463 -0.003837432 -1.340622425 -0.062074669 0.003957349 0.998063684 98.740272522
0.997980297 -0.002074502 0.063490696 0.262723386 0.002388682 0.999985278 -0.004872944 -1.358990908 -0.063479654 0.005014762 0.997970581 99.914169312
0.997916043 -0.001420933 0.064510450 0.319924772 0.001692674 0.999989927 -0.004157889 -1.382372022 -0.064503886 0.004258419 0.997908294 101.113418579
0.997964501 -0.001014393 0.063764326 0.395072907 0.001163493 0.999996662 -0.002301199 -1.402354598 -0.063761771 0.002370704 0.997962296 102.307716370
0.998036027 -0.002029975 0.062609650 0.460755229 0.002089601 0.999997377 -0.000886888 -1.426036000 -0.062607691 0.001015976 0.998037696 103.510437012
0.998177409 -0.001518873 0.060328666 0.529513836 0.001535694 0.999998748 -0.000232464 -1.441692114 -0.060328241 0.000324687 0.998178482 104.694419861
0.998303831 -0.001257394 0.058204088 0.588601351 0.001238990 0.999999106 0.000352284 -1.460950851 -0.058204480 -0.000279572 0.998304665 105.910438538
0.998460948 -0.000745005 0.055453893 0.648895621 0.000734970 0.999999642 0.000201348 -1.478065014 -0.055454031 -0.000160281 0.998461246 107.122123718
0.998674512 0.000535880 0.051468074 0.705151916 -0.000532842 0.999999881 -0.000072746 -1.497871518 -0.051468100 0.000045225 0.998674631 108.334739685
0.998872578 0.000610507 0.047466926 0.765385151 -0.000632360 0.999999762 0.000445359 -1.516982675 -0.047466636 -0.000474873 0.998872697 109.559745789
0.999044240 0.001248183 0.043693610 0.800238371 -0.001311175 0.999998093 0.001413058 -1.537192822 -0.043691766 -0.001468997 0.999043882 110.776115417
0.999235868 0.001636517 0.039051376 0.843874633 -0.001730557 0.999995708 0.002374444 -1.558096170 -0.039047319 -0.002440210 0.999234378 111.993263245
0.999393642 0.001758995 0.034772456 0.881160378 -0.001855673 0.999994516 0.002748225 -1.571486354 -0.034767434 -0.002811085 0.999391377 113.213134766
0.999544203 0.002406397 0.030097384 0.906657994 -0.002496288 0.999992549 0.002949436 -1.587447524 -0.030090060 -0.003023223 0.999542654 114.433235168
0.999682367 0.003093478 0.025007099 0.933663845 -0.003161107 0.999991477 0.002665316 -1.599892139 -0.024998641 -0.002743519 0.999683678 115.647575378
0.999778509 0.003420031 0.020765217 0.936341226 -0.003470226 0.999991119 0.002381704 -1.614551425 -0.020756887 -0.002453236 0.999781489 116.895538330
0.999877214 0.003929135 0.015170646 0.964866698 -0.003960192 0.999990106 0.002017688 -1.635757804 -0.015162567 -0.002077519 0.999882877 118.106193542
0.999902964 0.006649879 0.012242594 0.962694049 -0.006675172 0.999975681 0.002026303 -1.653898239 -0.012228822 -0.002107828 0.999922991 119.347511292
0.999916077 0.008349498 0.009912073 0.968751788 -0.008369710 0.999963045 0.001999418 -1.669170976 -0.009895012 -0.002082211 0.999948800 120.582901001
0.999911666 0.009570505 0.009229947 0.967792451 -0.009588421 0.999952197 0.001898880 -1.689500451 -0.009211333 -0.001987213 0.999955595 121.820556641
0.999895990 0.011929693 0.008096988 0.967003047 -0.011945494 0.999926865 0.001906080 -1.702534080 -0.008073657 -0.002002604 0.999965310 123.069221497
0.999886811 0.013190676 0.007239515 0.963663876 -0.013210528 0.999909043 0.002700720 -1.718898177 -0.007203233 -0.002796053 0.999970138 124.306877136
0.999893129 0.013112586 0.006462270 0.962381303 -0.013132208 0.999909341 0.003003507 -1.733848691 -0.006422299 -0.003088050 0.999974549 125.551368713
0.999842703 0.016806247 0.005674259 0.961771071 -0.016833952 0.999846339 0.004869962 -1.747211814 -0.005591542 -0.004964715 0.999972045 126.792068481
0.999829590 0.017813342 0.004841470 0.961799502 -0.017850904 0.999809921 0.007828825 -1.755292892 -0.004701092 -0.007913915 0.999957681 128.048782349
0.999854326 0.016513402 0.004301541 0.961843014 -0.016546642 0.999832571 0.007810440 -1.772241950 -0.004171843 -0.007880479 0.999960184 129.306442261
0.999858797 0.016527575 0.003075679 0.968518913 -0.016545571 0.999845564 0.005920176 -1.776907325 -0.002977359 -0.005970229 0.999977767 130.548614502
0.999902844 0.013756813 0.002236866 0.972227216 -0.013773446 0.999876320 0.007598248 -1.794217467 -0.002132062 -0.007628320 0.999968648 131.816177368
0.999926984 0.011789406 0.002617557 0.948104739 -0.011812854 0.999888539 0.009131252 -1.801374435 -0.002509612 -0.009161504 0.999954879 133.088516235
0.999960542 0.008432124 0.002773156 0.940796554 -0.008462424 0.999902606 0.011103601 -1.810327053 -0.002679258 -0.011126630 0.999934494 134.362747192
0.999982476 0.005740806 0.001456880 0.948243260 -0.005756736 0.999920964 0.011177612 -1.810025692 -0.001392597 -0.011185803 0.999936402 135.672790527
0.999995351 0.002040037 0.002259291 0.947513998 -0.002063074 0.999945402 0.010242166 -1.825084925 -0.002238273 -0.010246780 0.999944985 136.883712769
0.999997258 -0.000349764 0.002312534 0.947182775 0.000328741 0.999958634 0.009085032 -1.830225348 -0.002315616 -0.009084246 0.999956071 138.157394409
0.999996006 -0.001474902 0.002393678 0.949170589 0.001453773 0.999960065 0.008804819 -1.835773468 -0.002406568 -0.008801303 0.999958396 139.441955566
0.999995053 -0.001655052 0.002676643 0.949249387 0.001630890 0.999958098 0.009004032 -1.842816830 -0.002691433 -0.008999621 0.999955893 140.718627930
0.999993443 -0.001223330 0.003402892 0.941800296 0.001185481 0.999937654 0.011102398 -1.852999091 -0.003416261 -0.011098290 0.999932587 141.976470947
0.999986827 0.001559264 0.004872466 0.925541759 -0.001620400 0.999919593 0.012568385 -1.857890368 -0.004852477 -0.012576116 0.999909163 143.258148193
0.999985814 0.001138171 0.005223049 0.932511985 -0.001193953 0.999942124 0.010689100 -1.864419103 -0.005210581 -0.010695184 0.999929249 144.539413452
0.999982536 0.001575386 0.005697208 0.929754734 -0.001627001 0.999957561 0.009066298 -1.874475479 -0.005682684 -0.009075408 0.999942660 145.813827515
0.999977887 0.001616775 0.006448912 0.927868009 -0.001660886 0.999975264 0.006840533 -1.892674804 -0.006437693 -0.006851092 0.999955833 147.096115112
0.999978662 0.000208919 0.006529361 0.933034301 -0.000225189 0.999996901 0.002491280 -1.904997587 -0.006528820 -0.002492697 0.999975502 148.356399536
0.999973178 0.000494578 0.007311456 0.929037929 -0.000485973 0.999999225 -0.001178492 -1.921943545 -0.007312034 0.001174906 0.999972522 149.636566162
0.999971986 0.000033265 0.007483565 0.933203638 -0.000018101 0.999997914 -0.002026267 -1.946772575 -0.007483617 0.002026075 0.999969959 150.913696289
0.999972045 0.000280914 0.007473507 0.934994221 -0.000268731 0.999998569 -0.001631084 -1.972058058 -0.007473955 0.001629030 0.999970794 152.184066772
0.999972224 0.000579102 0.007436951 0.937814534 -0.000572036 0.999999344 -0.000952150 -1.999856591 -0.007437498 0.000947869 0.999971926 153.441329956
0.999977708 0.001006735 0.006589889 0.955153883 -0.001007889 0.999999523 0.000171931 -2.025255919 -0.006589713 -0.000178569 0.999978244 154.700775146
0.999975443 0.001497295 0.006842309 0.938848615 -0.001501530 0.999998629 0.000613800 -2.043124199 -0.006841379 -0.000624059 0.999976397 155.964889526
0.999977648 0.001959013 0.006387714 0.938776672 -0.001961488 0.999997973 0.000381207 -2.064348221 -0.006386954 -0.000393728 0.999979556 157.230407715
0.999981284 0.002212790 0.005706626 0.941380203 -0.002215441 0.999997497 0.000458162 -2.089728355 -0.005705598 -0.000470796 0.999983609 158.508102417
0.999988616 0.001527243 0.004539150 0.948349535 -0.001535363 0.999997199 0.001785935 -2.109364033 -0.004536409 -0.001792884 0.999988139 159.774368286
0.999987006 0.002492645 0.004456962 0.936625481 -0.002501762 0.999994814 0.002040993 -2.132709742 -0.004451851 -0.002052117 0.999988019 161.054794312
0.999990761 0.002524078 0.003496766 0.940045297 -0.002527438 0.999996364 0.000956696 -2.151130676 -0.003494338 -0.000965525 0.999993503 162.323226929
0.999989271 0.003351841 0.003189690 0.933143020 -0.003350940 0.999994338 -0.000287919 -2.170915365 -0.003190637 0.000277228 0.999994874 163.574172974
0.999985993 0.004459677 0.002825744 0.924574256 -0.004458447 0.999989986 -0.000441670 -2.189391613 -0.002827685 0.000429065 0.999995947 164.842391968
0.999989986 0.004047965 0.001892221 0.919401765 -0.004045769 0.999991059 -0.001163088 -2.217440367 -0.001896913 0.001155421 0.999997556 166.106475830
0.999989092 0.004515208 0.001199038 0.912592530 -0.004512330 0.999986827 -0.002392176 -2.238082409 -0.001209823 0.002386739 0.999996424 167.376022339
0.999989450 0.004546377 0.000624860 0.904802680 -0.004545223 0.999987960 -0.001835654 -2.265981197 -0.000633199 0.001832795 0.999998152 168.639678955
0.999987781 0.004923203 -0.000337719 0.901249826 -0.004923357 0.999987721 -0.000452578 -2.288502455 0.000335486 0.000454235 0.999999881 169.914810181
0.999989152 0.004630436 -0.000559321 0.889617085 -0.004630449 0.999989271 -0.000023803 -2.314665556 0.000559205 0.000026392 0.999999821 171.165283203
0.999985039 0.005355250 -0.001155066 0.879517674 -0.005354849 0.999985635 0.000349264 -2.334463835 0.001156920 -0.000343074 0.999999285 172.436676025
0.999981344 0.005911774 -0.001575050 0.863030672 -0.005910914 0.999982357 0.000549463 -2.354797125 0.001578271 -0.000540142 0.999998629 173.735427856
0.999981582 0.005727545 -0.002006716 0.841258943 -0.005728193 0.999983490 -0.000316708 -2.387398005 0.002004869 0.000328197 0.999997914 174.970870972
0.999975026 0.006721308 -0.002170075 0.822549582 -0.006723261 0.999976993 -0.000893955 -2.407415867 0.002164017 0.000908523 0.999997199 176.239807129
0.999973118 0.006940750 -0.002355248 0.799213111 -0.006942351 0.999975622 -0.000671839 -2.424501181 0.002350529 0.000688172 0.999996960 177.496353149
0.999974608 0.006637113 -0.002586573 0.778723598 -0.006641560 0.999976456 -0.001714303 -2.453070879 0.002575135 0.001731439 0.999995172 178.737136841
0.999980450 0.005769576 -0.002390311 0.762754858 -0.005778234 0.999976635 -0.003631074 -2.471700907 0.002369306 0.003644815 0.999990523 180.004455566
0.999993265 0.002599192 -0.002573323 0.753457189 -0.002607762 0.999991000 -0.003332780 -2.500652075 0.002564638 0.003339468 0.999991179 181.266235352
0.999991953 0.002375368 -0.003249020 0.749838471 -0.002373072 0.999996901 0.000710495 -2.529640198 0.003250697 -0.000702779 0.999994457 182.549530029
0.999994099 0.001521586 -0.003121814 0.738791287 -0.001506123 0.999986649 0.004949513 -2.551021814 0.003129302 -0.004944782 0.999982893 183.814773560
0.999991477 0.002575464 -0.003222626 0.727638781 -0.002561650 0.999987483 0.004283506 -2.564396858 0.003233619 -0.004275213 0.999985635 185.065979004
0.999988019 0.004234113 -0.002485640 0.708332658 -0.004231784 0.999990523 0.000941933 -2.580346823 0.002489606 -0.000931402 0.999996543 186.313369751
0.999985576 0.004462035 -0.003000125 0.693206429 -0.004464551 0.999989688 -0.000832635 -2.604171276 0.002996378 0.000846017 0.999995172 187.550521851
0.999983549 0.004635132 -0.003400794 0.685314238 -0.004637341 0.999989033 -0.000641849 -2.625511408 0.003397782 0.000657610 0.999994040 188.800949097
0.999987841 0.004142324 -0.002659807 0.664337277 -0.004141083 0.999991298 0.000471438 -2.646852255 0.002661737 -0.000460418 0.999996305 190.053527832
0.999988854 0.004029046 -0.002450798 0.653223276 -0.004022475 0.999988317 0.002679999 -2.669357061 0.002461568 -0.002670111 0.999993443 191.296768188
0.999991477 0.003748678 -0.001680941 0.643589914 -0.003742965 0.999987125 0.003389135 -2.688411474 0.001693626 -0.003382814 0.999992847 192.564666748
0.999993801 0.003513038 -0.000186664 0.634468138 -0.003512539 0.999990404 0.002608560 -2.706710815 0.000195826 -0.002607888 0.999996603 193.805419922
0.999994934 0.002807756 0.001457596 0.625161588 -0.002809706 0.999995172 0.001337962 -2.730022430 -0.001453832 -0.001342051 0.999997973 195.032363892
0.999992013 0.002583903 0.003033449 0.615084887 -0.002582751 0.999996662 -0.000383444 -2.749251842 -0.003034430 0.000375606 0.999995291 196.270019531
0.999986947 0.002266567 0.004588217 0.611111701 -0.002262503 0.999997079 -0.000890744 -2.775074959 -0.004590220 0.000880351 0.999989092 197.488555908
0.999978244 0.002327944 0.006177751 0.610902131 -0.002327006 0.999997377 -0.000159030 -2.798652649 -0.006178104 0.000144651 0.999980927 198.702697754
0.999968886 0.002129215 0.007596963 0.613227487 -0.002142123 0.999996305 0.001691378 -2.820508957 -0.007593333 -0.001707599 0.999969721 199.935180664
0.999959946 0.003173320 0.008372603 0.618665755 -0.003190208 0.999992907 0.002004537 -2.842788219 -0.008366182 -0.002031166 0.999962986 201.147628784
0.999942303 0.003094366 0.010276461 0.610642314 -0.003115413 0.999993086 0.002032791 -2.862607002 -0.010270099 -0.002064689 0.999945164 202.355422974
0.999934077 0.003133613 0.011038966 0.622085035 -0.003153858 0.999993384 0.001817076 -2.876883984 -0.011033199 -0.001851772 0.999937534 203.565414429
0.999915361 0.003201625 0.012609449 0.617716253 -0.003231773 0.999991894 0.002371210 -2.903057814 -0.012601757 -0.002411760 0.999917686 204.756866455
0.999902844 0.003626415 0.013453871 0.627063870 -0.003653070 0.999991298 0.001957187 -2.919810057 -0.013446659 -0.002006145 0.999907613 205.955749512
0.999881268 0.003295550 0.015059185 0.621639431 -0.003333382 0.999991298 0.002487806 -2.948188066 -0.015050858 -0.002537708 0.999883473 207.127487183
0.999877393 0.002509578 0.015456639 0.631808102 -0.002543484 0.999994457 0.002174343 -2.961587667 -0.015451097 -0.002213390 0.999878168 208.292800903
0.999869645 0.002366329 0.015971234 0.638814151 -0.002414518 0.999992728 0.002998628 -2.984488487 -0.015964022 -0.003036800 0.999867916 209.446945190
0.999877334 0.001961623 0.015540520 0.652722836 -0.002027137 0.999989152 0.004201119 -3.005492210 -0.015532111 -0.004232105 0.999870360 210.584472656
0.999884367 0.002079250 0.015061713 0.661718726 -0.002139648 0.999989748 0.003995117 -3.024687290 -0.015053251 -0.004026881 0.999878585 211.697113037
0.999885023 0.003098618 0.014838675 0.668547213 -0.003145885 0.999989927 0.003163134 -3.047212362 -0.014828724 -0.003209451 0.999884903 212.821807861
0.999900877 0.003580502 0.013612838 0.685949147 -0.003615628 0.999990046 0.002556565 -3.065505505 -0.013603549 -0.002605531 0.999904096 213.909515381
0.999893546 0.003568993 0.014147134 0.681584775 -0.003601847 0.999990821 0.002297485 -3.083946466 -0.014138806 -0.002348197 0.999897182 214.982955933
0.999910712 0.002981996 0.013027615 0.687735796 -0.003008720 0.999993384 0.002032231 -3.101650238 -0.013021468 -0.002071246 0.999913037 216.046203613
0.999933362 0.002683275 0.011228827 0.694719911 -0.002718318 0.999991417 0.003106688 -3.124280214 -0.011220396 -0.003137004 0.999932170 217.084716797
0.999958575 0.001863045 0.008910745 0.699608147 -0.001904840 0.999987245 0.004684253 -3.141814232 -0.008901907 -0.004701033 0.999949336 218.123519897
0.999972284 0.001979428 0.007183522 0.699805319 -0.002024767 0.999978006 0.006309706 -3.158603668 -0.007170875 -0.006324077 0.999954343 219.161834717
0.999987721 0.001624419 0.004689447 0.698116183 -0.001654700 0.999977767 0.006460651 -3.176746607 -0.004678846 -0.006468331 0.999968171 220.159759521
0.999996603 0.001767817 0.001945608 0.696024001 -0.001779203 0.999981165 0.005866135 -3.187906981 -0.001935200 -0.005869577 0.999980927 221.155212402
0.999997556 0.002050374 -0.000873764 0.687743664 -0.002045001 0.999979258 0.006106451 -3.206441879 0.000886268 -0.006104650 0.999981046 222.130737305
0.999990046 0.002489157 -0.003703511 0.675898254 -0.002464955 0.999975622 0.006525467 -3.222680092 0.003719665 -0.006516273 0.999971807 223.067596436
0.999975324 0.002954426 -0.006368885 0.661569774 -0.002914800 0.999976397 0.006222142 -3.238021851 0.006387118 -0.006203424 0.999960423 223.991546631
0.999949276 0.003217729 -0.009541480 0.647688329 -0.003164643 0.999979436 0.005573575 -3.251191378 0.009559219 -0.005543096 0.999938905 224.906341553
0.999912679 0.003161529 -0.012832758 0.632254004 -0.003100035 0.999983609 0.004809023 -3.263904333 0.012847751 -0.004768820 0.999906123 225.779617310
0.999872565 0.003837714 -0.015494935 0.600047648 -0.003760533 0.999980330 0.005007106 -3.289758921 0.015513849 -0.004948199 0.999867320 226.642623901
0.999823391 0.004206940 -0.018316327 0.575813353 -0.004126483 0.999981642 0.004428232 -3.305009842 0.018334620 -0.004351867 0.999822438 227.473236084
0.999759793 0.005544131 -0.021203972 0.556215823 -0.005446551 0.999974310 0.004656953 -3.324549198 0.021229247 -0.004540347 0.999764264 228.289413452
0.999749660 0.006443276 -0.021423876 0.529664397 -0.006334233 0.999966681 0.005153776 -3.337135315 0.021456370 -0.005016782 0.999757171 229.095977783
0.999757171 0.007077394 -0.020866342 0.500970423 -0.006950557 0.999956965 0.006144736 -3.352977753 0.020908933 -0.005998211 0.999763310 229.873779297
0.999765038 0.006886721 -0.020555815 0.482542336 -0.006743785 0.999952614 0.007014777 -3.367308855 0.020603156 -0.006874504 0.999764025 230.635314941
0.999779522 0.006509904 -0.019962203 0.463950366 -0.006374293 0.999956250 0.006849439 -3.383153915 0.020005923 -0.006720684 0.999777198 231.377761841
0.999789119 0.007477832 -0.019125238 0.436145931 -0.007395726 0.999963164 0.004360199 -3.390360594 0.019157130 -0.004217834 0.999807537 232.107208252
0.999806941 0.007381947 -0.018205427 0.421565264 -0.007342305 0.999970555 0.002243342 -3.402534246 0.018221447 -0.002109239 0.999831736 232.837554932
0.999830425 0.007459062 -0.016834110 0.403714180 -0.007449747 0.999972105 0.000616011 -3.414448261 0.016838234 -0.000490496 0.999858081 233.559967041
0.999843121 0.008449456 -0.015567850 0.386611104 -0.008440491 0.999964178 0.000641475 -3.429793358 0.015572711 -0.000509974 0.999878526 234.286788940
0.999873698 0.008095060 -0.013684080 0.374344915 -0.008091427 0.999967217 0.000320784 -3.440290689 0.013686227 -0.000210020 0.999906301 235.008026123
0.999897182 0.008050472 -0.011866285 0.362469256 -0.008044612 0.999967456 0.000541510 -3.458248615 0.011870258 -0.000445995 0.999929428 235.716629028
0.999922037 0.008019756 -0.009587586 0.340986282 -0.008016671 0.999967754 0.000360189 -3.471424103 0.009590161 -0.000283300 0.999953985 236.442184448
0.999938786 0.007538159 -0.008103936 0.342321962 -0.007540889 0.999971509 -0.000306393 -3.481678963 0.008101394 0.000367485 0.999967158 237.151641846
0.999958217 0.007509388 -0.005227807 0.333893836 -0.007506607 0.999971688 0.000551394 -3.498142958 0.005231799 -0.000512128 0.999986172 237.866790771
0.999977767 0.006451366 -0.001708590 0.332936734 -0.006449011 0.999978244 0.001380606 -3.513110876 0.001717458 -0.001369556 0.999997616 238.576965332
0.999981940 0.005708875 0.001841188 0.320300162 -0.005711156 0.999982953 0.001236456 -3.521798611 -0.001834097 -0.001246949 0.999997556 239.256774902
0.999974728 0.005388129 0.004631153 0.325096041 -0.005393106 0.999984920 0.001062850 -3.532815218 -0.004625356 -0.001087799 0.999988735 239.954223633
0.999956965 0.005115027 0.007735835 0.328113317 -0.005124183 0.999986291 0.001164356 -3.549547911 -0.007729771 -0.001203946 0.999969363 240.638351440
0.999927461 0.004789491 0.011047516 0.327786922 -0.004801597 0.999987900 0.001069573 -3.564498901 -0.011042260 -0.001122542 0.999938369 241.329086304
0.999889553 0.005832917 0.013660447 0.339711666 -0.005832081 0.999983013 -0.000101057 -3.573796511 -0.013660803 0.000021377 0.999906659 242.022323608
0.999836743 0.005886024 0.017080091 0.343230307 -0.005875664 0.999982476 -0.000656760 -3.584801674 -0.017083658 0.000556296 0.999853909 242.728622437
0.999776721 0.006568596 0.020081965 0.355205297 -0.006575028 0.999978304 0.000254297 -3.597935677 -0.020079859 -0.000386280 0.999798298 243.412261963
0.999727547 0.006586959 0.022391437 0.369957089 -0.006608606 0.999977767 0.000892925 -3.609359741 -0.022385057 -0.001040658 0.999748826 244.116180420
0.999673486 0.006365758 0.024745552 0.384580791 -0.006374364 0.999979615 0.000268919 -3.618954420 -0.024743335 -0.000426568 0.999693692 244.819046021
0.999603510 0.006513425 0.027391760 0.395239145 -0.006479861 0.999978125 -0.001313961 -3.629957438 -0.027399719 0.001135945 0.999623954 245.519561768
0.999548197 0.006839863 0.029268891 0.411449730 -0.006735006 0.999970555 -0.003679659 -3.641334057 -0.029293196 0.003480871 0.999564886 246.226699829
0.999526024 0.005837142 0.030223308 0.433307499 -0.005676010 0.999969244 -0.005414431 -3.651883841 -0.030253980 0.005240317 0.999528587 246.945877075
0.999512196 0.006137287 0.030620884 0.452046305 -0.005968906 0.999966562 -0.005587262 -3.667897940 -0.030654151 0.005401763 0.999515414 247.661987305
0.999520063 0.004988065 0.030573497 0.472555935 -0.004807508 0.999970555 -0.005976315 -3.684458971 -0.030602401 0.005826464 0.999514639 248.390869141
0.999510109 0.005938059 0.030730572 0.490844727 -0.005751047 0.999964356 -0.006170379 -3.700965881 -0.030766118 0.005990623 0.999508679 249.126007080
0.999498427 0.006271885 0.031040695 0.511423886 -0.006073004 0.999960423 -0.006497241 -3.716933966 -0.031080220 0.006305472 0.999496937 249.867080688
0.999490082 0.005251894 0.031496342 0.531266093 -0.004986433 0.999951482 -0.008500937 -3.730872154 -0.031539459 0.008339549 0.999467611 250.610351562
0.999485433 0.001595180 0.032037269 0.552965045 -0.001252198 0.999941766 -0.010722931 -3.748122215 -0.032052506 0.010677295 0.999429166 251.355636597
0.999473035 -0.001462078 0.032427266 0.582787156 0.001838462 0.999931157 -0.011580226 -3.764480114 -0.032408111 0.011633742 0.999406993 252.122619629
0.999454200 0.001178599 0.033013891 0.605219245 -0.000926207 0.999970138 -0.007659279 -3.778561115 -0.033021942 0.007624520 0.999425530 252.899078369
0.999416351 0.004271845 0.033891328 0.614580989 -0.004229535 0.999990284 -0.001319963 -3.792713881 -0.033896632 0.001175848 0.999424636 253.674087524
0.999380648 0.003572031 0.035007730 0.636007607 -0.003645666 0.999991298 0.002039813 -3.807778120 -0.035000138 -0.002166176 0.999384940 254.464019775
0.999301255 0.002384886 0.037300322 0.667449415 -0.002375550 0.999997079 -0.000294604 -3.817389727 -0.037300918 0.000205789 0.999303997 255.259216309
0.999161005 0.003089360 0.040838454 0.699831069 -0.002826140 0.999974847 -0.006501574 -3.830519915 -0.040857513 0.006380703 0.999144554 256.045318604
0.998988032 0.005268774 0.044667482 0.726302326 -0.004822800 0.999937415 -0.010086196 -3.842088223 -0.044717833 0.009860566 0.998951018 256.847900391
0.998826444 0.007259625 0.047885187 0.759370029 -0.006797750 0.999928772 -0.009801253 -3.860452175 -0.047952931 0.009464238 0.998804748 257.661376953
0.998687863 0.005738945 0.050887525 0.809095740 -0.005347218 0.999954998 -0.007830692 -3.871329308 -0.050930180 0.007548312 0.998673618 258.503814697
0.998553216 0.002350166 0.053720742 0.858065069 -0.002107294 0.999987245 -0.004577183 -3.888977289 -0.053730819 0.004457355 0.998545527 259.337158203
0.998376191 -0.000552915 0.056962036 0.900844514 0.000747555 0.999993861 -0.003395740 -3.903207302 -0.056959819 0.003432809 0.998370528 260.173736572
0.998152375 0.000760771 0.060755275 0.927475154 -0.000609938 0.999996662 -0.002501127 -3.929159641 -0.060756981 0.002459448 0.998149455 261.049224854
0.997984290 0.003047260 0.063389219 0.976149380 -0.002755060 0.999985158 -0.004696521 -3.943319798 -0.063402601 0.004512412 0.997977734 261.891784668
0.997838974 0.004476136 0.065554321 1.028953552 -0.004043240 0.999969184 -0.006734793 -3.962351084 -0.065582454 0.006455186 0.997826219 262.726074219
0.997695565 0.003660720 0.067750007 1.087858319 -0.003196427 0.999970555 -0.006960170 -3.979480267 -0.067773491 0.006727574 0.997678041 263.557586670
0.997514665 0.004167933 0.070334904 1.145046353 -0.003824327 0.999980032 -0.005019240 -3.998230457 -0.070354417 0.004737783 0.997510791 264.394927979
0.997253299 0.006201718 0.073806345 1.195479631 -0.005970065 0.999976456 -0.003358858 -4.016951561 -0.073825434 0.002909003 0.997266948 265.239349365
0.997044027 0.006857243 0.076526202 1.264330268 -0.006633962 0.999972939 -0.003171543 -4.040982723 -0.076545879 0.002654496 0.997062504 266.110839844
0.996824920 0.007189861 0.079300553 1.325016260 -0.006906613 0.999968708 -0.003845542 -4.054397106 -0.079325721 0.003285633 0.996843278 266.954620361
0.996675074 0.005319769 0.081305020 1.401669502 -0.004967998 0.999977350 -0.004528245 -4.067060471 -0.081327267 0.004109266 0.996678948 267.790405273
0.996525824 0.001500943 0.083270751 1.470897913 -0.001226258 0.999993622 -0.003349737 -4.088722706 -0.083275251 0.003235988 0.996521354 268.649597168
0.996453404 0.001005512 0.084140196 1.541835785 -0.000708731 0.999993443 -0.003557012 -4.103363514 -0.084143221 0.003484764 0.996447563 269.497772217
0.996447921 0.000427616 0.084209755 1.615552664 -0.000176677 0.999995589 -0.002987346 -4.126920223 -0.084210657 0.002961857 0.996443570 270.345642090
0.996350169 0.000133772 0.085360296 1.670912147 0.000179279 0.999993324 -0.003659724 -4.136761189 -0.085360244 0.003661670 0.996343374 271.231292725
0.996376574 0.000508078 0.085049190 1.740293264 -0.000234069 0.999994755 -0.003231711 -4.152024269 -0.085050404 0.003200093 0.996371567 272.091369629
0.996424854 0.000893852 0.084479406 1.807159305 -0.000672118 0.999996305 -0.002653114 -4.168962955 -0.084481485 0.002586848 0.996421635 272.941558838
0.996507704 0.000106319 0.083500996 1.875306845 0.000153561 0.999995232 -0.003105878 -4.189366817 -0.083500929 0.003107854 0.996502876 273.801208496
0.996669054 0.000744603 0.081548654 1.948692441 -0.000417588 0.999991775 -0.004027050 -4.210763931 -0.081550978 0.003979582 0.996661246 274.717376709
0.996779144 0.001821444 0.080174834 2.010324478 -0.001395668 0.999984562 -0.005366327 -4.221477985 -0.080183372 0.005237145 0.996766388 275.572662354
0.996925831 0.002051983 0.078323565 2.072571993 -0.001665662 0.999986112 -0.004997394 -4.247294903 -0.078332722 0.004851570 0.996915460 276.414154053
0.997070551 0.003507604 0.076406367 2.135756731 -0.003120093 0.999981701 -0.005190495 -4.265296459 -0.076423168 0.004936895 0.997063279 277.266418457
0.997228920 0.003067672 0.074330822 2.197999477 -0.002731846 0.999985516 -0.004619253 -4.288086414 -0.074343920 0.004403392 0.997222960 278.131347656
0.997442245 0.003036729 0.071412623 2.241269588 -0.002828404 0.999991477 -0.003018143 -4.301362514 -0.071421176 0.002808439 0.997442365 278.969696045
0.997743070 0.002141035 0.067113832 2.311805964 -0.002075655 0.999997258 -0.001043888 -4.316913128 -0.067115881 0.000902226 0.997744799 279.823883057
0.998037577 0.000402296 0.062615491 2.350246668 -0.000477180 0.999999225 0.001181007 -4.342513084 -0.062614955 -0.001208568 0.998037040 280.670806885
0.998335242 0.000076316 0.057677213 2.395421505 -0.000210707 0.999997258 0.002323980 -4.354836464 -0.057676870 -0.002332265 0.998332620 281.502502441
0.998602211 0.000243582 0.052853547 2.435935974 -0.000378321 0.999996722 0.002539298 -4.364700794 -0.052852750 -0.002555744 0.998599112 282.322845459
0.998841226 -0.000841293 0.048119601 2.475488663 0.000674224 0.999993622 0.003488065 -4.382952690 -0.048122235 -0.003451580 0.998835504 283.164489746
0.999053657 -0.001639716 0.043462619 2.505721092 0.001479433 0.999991953 0.003719773 -4.394840717 -0.043468371 -0.003651953 0.999048114 283.970794678
0.999221385 -0.002217143 0.039389577 2.530276537 0.002095503 0.999992847 0.003129168 -4.405728340 -0.039396234 -0.003044190 0.999219000 284.755737305
0.999371231 -0.002075830 0.035394441 2.556117773 0.001967958 0.999993265 0.003082307 -4.419215679 -0.035400599 -0.003010713 0.999368608 285.534301758
0.999496877 -0.001602886 0.031677850 2.573135614 0.001508882 0.999994338 0.002991198 -4.431965351 -0.031682465 -0.002941895 0.999493659 286.282318115
