1.000000000 0.000000000 -0.000000000 0.000000000 0.000000000 0.999999940 0.000000000 0.000000015 -0.000000000 0.000000000 0.999999940 0.000000000
0.999996543 -0.002092401 -0.001582072 -0.004119063 0.002097016 0.999993443 0.002920849 -0.016923798 0.001575950 -0.002924157 0.999994457 1.521073222
0.999991894 -0.002682136 -0.002998879 -0.010248715 0.002694190 0.999988258 0.004022971 -0.039588187 0.002988054 -0.004031019 0.999987364 3.036464453
0.999990284 -0.001325962 -0.004202687 -0.032680050 0.001340858 0.999992847 0.003543518 -0.051430032 0.004197959 -0.003549119 0.999984860 4.548501968
0.999982536 -0.000135303 -0.005909142 -0.045999564 0.000155634 0.999994159 0.003440421 -0.068112269 0.005908641 -0.003441281 0.999976575 6.033072948
0.999972403 -0.000421441 -0.007418757 -0.065077551 0.000446729 0.999994040 0.003407313 -0.078752890 0.007417277 -0.003410534 0.999966621 7.530687809
0.999955118 -0.001311876 -0.009384162 -0.074921682 0.001350470 0.999990582 0.004107502 -0.096912749 0.009378686 -0.004119991 0.999947488 9.030912399
0.999933302 -0.003352151 -0.011053177 -0.095878392 0.003388830 0.999988735 0.003301356 -0.112224311 0.011041987 -0.003338593 0.999933481 10.528439522
0.999912143 -0.004457407 -0.012478167 -0.117311090 0.004505924 0.999982357 0.003862668 -0.131683037 0.012460728 -0.003918554 0.999914646 12.012497902
0.999898195 -0.003957459 -0.013709799 -0.143891320 0.004007437 0.999985337 0.003619851 -0.143637925 0.013695274 -0.003674424 0.999899447 13.500506401
0.999884605 -0.003904380 -0.014679733 -0.176156327 0.003960134 0.999985039 0.003770908 -0.161118716 0.014664790 -0.003828607 0.999885142 14.988821030
0.999879897 -0.002164268 -0.015343265 -0.204628736 0.002228818 0.999988735 0.004191221 -0.170116708 0.015334020 -0.004224916 0.999873519 16.456825256
0.999872506 -0.001076208 -0.015931739 -0.238243222 0.001158648 0.999985874 0.005166261 -0.190716445 0.015925955 -0.005184061 0.999859691 17.907735825
0.999860585 0.000083555 -0.016698165 -0.264038771 0.000016569 0.999981940 0.005995862 -0.201982930 0.016698362 -0.005995302 0.999842465 19.424476624
0.999854147 0.000152789 -0.017080091 -0.295697302 -0.000052941 0.999982774 0.005846141 -0.210702613 0.017080696 -0.005844384 0.999837041 20.889621735
0.999848068 0.001625846 -0.017359458 -0.334836423 -0.001522316 0.999980927 0.005975424 -0.217718467 0.017368846 -0.005948089 0.999831378 22.353849411
0.999835253 0.001677110 -0.018075285 -0.347145051 -0.001561263 0.999978125 0.006421292 -0.233845919 0.018085659 -0.006392012 0.999816000 23.821390152
0.999840677 0.002560245 -0.017667307 -0.386378706 -0.002428978 0.999969304 0.007447402 -0.240988210 0.017685829 -0.007403302 0.999816179 25.257207870
0.999840140 0.002722639 -0.017672503 -0.414149582 -0.002611015 0.999976456 0.006336241 -0.252780110 0.017689340 -0.006289085 0.999823689 26.708944321
0.999833941 0.002898469 -0.017993636 -0.450901359 -0.002822084 0.999986887 0.004269029 -0.263813496 0.018005772 -0.004217541 0.999828994 28.117919922
0.999848008 0.001230374 -0.017389352 -0.478515476 -0.001159845 0.999991000 0.004065379 -0.279683053 0.017394198 -0.004044592 0.999840498 29.573102951
0.999858975 0.000641247 -0.016782068 -0.519614339 -0.000524880 0.999975801 0.006937511 -0.295885295 0.016786112 -0.006927724 0.999835014 30.987312317
0.999861956 -0.001008877 -0.016583003 -0.548449576 0.001142733 0.999966741 0.008064397 -0.303280175 0.016574312 -0.008082233 0.999829948 32.403720856
0.999856710 -0.001798412 -0.016830381 -0.576979995 0.001925834 0.999969482 0.007557807 -0.318601876 0.016816277 -0.007589137 0.999829829 33.790603638
0.999868572 -0.002112384 -0.016075484 -0.605096161 0.002203234 0.999981701 0.005635860 -0.326304317 0.016063282 -0.005670537 0.999854863 35.199310303
0.999878287 -0.000630367 -0.015584812 -0.640280545 0.000703736 0.999988616 0.004702701 -0.336739928 0.015581668 -0.004713097 0.999867499 36.551155090
0.999889195 -0.000845821 -0.014860620 -0.659922838 0.000903706 0.999992013 0.003888914 -0.352089763 0.014857210 -0.003901912 0.999881983 37.919960022
0.999908626 -0.000240018 -0.013514493 -0.687380373 0.000308794 0.999987006 0.005087189 -0.368850142 0.013513095 -0.005090897 0.999895632 39.254768372
0.999928892 -0.000037178 -0.011924244 -0.714192986 0.000121807 0.999974728 0.007096503 -0.387221158 0.011923679 -0.007097451 0.999903679 40.587924957
0.999945402 -0.000945219 -0.010413529 -0.735762775 0.001030566 0.999965966 0.008193464 -0.401957810 0.010405429 -0.008203748 0.999912202 41.874015808
0.999966025 -0.000113374 -0.008243237 -0.748548090 0.000188348 0.999958634 0.009094945 -0.421746463 0.008241864 -0.009096187 0.999924600 43.155925751
0.999988258 -0.000058844 -0.004847916 -0.762553751 0.000100020 0.999963880 0.008493808 -0.428731591 0.004847241 -0.008494194 0.999952078 44.450855255
0.999998748 -0.001167684 -0.001094352 -0.782224238 0.001174724 0.999978483 0.006454661 -0.442705125 0.001086792 -0.006455936 0.999978542 45.679782867
0.999996126 -0.001054175 0.002590092 -0.782785237 0.001041381 0.999987304 0.004936073 -0.458894789 -0.002595262 -0.004933357 0.999984384 46.858303070
0.999980867 -0.000798936 0.006152642 -0.773995936 0.000764721 0.999984264 0.005561440 -0.472450167 -0.006156988 -0.005556628 0.999965549 48.070449829
0.999924302 -0.000884687 0.012273144 -0.778355777 0.000816811 0.999984264 0.005534376 -0.482615888 -0.012277847 -0.005523932 0.999909341 49.299896240
0.999822974 0.001049580 0.018787391 -0.769062817 -0.001125707 0.999991119 0.004041931 -0.488453656 -0.018782984 -0.004062364 0.999815285 50.493133545
0.999657750 0.002158698 0.026073374 -0.744402826 -0.002266628 0.999988914 0.004110625 -0.501791418 -0.026064212 -0.004168317 0.999651551 51.705013275
0.999394894 0.003631804 0.034590717 -0.706035018 -0.003820390 0.999978125 0.005387379 -0.516710222 -0.034570396 -0.005516270 0.999386907 52.886001587
0.998972535 0.006285832 0.044881001 -0.658690035 -0.006572070 0.999958992 0.006233019 -0.529122233 -0.044839982 -0.006521577 0.998972774 54.063072205
0.998302579 0.007686144 0.057731301 -0.606434107 -0.008054329 0.999948740 0.006147578 -0.540805697 -0.057681080 -0.006602130 0.998313129 55.192138672
0.997290313 0.009883030 0.072898716 -0.543062449 -0.010351196 0.999928117 0.006047159 -0.547205746 -0.072833709 -0.006785363 0.997320950 56.323760986
0.995951116 0.012083229 0.089080684 -0.456057161 -0.012825750 0.999887526 0.007767662 -0.562091589 -0.088976793 -0.008878739 0.995994091 57.452320099
0.994223237 0.012270961 0.106627606 -0.342435390 -0.013243333 0.999876857 0.008416034 -0.570801497 -0.106511191 -0.009779522 0.994263351 58.542377472
0.991966188 0.011923094 0.125939891 -0.212191656 -0.012995817 0.999885917 0.007699511 -0.584935009 -0.125833735 -0.009274346 0.992007971 59.664985657
0.989161015 0.011284059 0.146400705 -0.059149824 -0.012367410 0.999902487 0.006491780 -0.585202157 -0.146313161 -0.008232014 0.989204049 60.753192902
0.985912800 0.008706939 0.167033136 0.110244669 -0.009985857 0.999926865 0.006818302 -0.605316579 -0.166961551 -0.008390220 0.985927701 61.793869019
0.982026994 0.003247896 0.188712731 0.311743230 -0.005026051 0.999947309 0.008944774 -0.619165301 -0.188673750 -0.009732488 0.981991589 62.830081940
0.977249503 -0.002119077 0.212082610 0.533724785 -0.000141599 0.999943256 0.010643652 -0.628582537 -0.212093115 -0.010431533 0.977193832 63.862537384
0.971709728 -0.007287530 0.236065775 0.787936747 0.005076670 0.999937356 0.009971894 -0.637825906 -0.236123651 -0.008491362 0.971685827 64.896179199
0.965198636 -0.013031214 0.261192948 1.063172698 0.011353101 0.999903977 0.007932706 -0.642088354 -0.261271209 -0.004691288 0.965253949 65.897735596
0.957549155 -0.016472973 0.287798941 1.358214378 0.014568915 0.999855459 0.008756597 -0.648996592 -0.287901610 -0.004191954 0.957650781 66.883186340
0.948869407 -0.019835850 0.315045327 1.667813301 0.017197357 0.999789894 0.011152786 -0.655644238 -0.315200299 -0.005164591 0.949011087 67.837837219
0.939206004 -0.023492118 0.342549533 2.021711588 0.019974386 0.999705195 0.013794011 -0.656824529 -0.342772603 -0.006113202 0.939398468 68.803764343
0.928206682 -0.026845105 0.371095419 2.374892235 0.023534046 0.999632537 0.013448778 -0.658706486 -0.371320069 -0.003749867 0.928497374 69.672462463
0.916095316 -0.026249353 0.400100648 2.771408319 0.024401926 0.999655068 0.009712074 -0.663900137 -0.400217563 0.000866043 0.916419744 70.579406738
0.903003633 -0.027244695 0.428768098 3.177994967 0.028062208 0.999596417 0.004415956 -0.669515848 -0.428715348 0.008044554 0.903403759 71.419677734
0.888752580 -0.028674942 0.457489669 3.625638962 0.031264372 0.999509394 0.001911693 -0.674158990 -0.457319915 0.012604102 0.889212966 72.281074524
0.873097539 -0.030175166 0.486610711 4.091214180 0.031517070 0.999488473 0.005429887 -0.685394049 -0.486525655 0.010595728 0.873602033 73.104072571
0.855328083 -0.028719582 0.517290115 4.583666801 0.026869599 0.999577701 0.011067525 -0.691522300 -0.517389536 0.004433016 0.855738521 73.925994873
0.835618079 -0.029155286 0.548536599 5.099149704 0.025164666 0.999573827 0.014793553 -0.699696898 -0.548734128 0.001441980 0.835995674 74.718078613
0.814460635 -0.022901496 0.579766572 5.633558750 0.020966368 0.999729753 0.010036829 -0.702318490 -0.579839885 0.003981002 0.814720750 75.477569580
0.792594492 -0.016152961 0.609535098 6.201702595 0.018260123 0.999829471 0.002751831 -0.704687297 -0.609475672 0.008949100 0.792754233 76.223312378
0.770028710 -0.013719190 0.637861669 6.793961048 0.017233087 0.999851167 0.000701055 -0.709584594 -0.637776434 0.010452495 0.770150602 76.934005737
0.746646523 -0.016184345 0.665024161 7.418755531 0.018252939 0.999825954 0.003839015 -0.715818286 -0.664970636 0.009272261 0.746811986 77.634605408
0.722186387 -0.016865179 0.691492856 8.043999672 0.018840453 0.999811292 0.004708187 -0.732232571 -0.691441774 0.009627851 0.722368002 78.292411804
0.696701944 -0.014541746 0.717213392 8.694977760 0.019186681 0.999814510 0.001633615 -0.736649692 -0.717104077 0.012622802 0.696851790 78.925033569
0.670541763 -0.012537058 0.741765738 9.362856865 0.019120473 0.999817014 -0.000385987 -0.751106739 -0.741625309 0.014441735 0.670658767 79.524658203
0.643348396 -0.009928000 0.765509248 10.053185463 0.017119082 0.999852359 -0.001419968 -0.759284139 -0.765382111 0.014018348 0.643423319 80.110412598
0.615537405 -0.008519577 0.788061559 10.782173157 0.016995078 0.999852479 -0.002465274 -0.774742782 -0.787924230 0.014910635 0.615591586 80.676284790
0.586987853 -0.002163086 0.809592843 11.515762329 0.015531441 0.999842525 -0.008589529 -0.790392458 -0.809446752 0.017616093 0.586928904 81.204353333
0.556942165 0.007335528 0.830518842 12.285978317 0.014402008 0.999725282 -0.018487962 -0.803021431 -0.830426276 0.022257866 0.556683540 81.723167419
0.526409149 0.015606445 0.850088179 13.059564590 0.013480645 0.999552548 -0.026698168 -0.824745893 -0.850124478 0.025513897 0.525963306 82.198753357
0.494378716 0.020605773 0.869002342 13.869189262 0.010715130 0.999498546 -0.029795973 -0.853465796 -0.869180501 0.024041969 0.493909985 82.670913696
0.462017000 0.020192791 0.886641204 14.699336052 0.008654775 0.999590576 -0.027275041 -0.884119272 -0.886828840 0.020275215 0.461653054 83.104141235
0.428674221 0.019072428 0.903257847 15.546210289 0.004159447 0.999724925 -0.023083363 -0.911155403 -0.903449535 0.013652294 0.428476930 83.513717651
0.394794136 0.019862853 0.918554902 16.400838852 -0.000023516 0.999766469 -0.021608869 -0.947481394 -0.918769538 0.008509454 0.394702435 83.876213074
0.359227419 0.023142783 0.932963192 17.272289276 -0.007073327 0.999731302 -0.022075506 -0.968914926 -0.933223188 0.001330973 0.359294593 84.236763000
0.323477864 0.024903771 0.945907891 18.186103821 -0.011939645 0.999681354 -0.022236440 -1.002502203 -0.946160376 -0.004100810 0.323672116 84.563644409
0.287304252 0.024341241 0.957529962 19.094047546 -0.014454643 0.999673307 -0.021075483 -1.026514173 -0.957730293 -0.007785679 0.287562251 84.845764160
0.251120001 0.023971759 0.967658997 20.034723282 -0.015272304 0.999666929 -0.020801326 -1.054407477 -0.967835426 -0.009554756 0.251402438 85.091911316
0.215286434 0.023203317 0.976275206 20.982734680 -0.014284443 0.999685526 -0.020609733 -1.084053040 -0.976446450 -0.009508552 0.215550169 85.302291870
0.179871216 0.022472080 0.983433485 21.937910080 -0.012216010 0.999712944 -0.020609755 -1.102462292 -0.983614266 -0.008306532 0.180094093 85.473381042
0.145513386 0.021038350 0.989132524 22.903699875 -0.003673090 0.999778390 -0.020724427 -1.136312366 -0.989349484 -0.000617490 0.145558402 85.601104736
0.111618839 0.024309050 0.993453741 23.889665604 -0.001638101 0.999703884 -0.024277937 -1.172618747 -0.993749738 0.001082497 0.111625604 85.716651917
0.078816608 0.029455885 0.996453881 24.859277725 -0.000685564 0.999564707 -0.029493617 -1.200509071 -0.996888876 0.001641454 0.078802489 85.794586182
0.049982108 0.033311471 0.998194456 25.835187912 0.006229303 0.999413788 -0.033664078 -1.235755444 -0.998730719 0.007900657 0.049745291 85.826660156
0.024528729 0.031556733 0.999200940 26.869518280 0.007828064 0.999464929 -0.031757232 -1.271409392 -0.999668419 0.008600774 0.024268581 85.852378845
0.002075610 0.028517775 0.999591112 27.865327835 0.009299800 0.999549508 -0.028535888 -1.306631088 -0.999954581 0.009355227 0.001809467 85.852355957
-0.016607769 0.026001317 0.999523938 28.869066238 0.009337408 0.999622226 -0.025848722 -1.342809677 -0.999818444 0.008903675 -0.016844280 85.835601807
-0.033386096 0.029183935 0.999016404 29.902809143 0.011302154 0.999520659 -0.028820956 -1.380519867 -0.999378622 0.010328818 -0.033699926 85.806243896
-0.047780540 0.033414785 0.998298883 30.899051666 0.014017521 0.999364138 -0.032779545 -1.414860964 -0.998759449 0.012427451 -0.048218556 85.751457214
-0.059950754 0.038519684 0.997457922 31.881301880 0.018677659 0.999123454 -0.037461411 -1.457614779 -0.998026550 0.016384341 -0.060617659 85.688720703
-0.069008164 0.041837975 0.996738374 32.907222748 0.023867629 0.998903453 -0.040276397 -1.508442402 -0.997330487 0.021010382 -0.069931053 85.614166260
-0.074785300 0.047446553 0.996070206 33.903602600 0.027408889 0.998587847 -0.045508601 -1.554494977 -0.996822834 0.023897804 -0.075980157 85.533103943
-0.078546651 0.052055918 0.995550454 34.916233063 0.029572876 0.998317897 -0.049867395 -1.609377146 -0.996471584 0.025524374 -0.079953976 85.447669983
-0.081054434 0.055773176 0.995148003 35.923534393 0.031896520 0.998066902 -0.053338807 -1.670681238 -0.996199071 0.027418410 -0.082676724 85.360412598
-0.083990306 0.058843024 0.994727612 36.932022095 0.032419514 0.997887790 -0.056292601 -1.730559826 -0.995938957 0.027520556 -0.085720561 85.272964478
-0.086409859 0.062557369 0.994293690 37.940315247 0.033088982 0.997656226 -0.059893303 -1.792948484 -0.995710015 0.027724799 -0.088277303 85.184921265
-0.088217020 0.066367202 0.993887842 38.936168671 0.034537423 0.997381687 -0.063534997 -1.857613325 -0.995502353 0.028721452 -0.090278193 85.086952209
-0.090672597 0.067617431 0.993582547 39.948768616 0.037201036 0.997225821 -0.064470477 -1.928916693 -0.995185733 0.031116590 -0.092936501 84.993713379
-0.092518948 0.066405155 0.993494153 40.981765747 0.037510857 0.997297704 -0.063166209 -2.004501343 -0.995004177 0.031422749 -0.094759852 84.894653320
-0.094785027 0.066067584 0.993303001 42.022937775 0.036823582 0.997345090 -0.062822580 -2.075484037 -0.994816482 0.030622341 -0.096966222 84.792121887
-0.096905775 0.067476116 0.993003607 43.050685883 0.036687061 0.997263372 -0.064185329 -2.143375874 -0.994617224 0.030210458 -0.099116065 84.685081482
-0.099061683 0.069479711 0.992652655 44.063163757 0.036324710 0.997146964 -0.066169262 -2.222830772 -0.994418025 0.029502979 -0.101302899 84.576858521
-0.101517618 0.071267873 0.992277682 45.093845367 0.034774952 0.997075319 -0.068054706 -2.305010319 -0.994225740 0.027597656 -0.103699043 84.469802856
-0.104262203 0.074915394 0.991724312 46.113830566 0.032117460 0.996892571 -0.071929231 -2.383168459 -0.994031072 0.024352169 -0.106344283 84.371192932
-0.106469288 0.079144746 0.991161168 47.153442383 0.028401453 0.996662438 -0.076533183 -2.460496426 -0.993910253 0.020001983 -0.108361751 84.265106201
-0.109230123 0.081650861 0.990657270 48.192619324 0.025919883 0.996515632 -0.079275779 -2.543892145 -0.993678391 0.017018415 -0.110965900 84.152130127
-0.112238318 0.080048896 0.990451872 49.249374390 0.023718351 0.996681690 -0.077864647 -2.631232500 -0.993398130 0.014752482 -0.113764510 84.045646667
-0.114713162 0.075818732 0.990501046 50.298282623 0.021489160 0.997039199 -0.073830470 -2.716972828 -0.993166208 0.012815709 -0.116002806 83.911369324
-0.117473580 0.074252270 0.990296125 51.346149445 0.021381449 0.997158766 -0.072230443 -2.798520565 -0.992845714 0.012688800 -0.118727423 83.801734924
-0.119198047 0.074525364 0.990069628 52.382717133 0.021279376 0.997141659 -0.072495811 -2.887484550 -0.992642403 0.012426704 -0.120443210 83.676162720
-0.120448217 0.077471584 0.989692092 53.439743042 0.021892991 0.996914983 -0.075372554 -2.965510130 -0.992478132 0.012588829 -0.121772714 83.551963806
-0.121335961 0.080052532 0.989378154 54.495140076 0.023138888 0.996699810 -0.077807225 -3.055299759 -0.992341697 0.013452296 -0.122787848 83.421493530
-0.121453196 0.080861919 0.989297926 55.538082123 0.021702603 0.996654272 -0.078798808 -3.139600277 -0.992359757 0.011899969 -0.122801743 83.283065796
-0.121588118 0.079952896 0.989355266 56.601943970 0.018579325 0.996759236 -0.078267880 -3.224843025 -0.992406607 0.008865111 -0.122679532 83.158004761
-0.121572800 0.079272516 0.989411891 57.658119202 0.014852772 0.996839404 -0.078042574 -3.312096834 -0.992471278 0.005207652 -0.122365952 83.034927368
-0.121235445 0.079892591 0.989403427 58.719085693 0.011529928 0.996801734 -0.079077177 -3.411021233 -0.992556810 0.001820793 -0.121768862 82.905532837
-0.121312082 0.080486588 0.989345849 59.795658112 0.007544966 0.996752977 -0.080164045 -3.496821165 -0.992585778 -0.002260288 -0.121525466 82.780754089
-0.121949725 0.079265423 0.989366055 60.884185791 0.003988492 0.996837020 -0.079372354 -3.596682072 -0.992528260 -0.005733358 -0.121880159 82.653625488
-0.122058645 0.074394956 0.989730835 61.960426331 0.004117831 0.997216284 -0.074449763 -3.680528402 -0.992514312 -0.005011694 -0.122025199 82.529418945
-0.122505598 0.065800451 0.990284204 63.055332184 0.007114157 0.997832298 -0.065421902 -3.764311552 -0.992442310 -0.000969513 -0.122708164 82.400093079
-0.122271575 0.060216133 0.990668356 64.144577026 0.012811617 0.998170376 -0.059090868 -3.847851992 -0.992413938 0.005466929 -0.122819334 82.266731262
-0.121126264 0.062818401 0.990647435 65.248100281 0.021653002 0.997925222 -0.060632404 -3.916449785 -0.992400885 0.014106318 -0.122235164 82.106132507
-0.119959809 0.068615645 0.990404725 66.334342957 0.027215235 0.997461021 -0.065808147 -3.986875057 -0.992405593 0.019059766 -0.121522628 81.971366882
-0.118794687 0.073900796 0.990164876 67.426551819 0.030875424 0.997018993 -0.070708096 -4.070255280 -0.992438674 0.022172017 -0.120722279 81.834556580
-0.118691973 0.078361727 0.989834070 68.516281128 0.031307828 0.996680617 -0.075149573 -4.153642654 -0.992437422 0.022069907 -0.120751314 81.710098267
-0.118468828 0.075686224 0.990068972 69.631225586 0.027897323 0.996950805 -0.072874188 -4.235289574 -0.992565811 0.018986953 -0.120219029 81.587318420
-0.117435746 0.071599677 0.990495920 70.732536316 0.027848477 0.997242570 -0.068785578 -4.320406437 -0.992689967 0.019505920 -0.119105875 81.451606750
-0.117756538 0.069240540 0.990625620 71.885292053 0.025219340 0.997452915 -0.066719875 -4.402725697 -0.992722154 0.017126219 -0.119202793 81.311370850
-0.117590673 0.070158325 0.990580738 73.012634277 0.023242554 0.997422457 -0.067883790 -4.480940819 -0.992790103 0.015041127 -0.118918233 81.182632446
-0.117485441 0.074718006 0.990259826 74.134147644 0.024788838 0.997075498 -0.072291285 -4.577369690 -0.992765129 0.016054215 -0.118994012 81.060798645
-0.116452210 0.077489264 0.990168810 75.270645142 0.023644920 0.996885538 -0.075234048 -4.654508114 -0.992914736 0.014651294 -0.117921732 80.909202576
-0.114556119 0.076514743 0.990465701 76.414947510 0.024300842 0.996946812 -0.074204803 -4.741600037 -0.993119419 0.015568540 -0.116065718 80.761398315
-0.115636706 0.069572203 0.990852058 77.560287476 0.025277885 0.997427046 -0.067083806 -4.831759453 -0.992969871 0.017289294 -0.117097840 80.644126892
-0.116266981 0.067830473 0.990899146 78.718765259 0.024250943 0.997561693 -0.065441050 -4.916766167 -0.992921889 0.016421607 -0.117628463 80.513832092
-0.116190255 0.070732042 0.990705192 79.860839844 0.022009229 0.997399330 -0.068628751 -5.002486229 -0.992983043 0.013830670 -0.117444873 80.394790649
-0.116628408 0.074036933 0.990412176 81.010185242 0.021010602 0.997178257 -0.072068565 -5.083195686 -0.992953300 0.012403915 -0.117854893 80.276710510
-0.116176650 0.073556438 0.990501165 82.171783447 0.020623056 0.997217417 -0.071636319 -5.170486927 -0.993014395 0.012104696 -0.117370367 80.147834778
-0.114942744 0.070043720 0.990899622 83.372077942 0.020910345 0.997460544 -0.068081930 -5.257017136 -0.993151903 0.012894529 -0.116115503 79.979698181
-0.114500493 0.069764942 0.990970492 84.551010132 0.020979378 0.997478306 -0.067799076 -5.334065437 -0.993201613 0.013026915 -0.115675390 79.848091125
-0.113452390 0.069772989 0.991090417 85.729576111 0.022878757 0.997449994 -0.067601718 -5.427433014 -0.993279934 0.015005341 -0.114759400 79.724571228
-0.111991897 0.069663137 0.991264224 86.922584534 0.024782252 0.997425199 -0.067296229 -5.513364792 -0.993400037 0.017029125 -0.113429949 79.568740845
-0.110924460 0.068983935 0.991431832 88.111022949 0.024336517 0.997477472 -0.066681728 -5.599696159 -0.993530810 0.016731361 -0.112323463 79.440475464
-0.109421164 0.070082925 0.991521716 89.318588257 0.025820041 0.997375071 -0.067647241 -5.680245399 -0.993660033 0.018199090 -0.110943481 79.300270081
-0.107797302 0.068411037 0.991816342 90.517425537 0.025893921 0.997484267 -0.065987661 -5.763045788 -0.993835628 0.018568717 -0.109297551 79.166046143
-0.107272357 0.067225896 0.991954327 91.723983765 0.024209552 0.997592211 -0.064989902 -5.854460239 -0.993934751 0.017043149 -0.108641580 79.045944214
-0.105659306 0.066617057 0.992168486 92.939155579 0.025289934 0.997610867 -0.064289249 -5.938544750 -0.994080663 0.018299114 -0.107091598 78.917793274
-0.103638567 0.067223385 0.992340744 94.162910461 0.023359327 0.997602701 -0.065140225 -6.027391911 -0.994340539 0.016429368 -0.104960412 78.788032532
-0.102698378 0.069855742 0.992256641 95.370620728 0.023257624 0.997426987 -0.067812569 -6.111066818 -0.994440556 0.016113294 -0.104058795 78.663375854
-0.102030098 0.068373360 0.992428780 96.590019226 0.020548668 0.997567117 -0.066614784 -6.197373390 -0.994569004 0.013596376 -0.103186846 78.551139832
-0.101031415 0.067400642 0.992597461 97.830879211 0.017511930 0.997668386 -0.065962523 -6.288933277 -0.994729042 0.010718009 -0.101976179 78.425422668
-0.101092644 0.068437740 0.992520332 99.071250916 0.014769691 0.997624457 -0.067285337 -6.373961449 -0.994767308 0.007857166 -0.101863295 78.306282043
-0.101099364 0.067910962 0.992555737 100.291526794 0.011685098 0.997679710 -0.067071326 -6.462496281 -0.994807720 0.004817242 -0.101658329 78.181175232
-0.102122448 0.065139666 0.992636740 101.535575867 0.008905505 0.997873604 -0.064567134 -6.553803921 -0.994731963 0.002246179 -0.102485396 78.057594299
-0.103393972 0.063714840 0.992597699 102.798332214 0.006720848 0.997968018 -0.063359492 -6.642278194 -0.994617701 0.000120108 -0.103612125 77.933692932
-0.105653018 0.063142568 0.992396355 104.059722900 0.004480644 0.998001933 -0.063022211 -6.727097034 -0.994392872 -0.002211914 -0.105724849 77.820655823
-0.106353194 0.062879547 0.992338240 105.310531616 0.004726748 0.998019159 -0.062732935 -6.820686340 -0.994317174 -0.001981315 -0.106439739 77.678352356
-0.108996436 0.061468720 0.992139757 106.567306519 0.004162437 0.998105764 -0.061381064 -6.905662060 -0.994033396 -0.002560597 -0.109045818 77.549560547
-0.112000309 0.056554627 0.992097497 107.836196899 0.001004170 0.998385072 -0.056799695 -6.992428780 -0.993707657 -0.005365348 -0.111876227 77.414154053
-0.116752930 0.056740746 0.991538882 109.093109131 0.000105362 0.998367310 -0.057119109 -7.069213390 -0.993161023 -0.006564352 -0.116568290 77.277305603
-0.121842109 0.062292762 0.990592837 110.320716858 -0.004844797 0.997979403 -0.063353144 -7.156685352 -0.992537618 -0.012518303 -0.121294104 77.130691528
-0.129072919 0.064940646 0.989506483 111.539405823 -0.004232945 0.997808218 -0.066037633 -7.245700836 -0.991626024 -0.012712200 -0.128515154 76.983367920
-0.138149917 0.061317008 0.988511443 112.791862488 -0.002915592 0.998052180 -0.062316291 -7.333015442 -0.990406990 -0.011491084 -0.137702048 76.810531616
-0.148476034 0.059810087 0.987105727 114.020782471 -0.000853266 0.998161316 -0.060608294 -7.415064335 -0.988915622 -0.009841142 -0.148151979 76.623573303
-0.162162200 0.060159486 0.984928548 115.239082336 -0.000592414 0.998133779 -0.061063595 -7.507862568 -0.986763895 -0.010485692 -0.161823899 76.438713074
-0.175826788 0.060583819 0.982555151 116.453704834 0.001712939 0.998121738 -0.061237123 -7.591960907 -0.984419525 -0.009084068 -0.175600290 76.220535278
-0.190311685 0.058184937 0.979997933 117.668800354 0.001512562 0.998258293 -0.058975354 -7.676822662 -0.981722534 -0.009741391 -0.190068200 75.991294861
-0.205426797 0.060878213 0.976777136 118.868331909 0.005815628 0.998121738 -0.060985424 -7.762565613 -0.978655159 -0.006847468 -0.205394953 75.737396240
-0.221123472 0.064119607 0.973135710 120.050117493 0.005833928 0.997905552 -0.064426027 -7.848346233 -0.975228310 -0.008568905 -0.221034378 75.484092712
-0.236362576 0.068017438 0.969281435 121.213844299 0.005535126 0.997624934 -0.068656631 -7.935487747 -0.971649170 -0.010862762 -0.236177668 75.205284119
-0.252057970 0.065982208 0.965460181 122.379653931 0.002216607 0.997709453 -0.067607515 -8.028475761 -0.967709482 -0.014900973 -0.251626968 74.910682678
-0.268448681 0.060365688 0.961400688 123.548461914 -0.003362227 0.997969687 -0.063600659 -8.117066383 -0.963288069 -0.020305960 -0.267700732 74.611312866
-0.284303367 0.055919614 0.957102180 124.717788696 -0.007590296 0.998134971 -0.060571659 -8.205824852 -0.958704293 -0.024485413 -0.283348680 74.284767151
-0.299598128 0.057476822 0.952332556 125.864768982 -0.009570416 0.997952461 -0.063240938 -8.287519455 -0.954017520 -0.028061083 -0.298434585 73.941177368
-0.313660800 0.059392475 0.947675943 127.007781982 -0.009541526 0.997794271 -0.065691546 -8.373612404 -0.949487031 -0.029647134 -0.312402248 73.568206787
-0.327793062 0.061856776 0.942722440 128.142318726 -0.008117317 0.997633040 -0.068282209 -8.460255623 -0.944714546 -0.030034814 -0.326515049 73.187263489
-0.342188060 0.061392777 0.937623620 129.276748657 -0.005941677 0.997701824 -0.067494944 -8.557559967 -0.939612687 -0.028667023 -0.341036916 72.783370972
-0.356131345 0.059401788 0.932545841 130.397171021 -0.006344722 0.997800648 -0.065981418 -8.647986412 -0.934414327 -0.029414795 -0.354971230 72.366592407
-0.370512575 0.058255501 0.926998675 131.512710571 -0.006126278 0.997856200 -0.065157004 -8.739199638 -0.928807139 -0.029820548 -0.369361371 71.926528931
-0.385378063 0.059660211 0.920828044 132.611846924 -0.007633737 0.997667491 -0.067833409 -8.828282356 -0.922727168 -0.033170868 -0.384023666 71.479942322
-0.400594801 0.061639622 0.914179504 133.695968628 -0.006943280 0.997501612 -0.070300266 -8.918418884 -0.916228890 -0.034509320 -0.399166077 71.025230408
-0.415077925 0.063658386 0.907555997 134.789169312 -0.005648014 0.997349560 -0.072539903 -9.007585526 -0.909768224 -0.035235595 -0.413618237 70.531288147
-0.429568738 0.066012166 0.900618196 135.863952637 -0.002893637 0.997218847 -0.074472837 -9.104489326 -0.903029501 -0.034597266 -0.428182989 70.022598267
-0.444580257 0.069249287 0.893058181 136.936065674 -0.003024179 0.996885419 -0.078805722 -9.202720642 -0.895733953 -0.037736237 -0.442986161 69.504844666
-0.459480643 0.071302332 0.885321200 137.997177124 -0.002699192 0.996655762 -0.081669889 -9.303137779 -0.888183653 -0.039915394 -0.457751483 68.960365295
-0.474817157 0.068473428 0.877416790 139.065628052 -0.004157603 0.996783018 -0.080038652 -9.404767036 -0.880074680 -0.041651674 -0.473004937 68.397773743
-0.490881741 0.064180672 0.868858933 140.130310059 -0.006949193 0.996962667 -0.077569492 -9.503844261 -0.871198416 -0.044115320 -0.488944769 67.813125610
-0.506991148 0.064385533 0.859543204 141.189086914 -0.007459928 0.996841073 -0.079070196 -9.603618622 -0.861919045 -0.046500020 -0.504909277 67.206130981
-0.522683680 0.063647166 0.850147545 142.229751587 -0.008276084 0.996783435 -0.079713471 -9.701470375 -0.852486432 -0.048700832 -0.520475745 66.571662903
-0.538247406 0.062823616 0.840442121 143.264266968 -0.008759597 0.996746957 -0.080117442 -9.801308632 -0.842741311 -0.050484944 -0.535946190 65.913238525
-0.554006279 0.062066302 0.830195606 144.300262451 -0.010231469 0.996634126 -0.081337087 -9.907294273 -0.832449555 -0.053555381 -0.551506639 65.252288818
-0.569840133 0.061233751 0.819470942 145.322723389 -0.010806235 0.996575177 -0.081982009 -10.013281822 -0.821684539 -0.055572029 -0.567226887 64.562660217
-0.584229767 0.059266336 0.809421420 146.323669434 -0.010522205 0.996693075 -0.080573261 -10.110812187 -0.811520040 -0.055590190 -0.581674218 63.837818146
-0.598981798 0.055523653 0.798835397 147.326324463 -0.010541522 0.996959925 -0.077198692 -10.219091415 -0.800693214 -0.054661553 -0.596575618 63.099323273
-0.613921881 0.054129243 0.787508726 148.332916260 -0.009659978 0.997056127 -0.076063111 -10.318426132 -0.789307714 -0.054304130 -0.611591637 62.320175171
-0.628199697 0.052867297 0.776253998 149.309036255 -0.009825002 0.997070253 -0.075857215 -10.418942451 -0.777990222 -0.055280175 -0.625839651 61.534938812
-0.643369496 0.053659115 0.763672948 150.287490845 -0.011461741 0.996753573 -0.079692543 -10.525612831 -0.765470028 -0.060024772 -0.640665770 60.741039276
-0.658647001 0.052923571 0.750588655 151.241241455 -0.013664843 0.996517777 -0.082254887 -10.631970406 -0.752327979 -0.064433612 -0.655630112 59.926826477
-0.674420774 0.049537826 0.736683428 152.193267822 -0.015770487 0.996552587 -0.081450157 -10.739256859 -0.738178730 -0.066549547 -0.671314597 59.086380005
-0.690627992 0.041949954 0.721992493 153.119750977 -0.019329552 0.996888936 -0.076412104 -10.848358154 -0.722951770 -0.066728137 -0.687668502 58.224609375
-0.707401991 0.039643988 0.705698848 154.041397095 -0.020271266 0.996877074 -0.076321669 -10.950459480 -0.706520736 -0.068295501 -0.704389095 57.326068878
-0.724756300 0.037064303 0.688007593 154.938186646 -0.021573475 0.996841669 -0.076427586 -11.057252884 -0.688667297 -0.070234098 -0.721667707 56.403980255
-0.742314458 0.033359762 0.669220746 155.819778442 -0.024799593 0.996707678 -0.077192806 -11.159641266 -0.669592500 -0.073897742 -0.739043176 55.465896606
-0.758992136 0.031066483 0.650358200 156.679260254 -0.024589222 0.996780753 -0.076311022 -11.272459030 -0.650635302 -0.073911265 -0.755784929 54.498710632
-0.775114119 0.033202399 0.630948305 157.507125854 -0.022655774 0.996515453 -0.080272034 -11.374074936 -0.631415009 -0.076514609 -0.771660984 53.506347656
-0.790010035 0.033706423 0.612166703 158.303405762 -0.018074216 0.996773064 -0.078208208 -11.484602928 -0.612827539 -0.072849698 -0.786851466 52.484893799
-0.804899335 0.033676278 0.592455029 159.109237671 -0.015051617 0.996908545 -0.077115066 -11.613340378 -0.593220413 -0.070987269 -0.801904142 51.444614410
-0.819163799 0.034887087 0.572497666 159.853912354 -0.013215327 0.996735275 -0.079648726 -11.725581169 -0.573407352 -0.072811097 -0.816028535 50.394531250
-0.833108723 0.035939436 0.551940441 160.591339111 -0.012829172 0.996362746 -0.084242433 -11.843378067 -0.552960575 -0.077264041 -0.829617262 49.329795837
-0.846055448 0.036382940 0.531852007 161.289505005 -0.010066408 0.996400177 -0.084175095 -11.958827972 -0.532999992 -0.076570630 -0.842643380 48.239151001
-0.857852399 0.034164596 0.512759268 161.969696045 -0.009164609 0.996611774 -0.081735663 -12.078394890 -0.513814390 -0.074816383 -0.854632735 47.126937866
-0.868434668 0.035890587 0.494502813 162.618804932 -0.006319065 0.996494293 -0.083422095 -12.192613602 -0.495763242 -0.075571448 -0.865163326 46.012966156
-0.877890408 0.038761735 0.477290511 163.232925415 -0.003541972 0.996165633 -0.087415487 -12.304425240 -0.478848815 -0.078431748 -0.874386787 44.896465302
-0.886899114 0.036226667 0.460540593 163.837310791 -0.005526535 0.996017098 -0.088990763 -12.424047470 -0.461930066 -0.081471026 -0.883166492 43.764877319
-0.895147145 0.033646986 0.444499016 164.422424316 -0.006370614 0.996079803 -0.088229023 -12.549326897 -0.445725203 -0.081809692 -0.891423702 42.623817444
-0.902238071 0.031677544 0.430073231 164.983856201 -0.007193552 0.996053994 -0.088456646 -12.673791885 -0.431178302 -0.082902715 -0.898449957 41.469982147
-0.908908188 0.029629774 0.415942281 165.532150269 -0.007701645 0.996109545 -0.087787621 -12.800986290 -0.416925162 -0.082994342 -0.905143797 40.298671722
-0.915188491 0.027169818 0.402109206 166.061553955 -0.008667091 0.996167541 -0.087035328 -12.923853874 -0.402932882 -0.083138868 -0.911445498 39.130889893
-0.920797050 0.022098882 0.389415324 166.571914673 -0.011519279 0.996417463 -0.083783619 -13.034531593 -0.389871716 -0.081633508 -0.917243659 37.943996429
-0.926049292 0.018680932 0.376939952 167.087631226 -0.012594010 0.996688306 -0.080335721 -13.155786514 -0.377192378 -0.079142027 -0.922747195 36.750801086
-0.930486500 0.019265909 0.365819365 167.567886353 -0.009822178 0.996945024 -0.077487580 -13.261051178 -0.366194606 -0.075694293 -0.927454472 35.542404175
-0.933814287 0.023155728 0.357008100 168.047668457 -0.005366152 0.996884406 -0.078694485 -13.383316994 -0.357718021 -0.075401805 -0.930780530 34.350200653
-0.935964048 0.028424505 0.350946188 168.486663818 0.000119092 0.996761441 -0.080413997 -13.488031387 -0.352095366 -0.075222835 -0.932936370 33.157871246
-0.937937558 0.031599607 0.345361471 168.932205200 0.003034764 0.996549785 -0.082939677 -13.598310471 -0.346790791 -0.076744147 -0.934797525 31.964233398
-0.939698219 0.028392376 0.340824217 169.379943848 0.000556581 0.996673644 -0.081493363 -13.716199875 -0.342004329 -0.076389492 -0.936588287 30.766714096
-0.941451788 0.021715879 0.336447895 169.823959351 -0.004977555 0.996919394 -0.078273982 -13.822662354 -0.337111205 -0.075365856 -0.938443363 29.549350739
-0.943256021 0.015483979 0.331705302 170.267013550 -0.010360993 0.997053564 -0.076005496 -13.935726166 -0.331904829 -0.075129442 -0.940316260 28.340211868
-0.944991648 0.008747995 0.326977432 170.707473755 -0.017725626 0.996803820 -0.077897109 -14.038728714 -0.326613784 -0.079408005 -0.941816211 27.133245468
-0.946268260 0.006187925 0.323323876 171.137176514 -0.020818191 0.996577263 -0.080001302 -14.153614998 -0.322712302 -0.082433708 -0.942900538 25.926836014
-0.947132587 0.006524670 0.320776075 171.554580688 -0.021188077 0.996338725 -0.082826316 -14.261077881 -0.320142001 -0.085244134 -0.943526566 24.738500595
-0.947441578 0.007105230 0.319850177 171.973770142 -0.021142451 0.996177316 -0.084756255 -14.375288963 -0.319229722 -0.087064005 -0.943669558 23.534313202
-0.947417140 0.009902947 0.319848329 172.387695312 -0.018691529 0.996102035 -0.086206540 -14.497249603 -0.319455206 -0.087651998 -0.943538785 22.330896378
-0.946746290 0.010755791 0.321800828 172.797378540 -0.018803891 0.995889068 -0.088607870 -14.609928131 -0.321430951 -0.089940280 -0.942652047 21.099590302
-0.946505368 0.011820900 0.322471470 173.218811035 -0.018288026 0.995757520 -0.090179965 -14.735410690 -0.322169393 -0.091253191 -0.942273676 19.898925781
-0.945544362 0.013456870 0.325214922 173.633178711 -0.016852323 0.995780885 -0.090201005 -14.850420952 -0.325056672 -0.090769678 -0.941328287 18.697481155
-0.944691479 0.012948483 0.327704519 174.058959961 -0.017591765 0.995780945 -0.090058714 -14.979353905 -0.327488095 -0.090842590 -0.940478146 17.482263565
-0.943460703 0.011850080 0.331272423 174.486190796 -0.019270007 0.995710015 -0.090498760 -15.098706245 -0.330923676 -0.091765650 -0.939185023 16.307588577
-0.941942573 0.010584792 0.335607290 174.923141479 -0.019965077 0.995968878 -0.087447673 -15.227593422 -0.335180074 -0.089071110 -0.937934220 15.121297836
-0.940102041 0.007920056 0.340801179 175.368301392 -0.022439370 0.996124029 -0.085048556 -15.345769882 -0.340153843 -0.087601699 -0.936280489 13.942786217
-0.937851906 0.005563973 0.346991271 175.820861816 -0.024160692 0.996398389 -0.081278950 -15.468208313 -0.346193790 -0.084611170 -0.934339702 12.767003059
-0.935129762 0.007298145 0.354230136 176.264678955 -0.023209084 0.996378720 -0.081797712 -15.578150749 -0.353544384 -0.084712841 -0.931573987 11.608417511
-0.932242036 0.007463297 0.361758322 176.733230591 -0.023765888 0.996365309 -0.081799693 -15.691287041 -0.361054033 -0.084854625 -0.928676307 10.454899788
-0.928247094 0.010633106 0.371812105 177.194107056 -0.022167869 0.996233225 -0.083833493 -15.807631493 -0.371302903 -0.086060494 -0.924514771 9.294404984
-0.924134374 0.011460940 0.381895930 177.666320801 -0.021701261 0.996361792 -0.082415424 -15.920434952 -0.381451041 -0.084450558 -0.920523286 8.168711662
-0.919056118 0.013935474 0.393880099 178.153366089 -0.020995816 0.996224523 -0.084236786 -16.025577545 -0.393566936 -0.085688174 -0.915293634 7.033465385
-0.913461804 0.015730739 0.406620115 178.672454834 -0.020714385 0.996159375 -0.085072331 -16.145221710 -0.406396717 -0.086133212 -0.909627736 5.875426292
-0.907785058 0.017993003 0.419049561 179.213607788 -0.019432642 0.996202350 -0.084871411 -16.259477615 -0.418985248 -0.085188240 -0.903987944 4.731752872
-0.901455581 0.018070620 0.432494193 179.762588501 -0.019245125 0.996467233 -0.081747696 -16.375463486 -0.432443470 -0.082015328 -0.897923172 3.586486816
-0.894592702 0.020250171 0.446423292 180.319396973 -0.018374236 0.996461213 -0.082020752 -16.496244431 -0.446504414 -0.081577860 -0.891054928 2.454986334
-0.887601495 0.022615256 0.460056543 180.893569946 -0.016716322 0.996554375 -0.081239529 -16.604455948 -0.460308582 -0.079798780 -0.884165287 1.332168460
-0.880489409 0.024360418 0.473439515 181.495712280 -0.014926578 0.996759117 -0.079047397 -16.713100433 -0.473830789 -0.076667234 -0.877272248 0.229731590
-0.872752249 0.025843179 0.487478852 182.092803955 -0.012574266 0.997076213 -0.075371154 -16.827013016 -0.488001436 -0.071910024 -0.869875550 -0.852564752
-0.865248799 0.028558079 0.500528753 182.717590332 -0.009740038 0.997230172 -0.073735096 -16.928981781 -0.501248181 -0.068674371 -0.862574160 -1.900989056
-0.855979025 0.031522386 0.516048610 183.342117310 -0.006753046 0.997372746 -0.072125047 -17.033557892 -0.516966224 -0.065222442 -0.853517294 -2.948106289
-0.845895648 0.034437299 0.532235384 183.987625122 -0.004142386 0.997458935 -0.071122304 -17.130996704 -0.533332229 -0.062366787 -0.843603611 -3.971109390
-0.835005879 0.037074391 0.548990488 184.651046753 -0.001423624 0.997578561 -0.069533721 -17.233177185 -0.550239027 -0.058842625 -0.832931280 -4.991723537
-0.824101329 0.038594589 0.565126002 185.337875366 -0.000561223 0.997619927 -0.068949632 -17.328525543 -0.566442072 -0.057138659 -0.822118282 -5.985068321
-0.812033951 0.040995538 0.582168460 186.047744751 0.002023919 0.997721493 -0.067435190 -17.434028625 -0.583606482 -0.053581417 -0.810266852 -6.984462738
-0.799008012 0.043813832 0.599722028 186.769699097 0.004529489 0.997752070 -0.066858068 -17.526887894 -0.601303279 -0.050703697 -0.797410488 -7.959451675
-0.786212027 0.044130594 0.616379023 187.524902344 0.004856710 0.997857213 -0.065248206 -17.612476349 -0.617937744 -0.048305359 -0.784741700 -8.901089668
-0.771221340 0.046043266 0.634899676 188.295791626 0.006466240 0.997895837 -0.064513311 -17.695962906 -0.636534274 -0.045648631 -0.769896328 -9.844847679
