1.000000000 0.000000000 0.000000000 0.000000000 0.000000000 1.000000000 0.000000000 0.000000000 0.000000000 0.000000000 1.000000000 0.000000000
0.999996066 -0.002369088 -0.001507297 -0.003702599 0.002373465 0.999992907 0.002909509 -0.015978290 0.001500393 -0.002913075 0.999994636 1.524558663
0.999991000 -0.002931019 -0.003067385 -0.006402550 0.002942756 0.999988258 0.003828756 -0.035215992 0.003056127 -0.003837749 0.999987960 3.043850183
0.999989271 -0.001708759 -0.004278946 -0.028292051 0.001723297 0.999992728 0.003396149 -0.047590237 0.004273111 -0.003403486 0.999985099 4.560344696
0.999981165 -0.001009231 -0.006054032 -0.040720440 0.001030115 0.999993563 0.003447545 -0.067385897 0.006050514 -0.003453717 0.999975681 6.070220470
0.999971449 -0.001259157 -0.007455347 -0.053890325 0.001285944 0.999992788 0.003589265 -0.080488950 0.007450774 -0.003598750 0.999965787 7.573147774
0.999954462 -0.001605566 -0.009397871 -0.071349435 0.001644189 0.999990225 0.004103524 -0.097882196 0.009391191 -0.004118790 0.999947429 9.064803123
0.999931395 -0.003540113 -0.011160393 -0.095998846 0.003576141 0.999988496 0.003209807 -0.110908791 0.011148901 -0.003249498 0.999932647 10.560933113
0.999910414 -0.005091733 -0.012375331 -0.118924402 0.005134340 0.999980986 0.003413500 -0.124864422 0.012357716 -0.003476734 0.999917507 12.054076195
0.999897122 -0.004316660 -0.013687155 -0.144746214 0.004362160 0.999985039 0.003296176 -0.139364675 0.013672724 -0.003355543 0.999900877 13.542714119
0.999882638 -0.004327184 -0.014698887 -0.175666824 0.004377958 0.999984562 0.003423904 -0.157417879 0.014683845 -0.003487853 0.999886096 15.033747673
0.999875546 -0.002945036 -0.015499696 -0.197884798 0.003008011 0.999987304 0.004041251 -0.172010824 0.015487597 -0.004087372 0.999871731 16.517299652
0.999871254 -0.001358414 -0.015990166 -0.235754535 0.001434925 0.999987543 0.004774417 -0.189989850 0.015983483 -0.004796747 0.999860704 17.968355179
0.999861836 -0.000341891 -0.016617727 -0.264193863 0.000438342 0.999983132 0.005800804 -0.206568524 0.016615456 -0.005807287 0.999845147 19.464796066
0.999856651 -0.000137079 -0.016932366 -0.298087060 0.000234140 0.999983549 0.005730433 -0.215014800 0.016931301 -0.005733577 0.999840200 20.938196182
0.999842286 0.001003878 -0.017733723 -0.329651624 -0.000899768 0.999982238 0.005877759 -0.225359455 0.017739309 -0.005860875 0.999825478 22.394699097
0.999846220 0.001121670 -0.017498974 -0.367548138 -0.001010769 0.999979258 0.006345083 -0.243033960 0.017505731 -0.006326419 0.999826729 23.860944748
0.999843180 0.001775603 -0.017619887 -0.394157290 -0.001642258 0.999969959 0.007579462 -0.252935141 0.017632812 -0.007549338 0.999816000 25.300449371
0.999841630 0.002141111 -0.017665360 -0.423332632 -0.002028238 0.999977410 0.006404967 -0.266084701 0.017678678 -0.006368123 0.999823391 26.745244980
0.999842346 0.002207016 -0.017618293 -0.462775558 -0.002130023 0.999988139 0.004387652 -0.276932091 0.017627768 -0.004349433 0.999835074 28.154378891
0.999853969 0.000636039 -0.017075894 -0.495550364 -0.000563438 0.999990821 0.004256110 -0.289982736 0.017078442 -0.004245867 0.999845088 29.609292984
0.999862432 -0.000150129 -0.016584264 -0.534026802 0.000267219 0.999975026 0.007058302 -0.305466324 0.016582794 -0.007061763 0.999837518 31.029888153
0.999861181 -0.001639585 -0.016583206 -0.556458175 0.001778588 0.999963284 0.008370908 -0.320381075 0.016568871 -0.008399239 0.999827445 32.431705475
0.999864340 -0.002509537 -0.016278934 -0.590202272 0.002632346 0.999968171 0.007526999 -0.326842129 0.016259529 -0.007568830 0.999839127 33.839309692
0.999870181 -0.002974712 -0.015831057 -0.616787016 0.003068026 0.999978065 0.005873410 -0.342746079 0.015813235 -0.005921218 0.999857426 35.224018097
0.999878585 -0.001443972 -0.015511045 -0.646907806 0.001519203 0.999987185 0.004839493 -0.353366464 0.015503858 -0.004862470 0.999868035 36.578208923
0.999891043 -0.001585216 -0.014681046 -0.671050608 0.001647622 0.999989688 0.004239636 -0.373094887 0.014674173 -0.004263361 0.999883235 37.951530457
0.999911547 -0.000931938 -0.013265022 -0.708549798 0.001005155 0.999984324 0.005514007 -0.392317981 0.013259674 -0.005526854 0.999896824 39.285682678
0.999931216 -0.000383791 -0.011725056 -0.727683902 0.000469080 0.999973476 0.007272192 -0.404043972 0.011721953 -0.007277191 0.999904811 40.612789154
0.999947250 -0.001050167 -0.010205674 -0.745361090 0.001133658 0.999965906 0.008178534 -0.417755216 0.010196735 -0.008189674 0.999914467 41.911758423
0.999968708 -0.000309328 -0.007906674 -0.756781042 0.000381389 0.999958456 0.009114034 -0.434580833 0.007903527 -0.009116763 0.999927223 43.208190918
0.999990106 -0.000442864 -0.004424481 -0.776158214 0.000481121 0.999962509 0.008649492 -0.446139008 0.004420483 -0.008651535 0.999952853 44.479640961
0.999999225 -0.001069561 -0.000738280 -0.790388107 0.001074432 0.999977469 0.006629161 -0.455169648 0.000731174 -0.006629949 0.999977827 45.731285095
0.999995530 -0.001126364 0.002765431 -0.785363197 0.001112945 0.999987602 0.004849152 -0.462808996 -0.002770859 -0.004846052 0.999984384 46.959243774
0.999976993 -0.000890022 0.006737562 -0.780635595 0.000853363 0.999984741 0.005441951 -0.476044863 -0.006742303 -0.005436075 0.999962449 48.173126221
0.999921381 -0.000668875 0.012518728 -0.779578626 0.000603098 0.999986053 0.005257281 -0.488742888 -0.012522070 -0.005249316 0.999907792 49.406154633
0.999821126 0.000921204 0.018887274 -0.767626166 -0.001002820 0.999990225 0.004312227 -0.500790417 -0.018883118 -0.004330397 0.999812305 50.619121552
0.999647617 0.002782927 0.026395395 -0.750952482 -0.002897759 0.999986529 0.004313169 -0.513689041 -0.026383039 -0.004388138 0.999642253 51.803344727
0.999401212 0.003265136 0.034447413 -0.702187300 -0.003450649 0.999979854 0.005327324 -0.525333226 -0.034429323 -0.005443001 0.999392331 53.012542725
0.998970807 0.006017594 0.044955958 -0.663561165 -0.006289698 0.999962687 0.005913713 -0.535906434 -0.044918697 -0.006190386 0.998971522 54.192073822
0.998308718 0.007879989 0.057597451 -0.608816922 -0.008236359 0.999948502 0.005952479 -0.554368079 -0.057547566 -0.006416806 0.998322129 55.300262451
0.997336328 0.009634620 0.072300188 -0.538800836 -0.010133433 0.999927342 0.006535550 -0.566395223 -0.072231963 -0.007250791 0.997361481 56.433406830
0.995985270 0.012118969 0.088693067 -0.453149259 -0.012863779 0.999886751 0.007830842 -0.579870284 -0.088588104 -0.008940333 0.996028185 57.553298950
0.994241774 0.012127729 0.106470473 -0.341340750 -0.013112325 0.999877393 0.008552423 -0.587335467 -0.106353708 -0.009899252 0.994279027 58.645526886
0.991985619 0.011923239 0.125786915 -0.216080293 -0.013018344 0.999884129 0.007887565 -0.600723743 -0.125678301 -0.009461887 0.992025912 59.769195557
0.989183843 0.011390198 0.146237895 -0.061747588 -0.012495862 0.999899864 0.006644303 -0.600895524 -0.146147549 -0.008399804 0.989227116 60.867492676
0.985949039 0.008057518 0.166851759 0.113223642 -0.009309907 0.999934077 0.006725179 -0.620849490 -0.166786566 -0.008184060 0.985959053 61.905223846
0.981988311 0.003331773 0.188912213 0.306928992 -0.005097622 0.999947667 0.008862350 -0.625209570 -0.188872814 -0.009665727 0.981954038 62.941257477
0.977277637 -0.001957626 0.211954132 0.529387891 -0.000266035 0.999945223 0.010462211 -0.637661815 -0.211963028 -0.010280870 0.977223635 63.982875824
0.971811652 -0.007153285 0.235649854 0.780573606 0.005009793 0.999940515 0.009693548 -0.643395782 -0.235705152 -0.008239744 0.971789777 64.994377136
0.965332389 -0.013318351 0.260683626 1.054078221 0.011568090 0.999899089 0.008247382 -0.656409919 -0.260767132 -0.004945854 0.965388954 65.972587585
0.957892776 -0.017129881 0.286614537 1.358232498 0.015246242 0.999845028 0.008802626 -0.658427060 -0.286720902 -0.004062178 0.958005548 66.964630127
0.949163973 -0.019297199 0.314190030 1.662954092 0.016555833 0.999798059 0.011391536 -0.670215547 -0.314346403 -0.005610760 0.949291766 67.904861450
0.939502180 -0.023745202 0.341718793 2.009360313 0.020258443 0.999699950 0.013769298 -0.667893589 -0.341943234 -0.006013598 0.939701378 68.841117859
0.928559601 -0.026898215 0.370207250 2.376289845 0.023449078 0.999629557 0.013814921 -0.677955151 -0.370441735 -0.004146960 0.928846359 69.755172729
0.916424692 -0.025933338 0.399366021 2.771549463 0.023836492 0.999663651 0.010216864 -0.682551682 -0.399496645 0.000156498 0.916734636 70.662048340
0.903376818 -0.027493576 0.427965462 3.179795027 0.028130600 0.999592602 0.004836462 -0.690882385 -0.427924067 0.007669777 0.903782070 71.509979248
0.889215171 -0.029341009 0.456547320 3.623243809 0.031701349 0.999494255 0.002490100 -0.698393822 -0.456389517 0.012258927 0.889695585 72.355316162
0.873498440 -0.030058732 0.485898018 4.093279839 0.031064892 0.999499500 0.005985924 -0.708370566 -0.485834718 0.009865674 0.873995066 73.200317383
0.855770826 -0.028730027 0.516556740 4.586964607 0.026577568 0.999579847 0.011564365 -0.712925613 -0.516671956 0.003832376 0.856174946 74.026573181
0.836056709 -0.029145150 0.547868252 5.106060028 0.024696916 0.999575019 0.015486820 -0.723658502 -0.548086703 0.000582793 0.836421251 74.826599121
0.814953029 -0.023005811 0.579070151 5.645206451 0.020620786 0.999730110 0.010697547 -0.725852072 -0.579160035 0.003222880 0.815207601 75.593833923
0.793003738 -0.016046017 0.609005332 6.210656166 0.017582608 0.999839485 0.003448841 -0.729331911 -0.608962893 0.007972958 0.793158650 76.334434509
0.770398498 -0.013665913 0.637416184 6.800065517 0.016669974 0.999860227 0.001288765 -0.732045829 -0.637344718 0.009632848 0.770518601 77.060325623
0.747138143 -0.015985671 0.664476454 7.430190086 0.017542215 0.999836743 0.004329123 -0.738823652 -0.664437115 0.008421936 0.747296691 77.747428894
0.722751021 -0.016643686 0.690908134 8.063441277 0.018034395 0.999823749 0.005219767 -0.755221725 -0.690873206 0.008687515 0.722923815 78.419082642
0.697217464 -0.014653261 0.716709971 8.717639923 0.018606812 0.999824107 0.002340824 -0.762547076 -0.716618121 0.011703624 0.697367430 79.065216064
0.671364307 -0.011876301 0.741032362 9.398493767 0.018221745 0.999833941 -0.000484596 -0.764572918 -0.740903437 0.013828243 0.671469152 79.662712097
0.644175172 -0.009992278 0.764812648 10.093068123 0.016767269 0.999858797 -0.001059333 -0.778971851 -0.764694095 0.013506214 0.644251883 80.253166199
0.616422057 -0.008555949 0.787369490 10.802563667 0.016813239 0.999855995 -0.002297947 -0.789901137 -0.787236333 0.014654736 0.616477191 80.798027039
0.587240517 -0.002088281 0.809409797 11.541240692 0.015250782 0.999847710 -0.008485089 -0.805938840 -0.809268832 0.017326917 0.587182939 81.357872009
0.557286918 0.007360051 0.830287337 12.301072121 0.013964023 0.999736190 -0.018234743 -0.818935037 -0.830202520 0.021756131 0.557037115 81.866889954
0.526455462 0.015671063 0.850058258 13.072020531 0.012702237 0.999573648 -0.026294131 -0.842741311 -0.850107789 0.024640333 0.526031911 82.346664429
0.494712412 0.020596473 0.868812621 13.885274887 0.010201750 0.999512553 -0.029503902 -0.870804012 -0.868996859 0.023459358 0.494261146 82.815963745
0.462279767 0.020077867 0.886506855 14.715971947 0.008319169 0.999601364 -0.026977398 -0.901740015 -0.886695087 0.019846108 0.461928487 83.250770569
0.429029256 0.018979989 0.903091311 15.560577393 0.003668100 0.999734342 -0.022753706 -0.930768907 -0.903283179 0.013074633 0.428845704 83.659240723
0.395065874 0.020038912 0.918434262 16.412479401 -0.000678871 0.999768138 -0.021521484 -0.963646591 -0.918652594 0.007878906 0.394987851 84.021530151
0.359217882 0.022981381 0.932970762 17.282564163 -0.007976070 0.999735892 -0.021554977 -0.991584182 -0.933219671 0.000301491 0.359306246 84.387313843
0.323567837 0.024856152 0.945878386 18.198263168 -0.012802667 0.999678433 -0.021890368 -1.022859216 -0.946118355 -0.005026749 0.323782086 84.718605042
0.286998421 0.024415947 0.957619786 19.102565765 -0.015373933 0.999663770 -0.020880358 -1.044671297 -0.957807720 -0.008729754 0.287277341 85.004791260
0.250835627 0.023881715 0.967735052 20.045381546 -0.016205294 0.999659181 -0.020469146 -1.074624896 -0.967894077 -0.010548042 0.251137167 85.252227783
0.215210631 0.023428593 0.976286590 20.992017746 -0.015459809 0.999668598 -0.020581776 -1.102004051 -0.976445258 -0.010663784 0.215501517 85.460548401
0.179904491 0.022478264 0.983427286 21.949108124 -0.013207574 0.999703944 -0.020434158 -1.121914625 -0.983595490 -0.009312491 0.180148080 85.630233765
0.145559043 0.021416040 0.989117801 22.914342880 -0.004887128 0.999769092 -0.020927466 -1.153656244 -0.989337444 -0.001787762 0.145630062 85.757766724
0.111605987 0.024476213 0.993451059 23.899829865 -0.002749786 0.999700427 -0.024321267 -1.191567183 -0.993748665 -0.000017379 0.111639842 85.875091553
0.078809723 0.029801497 0.996444106 24.869029999 -0.001774220 0.999555647 -0.029754234 -1.217073560 -0.996888101 0.000577011 0.078827575 85.952926636
0.049614098 0.033510398 0.998206139 25.840921402 0.004779363 0.999417603 -0.033788614 -1.254646897 -0.998757005 0.006447181 0.049425047 85.989807129
0.024777329 0.031858638 0.999185264 26.877292633 0.006858176 0.999463260 -0.032037564 -1.290234923 -0.999669492 0.007646395 0.024545537 86.005302429
0.002504214 0.028785130 0.999582529 27.873325348 0.008280695 0.999550760 -0.028804960 -1.326494575 -0.999962568 0.008349371 0.002264730 86.003555298
-0.016395062 0.026168184 0.999523163 28.870607376 0.008462230 0.999625325 -0.026032053 -1.363230467 -0.999829829 0.008031396 -0.016610360 85.988800049
-0.033020977 0.029370757 0.999023020 29.894626617 0.010662145 0.999521732 -0.029032990 -1.403882265 -0.999397814 0.009693032 -0.033318330 85.953239441
-0.047399223 0.033583134 0.998311341 30.890768051 0.013362743 0.999366581 -0.032984179 -1.438509822 -0.998786688 0.011776752 -0.047817960 85.898925781
-0.059676751 0.038445730 0.997477174 31.876976013 0.018115452 0.999135196 -0.037425831 -1.483459115 -0.998053432 0.015836298 -0.060321610 85.839279175
-0.068550922 0.042061180 0.996760607 32.900737762 0.023402523 0.998903871 -0.040542137 -1.531751871 -0.997373104 0.020547515 -0.069460109 85.759986877
-0.074430503 0.047399554 0.996099174 33.897583008 0.026798243 0.998604119 -0.045516338 -1.579312921 -0.996866107 0.023305902 -0.075596824 85.680061340
-0.078089632 0.052302074 0.995573461 34.906929016 0.029148106 0.998315752 -0.050159864 -1.633235574 -0.996520102 0.025102112 -0.079482615 85.595909119
-0.080340914 0.056275733 0.995177567 35.913139343 0.031313542 0.998054624 -0.053910486 -1.692235947 -0.996275425 0.026831320 -0.081946820 85.506446838
-0.083424345 0.059036136 0.994763851 36.923397064 0.032074492 0.997885466 -0.056531515 -1.755592823 -0.995997787 0.027190445 -0.085141495 85.420272827
-0.085731313 0.062782951 0.994338214 37.931007385 0.032762751 0.997650445 -0.060167305 -1.818555593 -0.995779395 0.027419033 -0.087586828 85.332397461
-0.087752469 0.066602670 0.993913233 38.932315826 0.034247681 0.997374177 -0.063810863 -1.881902933 -0.995553434 0.028439667 -0.089803040 85.239166260
-0.090109773 0.067846678 0.993618131 39.948955536 0.036848873 0.997220874 -0.064750917 -1.952033520 -0.995249927 0.030779017 -0.092359416 85.144966125
-0.092360899 0.066489175 0.993503213 40.971920013 0.037147753 0.997303545 -0.063290082 -2.030803680 -0.995032430 0.031060886 -0.094581768 85.057533264
-0.094720952 0.066318259 0.993292391 41.987522125 0.036064185 0.997352242 -0.063150212 -2.097955465 -0.994850397 0.029840624 -0.096861847 84.962051392
-0.096595526 0.067738995 0.993015945 43.019241333 0.036117330 0.997262895 -0.064515404 -2.166551352 -0.994668186 0.029633187 -0.098777674 84.851226807
-0.099064156 0.069728598 0.992635012 44.021900177 0.035302520 0.997160137 -0.066523306 -2.245397091 -0.994454622 0.028452441 -0.101244442 84.750747681
-0.101527944 0.071541138 0.992256880 45.051677704 0.033543516 0.997090042 -0.068457395 -2.325741053 -0.994266987 0.026333444 -0.103632234 84.647407532
-0.104331329 0.075231537 0.991693079 46.065818787 0.031176854 0.996892214 -0.072346002 -2.406018257 -0.994053781 0.023369910 -0.106352575 84.548881531
-0.106421754 0.079600275 0.991129756 47.106460571 0.027429827 0.996646166 -0.077098057 -2.481873512 -0.993942618 0.018981611 -0.108248264 84.440734863
-0.109179042 0.081892505 0.990642965 48.142730713 0.025209935 0.996508181 -0.079598956 -2.567214727 -0.993702412 0.016283505 -0.110862292 84.327133179
-0.112046294 0.080428414 0.990442753 49.191116333 0.022944137 0.996662855 -0.078337900 -2.653354645 -0.993438005 0.013947382 -0.113517739 84.219924927
-0.114666186 0.076140918 0.990481853 50.239925385 0.020641007 0.997025669 -0.074254386 -2.740701199 -0.993189573 0.011930072 -0.115896761 84.089607239
-0.117653698 0.074637190 0.990245819 51.289180756 0.020366034 0.997143209 -0.072737306 -2.821141243 -0.992845833 0.011609565 -0.118837655 83.985786438
-0.119121730 0.074746020 0.990062118 52.326984406 0.020420427 0.997135758 -0.072823130 -2.913448334 -0.992669642 0.011542676 -0.120306887 83.852241516
-0.120218910 0.077643268 0.989706516 53.384353638 0.021125168 0.996911168 -0.075642429 -2.991533518 -0.992522597 0.011814061 -0.121487804 83.725120544
-0.121601619 0.080220774 0.989331961 54.433513641 0.022149825 0.996699750 -0.078095697 -3.081612349 -0.992331862 0.012416965 -0.122977175 83.605278015
-0.121426657 0.080879465 0.989299715 55.483852386 0.020561071 0.996666014 -0.078958020 -3.172177792 -0.992387414 0.010753459 -0.122684784 83.460800171
-0.121876277 0.079879679 0.989325702 56.550983429 0.017333595 0.996775508 -0.078345858 -3.258070707 -0.992393970 0.007600073 -0.122867897 83.339714050
-0.121574290 0.079045415 0.989429891 57.605167389 0.014017679 0.996861219 -0.077916734 -3.348043442 -0.992483318 0.004396841 -0.122300737 83.210937500
-0.121198982 0.080356464 0.989370346 58.672691345 0.010150619 0.996766031 -0.079713702 -3.433797121 -0.992576361 0.000381504 -0.121622697 83.081909180
-0.121355608 0.080724783 0.989321113 59.765293121 0.005683765 0.996727705 -0.080631949 -3.521335363 -0.992592812 -0.004162069 -0.121417321 82.953453064
-0.122266985 0.079782248 0.989285409 60.830787659 0.002113838 0.996782482 -0.080125615 -3.619544744 -0.992495000 -0.007705528 -0.122042246 82.836639404
-0.122508340 0.074938446 0.989634275 61.915786743 0.002207598 0.997163236 -0.075235315 -3.704448700 -0.992465019 -0.007032237 -0.122326262 82.709526062
-0.122851327 0.066286929 0.990208924 63.005157471 0.006068610 0.997798324 -0.066042088 -3.790127516 -0.992406547 -0.002104165 -0.122983128 82.577873230
-0.121887438 0.060717579 0.990684986 64.121246338 0.011810837 0.998145223 -0.059721675 -3.872113228 -0.992473662 0.004421500 -0.122378483 82.415565491
-0.122134730 0.062965974 0.990514159 65.209671021 0.020289496 0.997935414 -0.060935948 -3.946600199 -0.992306113 0.012654639 -0.123160124 82.288352966
-0.120631516 0.068613797 0.990323246 66.330467224 0.026230969 0.997480452 -0.065914482 -4.020053864 -0.992350757 0.018025778 -0.122127376 82.130920410
-0.118976846 0.074550711 0.990094304 67.426765442 0.029640574 0.996999502 -0.071508832 -4.097643852 -0.992454469 0.020839062 -0.120829575 81.986450195
-0.118749224 0.079267837 0.989755154 68.524879456 0.030186888 0.996635795 -0.076197125 -4.179916382 -0.992465317 0.020829272 -0.120742559 81.866142273
-0.118348517 0.076311506 0.990035415 69.679344177 0.027338127 0.996914983 -0.073573790 -4.266725540 -0.992595673 0.018358361 -0.120069630 81.718467712
-0.117783114 0.072048530 0.990422189 70.805450439 0.026393944 0.997239232 -0.069405615 -4.350127697 -0.992688477 0.017966338 -0.119359590 81.581542969
-0.117734730 0.069828406 0.990586996 71.934455872 0.024162477 0.997430742 -0.067439049 -4.438442707 -0.992751062 0.015995117 -0.119119458 81.455749512
-0.117651351 0.070510775 0.990548670 73.068855286 0.021656994 0.997420967 -0.068427712 -4.513982296 -0.992818832 0.013401694 -0.118874997 81.324073792
-0.117843896 0.075510003 0.990157127 74.203666687 0.023063127 0.997043908 -0.073290348 -4.603602886 -0.992764354 0.014199299 -0.119237036 81.196586609
-0.116592668 0.078420758 0.990078986 75.322914124 0.022518253 0.996830285 -0.076303735 -4.688643456 -0.992924452 0.013398392 -0.117989011 81.058677673
-0.115608126 0.077564724 0.990261853 76.469398499 0.022749787 0.996891737 -0.075428091 -4.774992466 -0.993034303 0.013808142 -0.117013365 80.920555115
-0.115493007 0.070720926 0.990787506 77.621131897 0.024042754 0.997369111 -0.068388134 -4.867216587 -0.993017256 0.015922911 -0.116889499 80.789535522
-0.116089217 0.068931736 0.990843952 78.774940491 0.023149384 0.997505605 -0.066682972 -4.954888821 -0.992968976 0.015196255 -0.117395394 80.661972046
-0.116064303 0.071969569 0.990630865 79.925605774 0.020573119 0.997331738 -0.070045985 -5.039765358 -0.993028641 0.012250530 -0.117235221 80.539291382
-0.116234973 0.075007714 0.990385473 81.073684692 0.019730981 0.997121930 -0.073202223 -5.124731064 -0.993025780 0.011032618 -0.117380418 80.419151306
-0.115764625 0.074768193 0.990458548 82.258293152 0.019005945 0.997147024 -0.073051691 -5.210215569 -0.993094862 0.010367800 -0.116855405 80.278556824
-0.114998028 0.071225487 0.990808904 83.445472717 0.018675318 0.997404873 -0.069532096 -5.298821926 -0.993190229 0.010507619 -0.116029762 80.134704590
-0.114780121 0.070453256 0.990889430 84.632339478 0.018841540 0.997456789 -0.068737693 -5.385446548 -0.993212283 0.010780162 -0.115815677 80.007781982
-0.113162264 0.070475161 0.991073847 85.814674377 0.020291165 0.997437119 -0.068610743 -5.480327606 -0.993369281 0.012345894 -0.114302270 79.867538452
-0.112015747 0.071221679 0.991150856 87.008102417 0.022302743 0.997357190 -0.069147073 -5.559875488 -0.993456125 0.014359819 -0.113308147 79.731193542
-0.111678161 0.070002429 0.991275728 88.198020935 0.021956675 0.997446120 -0.067964494 -5.657533646 -0.993501902 0.014174969 -0.112929963 79.616607666
-0.109609351 0.070714302 0.991456151 89.391189575 0.023673277 0.997368872 -0.068518847 -5.740761757 -0.993692756 0.015960710 -0.110994995 79.458328247
-0.108083673 0.069095999 0.991737723 90.591918945 0.023545856 0.997479796 -0.066929929 -5.824006081 -0.993862867 0.016117278 -0.109438203 79.325729370
-0.107253835 0.068176992 0.991891444 91.798233032 0.022203702 0.997561574 -0.066165842 -5.912305832 -0.993983626 0.014927120 -0.108506098 79.200645447
-0.105755538 0.067458570 0.992101312 93.010536194 0.023109257 0.997593582 -0.065368623 -5.998200893 -0.994123578 0.016013632 -0.107059956 79.074256897
-0.103726000 0.068312801 0.992257059 94.236549377 0.020999713 0.997566581 -0.066483133 -6.085795879 -0.994384170 0.013941086 -0.104908131 78.943138123
-0.102925777 0.070783086 0.992167234 95.446762085 0.021062288 0.997396290 -0.068971165 -6.173432350 -0.994465947 0.013798404 -0.104148634 78.822631836
-0.102421127 0.069406100 0.992316723 96.667274475 0.018248014 0.997526169 -0.067887001 -6.259570122 -0.994573712 0.011154750 -0.103434265 78.711357117
-0.101386487 0.068218306 0.992505372 97.904495239 0.015352054 0.997634709 -0.067002609 -6.355245590 -0.994728684 0.008443839 -0.102193952 78.586578369
-0.101596288 0.069341995 0.992406011 99.144042969 0.012559161 0.997577727 -0.068417624 -6.440964222 -0.994746447 0.005512814 -0.102221064 78.469329834
-0.101530395 0.068727404 0.992455661 100.362953186 0.009430652 0.997632444 -0.068121105 -6.531023502 -0.994787693 0.002443140 -0.101938173 78.342895508
-0.102668963 0.065995060 0.992524028 101.606269836 0.006672958 0.997819901 -0.065656915 -6.623627186 -0.994693160 -0.000117858 -0.102885522 78.219978333
-0.104037441 0.064678989 0.992468059 102.872665405 0.004158411 0.997902691 -0.064597279 -6.710855961 -0.994564712 -0.002593444 -0.104088210 78.099113464
-0.106150642 0.064144678 0.992278993 104.134742737 0.001868851 0.997928262 -0.064309962 -6.796961308 -0.994348288 -0.004972122 -0.106050611 77.983871460
-0.107143939 0.063679099 0.992202163 105.387054443 0.002251762 0.997959793 -0.063805468 -6.894631386 -0.994240999 -0.004602165 -0.107068732 77.846282959
-0.109627783 0.062370323 0.992013931 106.643089294 0.001605053 0.998039246 -0.062571764 -6.979787827 -0.993971407 -0.005267369 -0.109512925 77.715499878
-0.112782657 0.057540387 0.991952181 107.906661987 -0.001308837 0.998312294 -0.058058131 -7.066782475 -0.993618786 -0.007846253 -0.112517014 77.582946777
-0.117367886 0.057619404 0.991415560 109.161155701 -0.002201532 0.998297930 -0.058280021 -7.145998478 -0.993086040 -0.009022835 -0.117041267 77.442382812
-0.122752286 0.063271567 0.990418434 110.392654419 -0.007185591 0.997882843 -0.064639002 -7.233613968 -0.992411315 -0.015051327 -0.122037746 77.299972534
-0.130067334 0.066183589 0.989293873 111.612350464 -0.006616582 0.997689426 -0.067615181 -7.321209908 -0.991483033 -0.015340270 -0.129328921 77.152908325
-0.138775080 0.062478095 0.988351107 112.866790771 -0.004963662 0.997951508 -0.063781932 -7.410847664 -0.990311503 -0.013757184 -0.138180673 76.973922729
-0.149087250 0.060712237 0.986958504 114.096595764 -0.002682372 0.998084784 -0.061801858 -7.497850418 -0.988820374 -0.011861258 -0.148638889 76.785018921
-0.162899971 0.061380211 0.984731436 115.312210083 -0.002467160 0.998034537 -0.062617548 -7.589055061 -0.986639440 -0.012629887 -0.162428394 76.604194641
-0.176489204 0.061713226 0.982366025 116.530647278 -0.000097333 0.998031437 -0.062714830 -7.675592422 -0.984302580 -0.011164107 -0.176135764 76.381980896
-0.191219956 0.059466202 0.979744196 117.744636536 -0.000261397 0.998160005 -0.060634978 -7.761784077 -0.981547177 -0.011850722 -0.190852568 76.158248901
-0.206170395 0.062150870 0.976540327 118.945487976 0.003939941 0.998025596 -0.062686443 -7.848710060 -0.978508234 -0.009076580 -0.206008181 75.900840759
-0.221762851 0.065338247 0.972909093 120.129287720 0.004416413 0.997809589 -0.066003829 -7.938890457 -0.975090623 -0.010340431 -0.221565664 75.644676208
-0.237254038 0.069410250 0.968964815 121.292343140 0.003968417 0.997504950 -0.070483007 -8.025519371 -0.971439540 -0.012877123 -0.236937553 75.368797302
-0.252587825 0.067305654 0.965230167 122.460975647 0.000695932 0.997590125 -0.069380008 -8.121284485 -0.967573702 -0.016852807 -0.252025962 75.068061829
-0.268848479 0.061471000 0.961218894 123.623908997 -0.004747603 0.997864723 -0.065142408 -8.214130402 -0.963170767 -0.022076922 -0.267982572 74.765541077
-0.284817040 0.057297248 0.956867874 124.806221008 -0.009103276 0.998005331 -0.062470198 -8.301458359 -0.958538651 -0.026503211 -0.283727348 74.439270020
-0.300104916 0.058738809 0.952095985 125.952880859 -0.011034001 0.997821748 -0.065037794 -8.386426926 -0.953842461 -0.030023588 -0.298803091 74.095008850
-0.314212561 0.060581040 0.947417796 127.103279114 -0.010974445 0.997663498 -0.067433611 -8.476578712 -0.949289203 -0.031585883 -0.312813550 73.720298767
-0.328315884 0.062927522 0.942469656 128.238235474 -0.009548778 0.997506261 -0.069928661 -8.566280365 -0.944519699 -0.031958126 -0.326896310 73.338378906
-0.342680335 0.062658735 0.937360287 129.374267578 -0.007349540 0.997563899 -0.069369972 -8.664119720 -0.939423323 -0.030660890 -0.341385067 72.933700562
-0.356564313 0.060661584 0.932299376 130.498794556 -0.007644850 0.997667015 -0.067838669 -8.756676674 -0.934239507 -0.031316139 -0.355268747 72.515686035
-0.371198267 0.059427340 0.926649988 131.617568970 -0.007686591 0.997718990 -0.067064203 -8.850129128 -0.928521752 -0.032016896 -0.369894803 72.077102661
-0.385935754 0.060886703 0.920514226 132.716064453 -0.009111741 0.997519255 -0.069800355 -8.941627502 -0.922480643 -0.035325941 -0.384423584 71.627716064
-0.401198775 0.062850595 0.913832247 133.804412842 -0.008516583 0.997344255 -0.072333306 -9.032864571 -0.915951431 -0.036802769 -0.399598002 71.171707153
-0.415718853 0.064887546 0.907175601 134.898056030 -0.007161733 0.997187257 -0.074607730 -9.124215126 -0.909464955 -0.037512790 -0.414084822 70.677673340
-0.430257231 0.067158043 0.900204659 135.973861694 -0.004384904 0.997061372 -0.076479651 -9.224759102 -0.902695596 -0.036853231 -0.428698480 70.170219421
-0.445243657 0.070196964 0.892653644 137.045639038 -0.004585009 0.996730268 -0.080668360 -9.327531815 -0.895397723 -0.040009901 -0.443466067 69.651458740
-0.460104048 0.072666854 0.884886205 138.107650757 -0.003940027 0.996468186 -0.083878614 -9.426065445 -0.887856245 -0.042079363 -0.458192706 69.106208801
-0.475433320 0.069948368 0.876966476 139.174636841 -0.005309339 0.996587873 -0.082367942 -9.529515266 -0.879735649 -0.043816581 -0.473439664 68.542800903
-0.491298288 0.065578721 0.868519068 140.244323730 -0.008018775 0.996778727 -0.079799145 -9.631965637 -0.870954394 -0.046169639 -0.489189804 67.954612732
-0.507362068 0.065734982 0.859222114 141.302291870 -0.008512962 0.996655345 -0.081276163 -9.735054016 -0.861690879 -0.048550967 -0.505105495 67.346519470
-0.523602068 0.064982928 0.849481046 142.350723267 -0.009487215 0.996580422 -0.082083337 -9.833878517 -0.851910055 -0.051038221 -0.521195054 66.720947266
-0.539288819 0.064181246 0.839671552 143.386077881 -0.009953265 0.996536076 -0.082563967 -9.936392784 -0.842062116 -0.052883297 -0.536781847 66.062652588
-0.554987252 0.063546464 0.829428136 144.429672241 -0.010850632 0.996440113 -0.083602428 -10.048797607 -0.831788063 -0.055398107 -0.552321970 65.392341614
-0.570076883 0.063079759 0.819166303 145.445465088 -0.011088371 0.996366739 -0.084441707 -10.154815674 -0.821516514 -0.057221480 -0.567306161 64.691093445
-0.584915102 0.060774736 0.808814466 146.441650391 -0.011180478 0.996489942 -0.082962237 -10.257417679 -0.811017513 -0.057568789 -0.582182527 63.972057343
-0.599812567 0.056979124 0.798109233 147.445449829 -0.011133588 0.996770322 -0.079529405 -10.368964195 -0.800063193 -0.056588557 -0.597240925 63.234783173
-0.614612401 0.055603679 0.786867023 148.446212769 -0.010148358 0.996872663 -0.078370392 -10.474108696 -0.788764000 -0.056152828 -0.612125933 62.459812164
-0.628633559 0.054220013 0.775809288 149.419723511 -0.010518678 0.996882677 -0.078193679 -10.577343941 -0.777630568 -0.057315655 -0.626103461 61.671642303
-0.643983305 0.055061519 0.763055503 150.401641846 -0.012131167 0.996546268 -0.082148179 -10.686445236 -0.764943302 -0.062158804 -0.641091228 60.874111176
-0.659206808 0.054360550 0.749994218 151.354187012 -0.014248868 0.996301472 -0.084737241 -10.796170235 -0.751826704 -0.066545941 -0.655994117 60.057270050
-0.674979210 0.051068362 0.736067235 152.307235718 -0.016164484 0.996338964 -0.083948970 -10.907022476 -0.737659633 -0.068561956 -0.671682537 59.212898254
-0.691178679 0.043480113 0.721374691 153.238754272 -0.019508131 0.996702075 -0.078766741 -11.023062706 -0.722420573 -0.068514563 -0.688051105 58.346828461
-0.708036900 0.040925890 0.704988480 154.161468506 -0.020520447 0.996705234 -0.078469761 -11.130450249 -0.705877244 -0.070026174 -0.704864383 57.448978424
-0.725428402 0.038457293 0.687222540 155.054779053 -0.021920875 0.996640503 -0.078912020 -11.235449791 -0.687948525 -0.072309531 -0.722148180 56.531589508
-0.742881179 0.034465745 0.668535411 155.935562134 -0.025245948 0.996520817 -0.079428226 -11.344163895 -0.668946981 -0.075883552 -0.739426553 55.595245361
-0.759363890 0.032552786 0.649851382 156.784164429 -0.024581227 0.996599495 -0.078645959 -11.455647469 -0.650201678 -0.075695060 -0.755981565 54.633110046
-0.775438249 0.034275528 0.630492449 157.613616943 -0.022821898 0.996351719 -0.082233302 -11.572639465 -0.631010652 -0.078155898 -0.771827221 53.640575409
-0.790785432 0.033815756 0.611158669 158.422317505 -0.019500665 0.996574044 -0.080373161 -11.678454399 -0.611782670 -0.075475931 -0.787416875 52.632064819
-0.805525005 0.035049304 0.591524363 159.203536987 -0.015338182 0.996681392 -0.079943083 -11.797048569 -0.592363238 -0.073469065 -0.802314281 51.605270386
-0.819444537 0.036128052 0.572018862 159.936767578 -0.013653916 0.996497631 -0.082497537 -11.915664673 -0.572995842 -0.075412452 -0.816081285 50.536769867
-0.833440542 0.037381392 0.551343441 160.659667969 -0.012804667 0.996135175 -0.086894743 -12.033529282 -0.552460790 -0.079481386 -0.829740822 49.484710693
-0.846102178 0.038322117 0.531641364 161.356842041 -0.009538605 0.996163845 -0.086986721 -12.151289940 -0.532935441 -0.078670770 -0.842490792 48.391231537
-0.857782722 0.036293205 0.512729585 162.026397705 -0.008455750 0.996372819 -0.084673785 -12.268422127 -0.513942957 -0.076967210 -0.854364514 47.292591095
-0.868291020 0.038269248 0.494576752 162.659240723 -0.005130662 0.996273518 -0.086096942 -12.395332336 -0.496028602 -0.077294722 -0.864859045 46.190914154
-0.877663195 0.041156292 0.477507889 163.274932861 -0.002228779 0.995945036 -0.089936785 -12.512692451 -0.479273111 -0.079998441 -0.874012351 45.073802948
-0.886652529 0.038700107 0.460813940 163.880828857 -0.004090888 0.995796680 -0.091500342 -12.635751724 -0.462418050 -0.083014160 -0.882767379 43.937324524
-0.894961715 0.035969663 0.444690675 164.468307495 -0.005003249 0.995872736 -0.090622358 -12.765255928 -0.446114957 -0.083328448 -0.891087949 42.798065186
-0.902159095 0.033874717 0.430071503 165.031494141 -0.005942592 0.995841980 -0.090903528 -12.892810822 -0.431362659 -0.084565192 -0.898206532 41.652442932
-0.908707261 0.032380547 0.416176438 165.572479248 -0.006010678 0.995868564 -0.090607524 -13.011586189 -0.417390913 -0.084837206 -0.904758215 40.486988068
-0.915170610 0.029178625 0.402009070 166.117950439 -0.007466479 0.995977938 -0.089287467 -13.153301239 -0.402997434 -0.084714860 -0.911271870 39.310485840
-0.920777678 0.024075313 0.389344275 166.627334595 -0.010237312 0.996258497 -0.085814841 -13.265691757 -0.389953643 -0.083002225 -0.917086065 38.122955322
-0.926032364 0.020862559 0.376867056 167.141052246 -0.011104965 0.996533096 -0.082452908 -13.394163132 -0.377280682 -0.080539167 -0.922590256 36.928657532
-0.930377007 0.021374973 0.365980715 167.626800537 -0.008378323 0.996798337 -0.079516597 -13.504437447 -0.366508633 -0.077046715 -0.927219093 35.711822510
-0.933622122 0.025825290 0.357327551 168.089584351 -0.003473053 0.996699154 -0.081109226 -13.617544174 -0.358242780 -0.076966383 -0.930450618 34.544006348
-0.936036527 0.030846059 0.350548297 168.547348022 0.001860399 0.996570706 -0.082724340 -13.729144096 -0.351897895 -0.076780841 -0.932884037 33.347152710
-0.937790275 0.034596760 0.345474422 168.984420776 0.005488465 0.996375918 -0.084881403 -13.846908569 -0.347158998 -0.077704832 -0.934581518 32.144966125
-0.939645469 0.031419199 0.340703994 169.435836792 0.002948201 0.996481359 -0.083762981 -13.967473984 -0.342136919 -0.077703059 -0.936431825 30.945711136
-0.941492081 0.023803674 0.336193383 169.884094238 -0.003442663 0.996771634 -0.080215923 -14.080448151 -0.337017447 -0.076680072 -0.938370585 29.740036011
-0.943448305 0.017457377 0.331059635 170.331085205 -0.008740970 0.996955514 -0.077481180 -14.202942848 -0.331404299 -0.075993255 -0.940423489 28.543201447
-0.945066214 0.010028822 0.326725036 170.771545410 -0.016826445 0.996711552 -0.079265267 -14.306527138 -0.326445490 -0.080408543 -0.941789627 27.335372925
-0.946499944 0.007376298 0.322619647 171.204116821 -0.020257825 0.996408880 -0.082213961 -14.415065765 -0.322067499 -0.084351078 -0.942951441 26.135139465
-0.947261810 0.007938701 0.320362419 171.619232178 -0.020165596 0.996235251 -0.084313609 -14.530905724 -0.319825709 -0.086327367 -0.943535388 24.942646027
-0.947569907 0.008510979 0.319435388 172.037811279 -0.020137522 0.996067822 -0.086274788 -14.646950722 -0.318913609 -0.088184021 -0.943672419 23.739124298
-0.947517097 0.011115220 0.319511861 172.449996948 -0.017973194 0.995963037 -0.087947443 -14.767798424 -0.319199532 -0.089074366 -0.943492055 22.536554337
-0.946946800 0.011885074 0.321170866 172.864151001 -0.017784040 0.995847225 -0.089286596 -14.896775246 -0.320898354 -0.090261370 -0.942802846 21.309949875
-0.946651995 0.013055997 0.321993262 173.284744263 -0.017176693 0.995714486 -0.090872698 -15.024104118 -0.321799755 -0.091555610 -0.942370713 20.105556488
-0.945949435 0.014363864 0.323995799 173.707138062 -0.015923372 0.995756745 -0.090635806 -15.144966125 -0.323922902 -0.090895995 -0.941706896 18.906936646
-0.945171714 0.013987372 0.326274127 174.131652832 -0.016433351 0.995779574 -0.090294249 -15.276331902 -0.326160073 -0.090705357 -0.940952837 17.697643280
-0.944169164 0.012389744 0.329228193 174.576339722 -0.018570486 0.995702565 -0.090727903 -15.399874687 -0.328937441 -0.091776401 -0.939881504 16.506305695
-0.942691207 0.010929168 0.333487481 175.012557983 -0.019599076 0.995924115 -0.088040784 -15.526879311 -0.333090425 -0.089531317 -0.938634574 15.319272041
-0.940961957 0.008682867 0.338401109 175.464126587 -0.021459790 0.996130168 -0.085230552 -15.651177406 -0.337831587 -0.087460719 -0.937134206 14.131266594
-0.938710034 0.005080197 0.344670445 175.919006348 -0.024800248 0.996305048 -0.082228288 -15.767864227 -0.343814611 -0.085736454 -0.935115397 12.956403732
-0.936320364 0.007078962 0.351075709 176.372161865 -0.023091210 0.996391475 -0.081675202 -15.885250092 -0.350387096 -0.084580913 -0.932778060 11.789348602
-0.933117747 0.007565434 0.359491229 176.826751709 -0.023224000 0.996422946 -0.081251211 -16.004104614 -0.358819991 -0.084165782 -0.929604411 10.625362396
-0.929423988 0.010221262 0.368871987 177.289520264 -0.022259960 0.996242881 -0.083692439 -16.114627838 -0.368341535 -0.085996844 -0.925704658 9.474223137
-0.925130427 0.011904784 0.379462779 177.771591187 -0.021098595 0.996351421 -0.082696669 -16.227907181 -0.379062712 -0.084511340 -0.921503901 8.296810150
-0.921034634 0.013659308 0.389241040 178.275131226 -0.020524267 0.996294081 -0.083527312 -16.344327927 -0.388939410 -0.084920421 -0.917341053 7.181678295
-0.915955126 0.015058189 0.400998086 178.792480469 -0.020515366 0.996231675 -0.084271215 -16.463703156 -0.400755942 -0.085415274 -0.912194490 6.062198162
-0.909920573 0.017588148 0.414409369 179.320251465 -0.018552100 0.996374965 -0.083022557 -16.586257935 -0.414367318 -0.083232090 -0.906295836 4.910335541
-0.904527485 0.016079541 0.426112056 179.901184082 -0.020190949 0.996552885 -0.080465645 -16.708648682 -0.425937027 -0.081386991 -0.901084781 3.752559900
-0.898565769 0.018769516 0.438437253 180.469161987 -0.018467141 0.996582627 -0.080511667 -16.824895859 -0.438450128 -0.080441713 -0.895148396 2.620820522
-0.891876340 0.021142628 0.451784760 181.024291992 -0.016484644 0.996723533 -0.079187311 -16.937141418 -0.451978713 -0.078072794 -0.888605535 1.512196064
-0.885356128 0.021884786 0.464398205 181.630294800 -0.015829859 0.996893167 -0.077157624 -17.041427612 -0.464643925 -0.075663321 -0.882259071 0.418823004
-0.878118813 0.023570057 0.477861792 182.230773926 -0.013631945 0.997147620 -0.074233398 -17.147981644 -0.478248447 -0.071699910 -0.875292838 -0.675043702
-0.870530128 0.026009748 0.491427332 182.838317871 -0.010678126 0.997368872 -0.071703278 -17.260278702 -0.491999269 -0.067667380 -0.867961884 -1.726190925
-0.862489283 0.028882194 0.505250633 183.468826294 -0.007804116 0.997492313 -0.070342779 -17.360614777 -0.506015301 -0.064612918 -0.860100985 -2.760933876
-0.852465391 0.031779189 0.521816909 184.096771240 -0.004499580 0.997667611 -0.068109728 -17.465787888 -0.522764266 -0.060409132 -0.850334167 -3.795055389
-0.842452347 0.034647092 0.537655711 184.751373291 -0.001595942 0.997765183 -0.066797711 -17.560451508 -0.538768589 -0.057131954 -0.840514302 -4.806454659
-0.831981957 0.036010798 0.553632677 185.427856445 0.000138828 0.997904718 -0.064699672 -17.670900345 -0.554802477 -0.053752109 -0.830243826 -5.793116093
-0.821353793 0.037984859 0.569152892 186.129348755 0.001199612 0.997893155 -0.064867511 -17.759641647 -0.570417643 -0.052596420 -0.819668949 -6.772175789
-0.808845997 0.039898258 0.586665332 186.841293335 0.003291920 0.997987151 -0.063333012 -17.861696243 -0.588011444 -0.049295399 -0.807349145 -7.757837296
-0.796000957 0.040799368 0.603918672 187.583343506 0.004881183 0.998125970 -0.060997427 -17.946683884 -0.605275691 -0.045606166 -0.794708490 -8.720639229
-0.782207191 0.041794643 0.621614933 188.367187500 0.006696521 0.998253822 -0.058691621 -18.041418076 -0.622982442 -0.041746348 -0.781121075 -9.657562256
