1.000000000 -0.000000000 0.000000000 0.000000000 -0.000000000 1.000000000 0.000000000 0.000000000 0.000000000 0.000000000 1.000000000 0.000000000
0.999997437 0.000975401 0.002029519 -0.009264049 -0.000973183 0.999998927 -0.001093181 -0.016488899 -0.002030584 0.001091203 0.999997318 1.206007719
0.999989331 0.001342608 0.004412207 -0.026942594 -0.001337399 0.999998450 -0.001183285 -0.030331088 -0.004413789 0.001177371 0.999989569 2.420596123
0.999984562 0.000821031 0.005496997 -0.025902510 -0.000816397 0.999999344 -0.000845290 -0.051333390 -0.005497687 0.000840789 0.999984562 3.618109703
0.999978125 0.000593496 0.006581581 -0.023871006 -0.000587657 0.999999464 -0.000889030 -0.072675496 -0.006582105 0.000885142 0.999978006 4.811120510
0.999973297 0.000389220 0.007294444 -0.019339899 -0.000385936 0.999999881 -0.000451688 -0.097932100 -0.007294619 0.000448861 0.999973357 6.002821922
0.999965787 0.000702778 0.008240509 -0.017698327 -0.000691400 0.999998808 -0.001383552 -0.122286312 -0.008241471 0.001377807 0.999965072 7.225519180
0.999959588 0.000881481 0.008952359 -0.012773753 -0.000867584 0.999998450 -0.001556036 -0.145582169 -0.008953717 0.001548206 0.999958754 8.412472725
0.999958515 0.000225643 0.009108059 -0.009792631 -0.000225340 0.999999940 -0.000034298 -0.168266207 -0.009108067 0.000032244 0.999958456 9.613244057
0.999970257 -0.000544128 0.007702201 -0.003090254 0.000535517 0.999999225 0.001120014 -0.191629544 -0.007702805 -0.001115856 0.999969661 10.818668365
0.999982357 -0.001919423 0.005628770 -0.007493082 0.001917032 0.999998093 0.000430274 -0.211969063 -0.005629585 -0.000419476 0.999984086 11.974248886
0.999993026 -0.001246304 0.003518976 -0.009851003 0.001245837 0.999999225 0.000134985 -0.232986212 -0.003519140 -0.000130600 0.999993861 13.171651840
0.999996245 -0.001222383 0.002428191 -0.012367724 0.001222609 0.999999225 -0.000091351 -0.256619781 -0.002428077 0.000094319 0.999997079 14.355252266
0.999998093 0.000734028 0.001774109 -0.021491501 -0.000733507 0.999999702 -0.000293938 -0.276904672 -0.001774324 0.000292636 0.999998391 15.553579330
0.999999464 0.000451579 0.000934952 -0.021664295 -0.000451420 0.999999881 -0.000170276 -0.295993716 -0.000935028 0.000169854 0.999999583 16.751871109
0.999999821 -0.000294165 0.000533626 -0.025953032 0.000294041 0.999999881 0.000233719 -0.318851292 -0.000533695 -0.000233562 0.999999821 17.935955048
0.999999762 -0.000422156 -0.000478982 -0.025226064 0.000422496 0.999999583 0.000710144 -0.340576679 0.000478682 -0.000710347 0.999999583 19.126825333
0.999999523 -0.000407452 -0.000882780 -0.031591427 0.000407294 0.999999821 -0.000179474 -0.363276511 0.000882853 0.000179114 0.999999523 20.323801041
0.999999166 -0.000554955 -0.001138111 -0.041479658 0.000553705 0.999999225 -0.001097818 -0.384327620 0.001138720 0.001097188 0.999998689 21.519670486
0.999998093 0.000100541 -0.001962845 -0.059276007 -0.000101322 0.999999940 -0.000397686 -0.411089927 0.001962805 0.000397884 0.999997973 22.714012146
0.999997199 -0.000270434 -0.002381894 -0.075676762 0.000269595 0.999999940 -0.000352369 -0.432842225 0.002381989 0.000351726 0.999997139 23.914516449
0.999993443 -0.000607083 -0.003574293 -0.078392364 0.000603059 0.999999166 -0.001126611 -0.458299369 0.003574975 0.001124448 0.999992967 25.088417053
0.999989450 0.000056399 -0.004611767 -0.090701312 -0.000058253 0.999999940 -0.000401810 -0.478069901 0.004611745 0.000402074 0.999989271 26.290109634
0.999984562 -0.001517379 -0.005340142 -0.099528514 0.001524530 0.999997914 0.001335362 -0.501263022 0.005338104 -0.001343482 0.999984860 27.486923218
0.999981225 -0.001391258 -0.005970668 -0.115139633 0.001399799 0.999997973 0.001426659 -0.520469725 0.005968671 -0.001434990 0.999981165 28.687065125
0.999974608 -0.002114658 -0.006807338 -0.128355816 0.002117607 0.999997616 0.000426047 -0.538998365 0.006806421 -0.000440451 0.999976695 29.894641876
0.999962449 -0.002666432 -0.008260243 -0.133964598 0.002660714 0.999996245 -0.000703184 -0.559328020 0.008262088 0.000681179 0.999965608 31.092124939
0.999960601 -0.002062936 -0.008638369 -0.156067520 0.002059467 0.999997795 -0.000410441 -0.582892299 0.008639196 0.000392634 0.999962568 32.294345856
0.999953449 -0.002520287 -0.009317166 -0.169360042 0.002522811 0.999996781 0.000259187 -0.605783343 0.009316485 -0.000282680 0.999956548 33.499305725
0.999945700 -0.002982928 -0.009982151 -0.183588713 0.002985747 0.999995470 0.000267411 -0.626101673 0.009981309 -0.000297201 0.999950171 34.686470032
0.999937713 -0.003761653 -0.010512255 -0.204487517 0.003765299 0.999992847 0.000327096 -0.649095953 0.010510950 -0.000366657 0.999944627 35.900279999
0.999930978 -0.003763571 -0.011131424 -0.222760066 0.003766688 0.999992847 0.000259064 -0.668191135 0.011130369 -0.000300975 0.999937952 37.103458405
0.999929428 -0.004721208 -0.010899405 -0.245933130 0.004732541 0.999988258 0.001014337 -0.694423139 0.010894490 -0.001065847 0.999940097 38.284809113
0.999933541 -0.004272778 -0.010698591 -0.259725690 0.004293974 0.999988854 0.001959065 -0.706390917 0.010690102 -0.002004875 0.999940872 39.489559174
0.999936104 -0.003680362 -0.010690471 -0.281169951 0.003710798 0.999989092 0.002828487 -0.727381527 0.010679946 -0.002867976 0.999938846 40.701606750
0.999938726 -0.003228146 -0.010589871 -0.305110008 0.003251691 0.999992311 0.002206878 -0.742690325 0.010582667 -0.002241178 0.999941528 41.916255951
0.999944925 -0.001792970 -0.010345917 -0.324293524 0.001817094 0.999995649 0.002322773 -0.760004282 0.010341708 -0.002341445 0.999943793 43.094192505
0.999950707 0.000407328 -0.009917730 -0.340536892 -0.000365121 0.999990880 0.004257169 -0.779537857 0.009919376 -0.004253338 0.999941766 44.296985626
0.999963164 0.000352066 -0.008574699 -0.354870349 -0.000291076 0.999974728 0.007113039 -0.791555882 0.008576986 -0.007110283 0.999937892 45.504142761
0.999979556 0.000592202 -0.006362347 -0.374798745 -0.000527832 0.999948740 0.010114262 -0.805779219 0.006368010 -0.010110697 0.999928594 46.708831787
0.999987483 0.001274154 -0.004844543 -0.386577964 -0.001208438 0.999907494 0.013543881 -0.812735975 0.004861352 -0.013537858 0.999896526 47.902465820
0.999993205 0.000415367 -0.003677058 -0.396596640 -0.000361227 0.999891698 0.014712146 -0.817662001 0.003682771 -0.014710717 0.999885023 49.109176636
0.999998033 -0.000956259 -0.001687704 -0.403016627 0.000978549 0.999911547 0.013256067 -0.819971800 0.001674879 -0.013257694 0.999910712 50.319118500
0.999999762 0.000247991 -0.000554328 -0.412619948 -0.000241598 0.999933779 0.011502523 -0.824194193 0.000557144 -0.011502390 0.999933720 51.523811340
0.999999225 0.000040321 0.001198188 -0.429215103 -0.000053779 0.999936759 0.011233815 -0.833306730 -0.001197660 -0.011233874 0.999936223 52.727481842
0.999999642 -0.000072315 0.000883895 -0.431950986 0.000062884 0.999943137 0.010665920 -0.840028465 -0.000884616 -0.010665860 0.999942720 53.933269501
0.999999940 -0.000470609 0.000180211 -0.440796047 0.000468866 0.999954283 0.009557765 -0.847368956 -0.000184700 -0.009557680 0.999954343 55.145980835
0.999998391 -0.000812573 -0.001549304 -0.441735774 0.000828189 0.999948621 0.010105656 -0.855392039 0.001541013 -0.010106928 0.999947667 56.349002838
0.999995708 -0.000744227 -0.002819234 -0.451040834 0.000775474 0.999938130 0.011098574 -0.861937582 0.002810799 -0.011100714 0.999934435 57.555530548
0.999992847 -0.000921171 -0.003676227 -0.464382797 0.000964907 0.999928594 0.011912852 -0.876526177 0.003664991 -0.011916313 0.999922216 58.751510620
0.999988914 -0.000329141 -0.004706447 -0.473067462 0.000381374 0.999938428 0.011101443 -0.875746489 0.004702503 -0.011103118 0.999927282 59.951400757
0.999986529 0.000392008 -0.005177658 -0.491332889 -0.000332779 0.999934614 0.011435307 -0.889500320 0.005181802 -0.011433428 0.999921203 61.161457062
0.999983370 -0.000598185 -0.005735390 -0.496979386 0.000660215 0.999941349 0.010819607 -0.895779908 0.005728582 -0.010823214 0.999925017 62.357070923
0.999982417 -0.001407696 -0.005761703 -0.506781280 0.001464190 0.999950707 0.009812589 -0.905986130 0.005747607 -0.009820852 0.999935269 63.575057983
0.999978364 -0.001932285 -0.006295021 -0.514932573 0.002002181 0.999936283 0.011116000 -0.915882111 0.006273140 -0.011128362 0.999918401 64.777420044
0.999975801 -0.002424045 -0.006530285 -0.528618574 0.002506572 0.999916852 0.012659051 -0.925020695 0.006499055 -0.012675111 0.999898553 65.989746094
0.999977767 -0.001507941 -0.006486462 -0.549260557 0.001578397 0.999939680 0.010870635 -0.934292674 0.006469679 -0.010880632 0.999919832 67.194633484
0.999980032 0.000212435 -0.006316906 -0.567742109 -0.000146724 0.999945998 0.010401108 -0.948925734 0.006318774 -0.010399975 0.999925911 68.393432617
0.999977827 0.002498640 -0.006175436 -0.582159400 -0.002435290 0.999944687 0.010244661 -0.954024136 0.006200691 -0.010229395 0.999928415 69.580642700
0.999971807 0.004818652 -0.005780811 -0.601036489 -0.004757814 0.999933600 0.010492066 -0.962911069 0.005830985 -0.010464264 0.999928236 70.769104004
0.999966204 0.006001534 -0.005624756 -0.617336750 -0.005940825 0.999924541 0.010748634 -0.970037162 0.005688841 -0.010714856 0.999926388 71.971595764
0.999969482 0.006582006 -0.004233859 -0.635632038 -0.006532928 0.999912500 0.011503152 -0.975984931 0.004309203 -0.011475140 0.999924898 73.164779663
0.999957621 0.008714656 -0.002962359 -0.637774110 -0.008677449 0.999886036 0.012349292 -0.984370410 0.003069641 -0.012323063 0.999919415 74.363395691
0.999972999 0.007342088 0.000308710 -0.648754418 -0.007344821 0.999922514 0.010052902 -0.995256662 -0.000234877 -0.010054899 0.999949396 75.525352478
0.999985576 0.004729397 0.002541205 -0.648287952 -0.004742416 0.999975562 0.005141927 -1.006928921 -0.002516825 -0.005153904 0.999983549 76.703140259
0.999970615 0.005634285 0.005189211 -0.646757603 -0.005658165 0.999973416 0.004598739 -1.019139647 -0.005163162 -0.004627966 0.999975979 77.882209778
0.999960303 0.004525415 0.007674715 -0.639571190 -0.004589279 0.999954820 0.008324250 -1.035184860 -0.007636698 -0.008359141 0.999935925 79.064247131
0.999926507 0.004634317 0.011205564 -0.635426223 -0.004740613 0.999943852 0.009478066 -1.046389580 -0.011161011 -0.009530492 0.999892294 80.240455627
0.999866426 0.005251348 0.015477957 -0.626010299 -0.005370836 0.999956012 0.007688549 -1.055772901 -0.015436901 -0.007770653 0.999850631 81.407722473
0.999808311 0.003955381 0.019172452 -0.611138761 -0.004044156 0.999981284 0.004593728 -1.070469618 -0.019153921 -0.004670385 0.999805570 82.572532654
0.999746144 0.002272223 0.022415787 -0.586695075 -0.002301538 0.999996483 0.001282099 -1.088087082 -0.022412797 -0.001333364 0.999747872 83.739730835
0.999658585 0.002312323 0.026028607 -0.562388301 -0.002318076 0.999997199 0.000190853 -1.104361892 -0.026028095 -0.000251124 0.999661148 84.893257141
0.999559820 0.001788418 0.029613206 -0.533888280 -0.001852099 0.999996006 0.002123130 -1.128126383 -0.029609289 -0.002177042 0.999559104 86.063659668
0.999439657 0.003252002 0.033313267 -0.501939952 -0.003343322 0.999990821 0.002685919 -1.152980685 -0.033304226 -0.002795791 0.999441385 87.238311768
0.999316573 0.002393916 0.036886863 -0.461775839 -0.002409908 0.999996960 0.000389076 -1.167206645 -0.036885824 -0.000477704 0.999319315 88.374824524
0.999187410 0.002135538 0.040249430 -0.421473950 -0.002068020 0.999996424 -0.001719051 -1.188721061 -0.040252954 0.001634417 0.999188185 89.520683289
0.999055386 0.002231671 0.043396633 -0.376535505 -0.002135815 0.999995112 -0.002255088 -1.208578229 -0.043401457 0.002160271 0.999055326 90.678894043
0.998935580 0.001447508 0.046102159 -0.325923711 -0.001399317 0.999998450 -0.001077547 -1.227965951 -0.046103653 0.001011889 0.998936117 91.832763672
0.998792768 0.000226046 0.049121451 -0.273426086 -0.000244256 0.999999821 0.000364718 -1.247818828 -0.049121369 -0.000376276 0.998792708 92.995483398
0.998656809 -0.000546200 0.051812183 -0.214656040 0.000435868 0.999997616 0.002140731 -1.266721368 -0.051813241 -0.002115272 0.998654544 94.155525208
0.998533368 -0.002193895 0.054095048 -0.146804288 0.002037154 0.999993503 0.002952475 -1.281552076 -0.054101180 -0.002837945 0.998531401 95.324638367
0.998404205 -0.003314129 0.056374446 -0.091574766 0.003281088 0.999994397 0.000678643 -1.300239086 -0.056376383 -0.000492591 0.998409390 96.463699341
0.998298287 -0.004673704 0.058126580 -0.015813477 0.004852873 0.999983907 -0.002941630 -1.319367647 -0.058111899 0.003218706 0.998304904 97.616058350
0.998156130 -0.003718257 0.060584452 0.042003810 0.004061393 0.999976397 -0.005541604 -1.341525912 -0.060562413 0.005777444 0.998147726 98.774772644
0.998064637 -0.003860106 0.062064864 0.106906891 0.004265815 0.999970436 -0.006405665 -1.364734769 -0.062038299 0.006658024 0.998051524 99.933113098
0.998028994 -0.003574132 0.062652856 0.179781288 0.003950533 0.999974847 -0.005884882 -1.386617661 -0.062630251 0.006120794 0.998017967 101.127616882
0.998093545 -0.003453620 0.061621465 0.260209858 0.003724628 0.999983966 -0.004283625 -1.406718373 -0.061605673 0.004504976 0.998090386 102.329841614
0.998153627 -0.004134363 0.060600471 0.315573126 0.004298991 0.999987364 -0.002586487 -1.436578035 -0.060589023 0.002842232 0.998158753 103.497879028
0.998282790 -0.003563809 0.058469139 0.382866323 0.003681073 0.999991357 -0.001898000 -1.450483561 -0.058461875 0.002109969 0.998287380 104.677001953
0.998417556 -0.003447163 0.056127999 0.440159529 0.003525219 0.999992907 -0.001291721 -1.475476623 -0.056123145 0.001487541 0.998422742 105.883102417
0.998590589 -0.002508160 0.053014148 0.496625364 0.002577283 0.999995887 -0.001235528 -1.495546937 -0.053010836 0.001370420 0.998592973 107.089614868
0.998780787 -0.001610078 0.049337465 0.549606383 0.001694618 0.999997139 -0.001671726 -1.517653465 -0.049334634 0.001753296 0.998780668 108.296867371
0.998972058 -0.001136326 0.045315929 0.604982436 0.001210562 0.999997973 -0.001610777 -1.528245687 -0.045313995 0.001663979 0.998971403 109.518745422
0.999140501 -0.000929997 0.041440617 0.638715923 0.000943622 0.999999464 -0.000309235 -1.557297111 -0.041440304 0.000348073 0.999140918 110.724861145
0.999312043 -0.000293735 0.037087653 0.675699770 0.000267468 0.999999642 0.000713205 -1.579651475 -0.037087850 -0.000702794 0.999311805 111.929870605
0.999480546 -0.000556354 0.032222886 0.720166922 0.000516580 0.999999106 0.001242668 -1.601276994 -0.032223549 -0.001225377 0.999479949 113.151023865
0.999622166 0.000049972 0.027487844 0.745624304 -0.000085754 0.999999166 0.001300539 -1.617722273 -0.027487755 -0.001302404 0.999621272 114.367431641
0.999752402 0.000550768 0.022245016 0.767826080 -0.000573894 0.999999344 0.001033214 -1.633658886 -0.022244433 -0.001045725 0.999752045 115.583595276
0.999843955 0.001113651 0.017631009 0.782755256 -0.001130563 0.999998927 0.000949277 -1.652721882 -0.017629931 -0.000969062 0.999844074 116.825439453
0.999914944 0.002141200 0.012861980 0.792427063 -0.002145373 0.999997616 0.000310713 -1.670973778 -0.012861283 -0.000338280 0.999917150 118.054374695
0.999947965 0.004084266 0.009351058 0.798752308 -0.004087731 0.999991596 0.000351451 -1.690281034 -0.009349545 -0.000389657 0.999956250 119.284370422
0.999958456 0.005776322 0.007055258 0.796316326 -0.005779020 0.999983251 0.000362172 -1.706272840 -0.007053046 -0.000402930 0.999975026 120.507392883
0.999954045 0.007237153 0.006308683 0.793757439 -0.007237619 0.999973834 0.000051061 -1.730739594 -0.006308149 -0.000096718 0.999980092 121.760704041
0.999942541 0.009347731 0.005249869 0.791393280 -0.009349689 0.999956191 0.000348431 -1.748491526 -0.005246382 -0.000397495 0.999986172 123.004310608
0.999934137 0.010658744 0.004256542 0.785478055 -0.010663735 0.999942482 0.001152169 -1.766413331 -0.004244016 -0.001197484 0.999990284 124.237976074
0.999938667 0.010486389 0.003556689 0.781416118 -0.010491016 0.999944210 0.001285322 -1.780951858 -0.003543012 -0.001322556 0.999992847 125.485771179
0.999893188 0.014338689 0.002830067 0.771234691 -0.014348352 0.999891222 0.003424116 -1.802042961 -0.002780662 -0.003464357 0.999990165 126.733291626
0.999884367 0.015107133 0.001749146 0.771646142 -0.015118705 0.999862552 0.006803993 -1.818066001 -0.001646117 -0.006829651 0.999975324 127.985153198
0.999898076 0.014216089 0.001342286 0.765498281 -0.014224331 0.999878645 0.006343922 -1.834081411 -0.001251937 -0.006362368 0.999979019 129.224029541
0.999905407 0.013677231 0.001367345 0.746196389 -0.013683858 0.999894083 0.004960588 -1.848809361 -0.001299353 -0.004978830 0.999986708 130.498229980
0.999939382 0.011001114 -0.000147889 0.753271639 -0.011000074 0.999922812 0.005778886 -1.856650114 0.000211452 -0.005776910 0.999983311 131.756042480
0.999956191 0.009342764 -0.000581087 0.743304849 -0.009338023 0.999926865 0.007684829 -1.864149332 0.000652843 -0.007679067 0.999970376 133.001205444
0.999983191 0.005687254 -0.001060540 0.741909862 -0.005676758 0.999937296 0.009650256 -1.882245421 0.001115357 -0.009644074 0.999952793 134.288711548
0.999992132 0.003352171 -0.002073849 0.744934022 -0.003329421 0.999935329 0.010876773 -1.892704725 0.002110176 -0.010869785 0.999938607 135.552642822
0.999998331 -0.000964221 -0.001525764 0.738710582 0.000978277 0.999956846 0.009238588 -1.906588674 0.001516789 -0.009240066 0.999956131 136.819915771
0.999994516 -0.003240248 -0.000657791 0.725978792 0.003245641 0.999959707 0.008370673 -1.916380048 0.000630641 -0.008372763 0.999964714 138.094039917
0.999988019 -0.004680920 -0.001453504 0.730762303 0.004691949 0.999959528 0.007679750 -1.921028852 0.001417497 -0.007686478 0.999969423 139.347198486
0.999988496 -0.004722011 -0.000939355 0.724608839 0.004729377 0.999956846 0.007999725 -1.930764914 0.000901540 -0.008004074 0.999967515 140.622802734
0.999990642 -0.004267873 -0.000562876 0.718105078 0.004273308 0.999940515 0.010036529 -1.942549706 0.000520009 -0.010038842 0.999949455 141.904296875
0.999998391 -0.001800730 0.000138694 0.706663072 0.001799009 0.999931812 0.011542619 -1.950791359 -0.000159470 -0.011542352 0.999933302 143.182067871
0.999996066 -0.002601144 0.001042927 0.701139688 0.002590592 0.999946654 0.009994728 -1.964343548 -0.001068869 -0.009991987 0.999949455 144.448348999
0.999996841 -0.002113557 0.001402998 0.694328010 0.002101709 0.999962568 0.008393022 -1.975581765 -0.001420685 -0.008390049 0.999963760 145.718002319
0.999995649 -0.002194729 0.001960281 0.688411832 0.002182522 0.999978244 0.006208043 -1.995947003 -0.001973863 -0.006203739 0.999978781 146.999923706
0.999991596 -0.003258174 0.002468841 0.684549868 0.003253473 0.999992847 0.001905819 -2.010240316 -0.002475032 -0.001897771 0.999995172 148.281524658
0.999990761 -0.003095956 0.002982392 0.678316891 0.003099868 0.999994338 -0.001308047 -2.033713818 -0.002978326 0.001317280 0.999994695 149.559341431
0.999988496 -0.003260486 0.003518592 0.677586198 0.003269985 0.999991119 -0.002697424 -2.052751303 -0.003509765 0.002708899 0.999990225 150.834503174
0.999988437 -0.003217440 0.003560690 0.674113035 0.003225668 0.999992132 -0.002307309 -2.078738689 -0.003553238 0.002318768 0.999991000 152.105743408
0.999989748 -0.003245809 0.003146927 0.678592384 0.003250862 0.999993443 -0.001601780 -2.109682322 -0.003141707 0.001611994 0.999993801 153.353775024
0.999991715 -0.002975189 0.002770334 0.681821764 0.002976242 0.999995589 -0.000376286 -2.136306763 -0.002769202 0.000384528 0.999996126 154.613082886
0.999994576 -0.001626264 0.002847947 0.667769492 0.001626445 0.999998629 -0.000061465 -2.153794050 -0.002847843 0.000066097 0.999995887 155.878112793
0.999996662 -0.001291169 0.002249178 0.665319443 0.001291592 0.999999046 -0.000186700 -2.177381754 -0.002248935 0.000189604 0.999997437 157.147216797
0.999998271 -0.001242253 0.001328329 0.664192677 0.001242387 0.999999166 -0.000100009 -2.199211359 -0.001328204 0.000101659 0.999999106 158.426040649
0.999997795 -0.001989356 0.000446492 0.661758482 0.001988847 0.999997318 0.001138575 -2.222068310 -0.000448755 -0.001137685 0.999999285 159.695907593
0.999999642 -0.000783613 0.000110530 0.649622679 0.000783439 0.999998450 0.001565170 -2.246710300 -0.000111757 -0.001565083 0.999998748 160.975158691
0.999999285 -0.000727580 -0.000973216 0.648238659 0.000727954 0.999999702 0.000384400 -2.265123844 0.000972936 -0.000385108 0.999999464 162.242401123
0.999999404 0.000012282 -0.001064423 0.634759128 -0.000012636 0.999999940 -0.000331770 -2.294345856 0.001064419 0.000331784 0.999999285 163.500259399
0.999997199 0.001262572 -0.001978260 0.627571940 -0.001263083 0.999999166 -0.000257281 -2.316724539 0.001977934 0.000259779 0.999997973 164.760925293
0.999996543 0.000542570 -0.002552292 0.615084231 -0.000546353 0.999998748 -0.001481777 -2.333477259 0.002551486 0.001483166 0.999995649 166.035217285
0.999992430 0.000863096 -0.003782082 0.609758794 -0.000872278 0.999996662 -0.002426636 -2.359173775 0.003779975 0.002429917 0.999989927 167.300506592
0.999991775 0.000323791 -0.004043019 0.597266972 -0.000332462 0.999997675 -0.002144006 -2.386095047 0.004042314 0.002145332 0.999989510 168.578536987
0.999987602 0.000770260 -0.004928407 0.587198019 -0.000773504 0.999999523 -0.000656485 -2.410198689 0.004927899 0.000660289 0.999987543 169.854263306
0.999984980 0.001043646 -0.005376322 0.573968947 -0.001045383 0.999999344 -0.000320360 -2.434537888 0.005375985 0.000325976 0.999985456 171.112762451
0.999980509 0.001492004 -0.006047598 0.559011519 -0.001493525 0.999998808 -0.000247043 -2.452828407 0.006047223 0.000256070 0.999981701 172.382812500
0.999976993 0.001677612 -0.006581339 0.539327443 -0.001675504 0.999998510 0.000325731 -2.478171349 0.006581876 -0.000314696 0.999978244 173.662765503
0.999972165 0.001866396 -0.007229051 0.528237998 -0.001872655 0.999997795 -0.000859171 -2.497580528 0.007227433 0.000872685 0.999973476 174.942733765
0.999970078 0.002278320 -0.007411891 0.495371610 -0.002289055 0.999996364 -0.001439990 -2.518996000 0.007408584 0.001456912 0.999971509 176.215560913
0.999964058 0.003737636 -0.007597981 0.479693025 -0.003744378 0.999992609 -0.000873329 -2.543445349 0.007594661 0.000901747 0.999970734 177.489929199
0.999959707 0.003765435 -0.008137297 0.468137085 -0.003785129 0.999990046 -0.002406206 -2.561013937 0.008128155 0.002436910 0.999963999 178.754196167
0.999968171 0.001573881 -0.007812863 0.442789137 -0.001604787 0.999990880 -0.003951004 -2.586598873 0.007806574 0.003963416 0.999961674 180.021545410
0.999967992 -0.001057155 -0.007927293 0.433357984 0.001028892 0.999993086 -0.003568548 -2.617987633 0.007931009 0.003560278 0.999962151 181.300247192
0.999959111 -0.001028181 -0.008980434 0.423741907 0.001027116 0.999999404 -0.000123240 -2.639774084 0.008980555 0.000114011 0.999959648 182.565948486
0.999965072 -0.002013346 -0.008120226 0.399158686 0.002050797 0.999987304 0.004606359 -2.666442871 0.008110847 -0.004622851 0.999956369 183.814453125
0.999957383 -0.000788100 -0.009212886 0.391674548 0.000822270 0.999992788 0.003705731 -2.681165218 0.009209898 -0.003713147 0.999950647 185.073837280
0.999969482 0.001087775 -0.007724595 0.356982321 -0.001083230 0.999999404 0.000592478 -2.696815729 0.007725235 -0.000584093 0.999969959 186.312133789
0.999968350 0.001511357 -0.007802657 0.339362621 -0.001520650 0.999998271 -0.001185121 -2.718901396 0.007800851 0.001196948 0.999968886 187.551239014
0.999963939 0.000939605 -0.008445765 0.324073821 -0.000947845 0.999999106 -0.000971649 -2.743297577 0.008444844 0.000979620 0.999963880 188.808105469
0.999967396 0.001084870 -0.008007271 0.303411722 -0.001086996 0.999999464 -0.000261170 -2.762006521 0.008006983 0.000269866 0.999967933 190.051071167
0.999967098 0.001030957 -0.008044448 0.289867043 -0.001011903 0.999996722 0.002372237 -2.790732622 0.008046865 -0.002364018 0.999964774 191.312545776
0.999974191 -0.000226653 -0.007185543 0.272395372 0.000251504 0.999994040 0.003457758 -2.815851927 0.007184715 -0.003459475 0.999968231 192.561431885
0.999982834 0.000458427 -0.005850816 0.262028903 -0.000443821 0.999996722 0.002497522 -2.830096245 0.005851940 -0.002494882 0.999979734 193.800338745
0.999990761 -0.000974113 -0.004203127 0.245294929 0.000980782 0.999998271 0.001584889 -2.857862234 0.004201575 -0.001588995 0.999989867 195.028015137
0.999995172 -0.000627275 -0.003018298 0.241232798 0.000625525 0.999999642 -0.000580691 -2.874079704 0.003018661 0.000578801 0.999995172 196.249237061
0.999997020 -0.001708853 -0.001802042 0.234757289 0.001706795 0.999997854 -0.001142524 -2.895897150 0.001803991 0.001139445 0.999997675 197.463211060
0.999999404 -0.000985832 -0.000339083 0.227683887 0.000985673 0.999999404 -0.000467772 -2.922370672 0.000339545 0.000467438 0.999999821 198.690490723
0.999998927 -0.001296272 0.000569923 0.229531869 0.001295309 0.999997735 0.001687133 -2.947532654 -0.000572109 -0.001686393 0.999998450 199.913253784
0.999997735 -0.000512150 0.002036449 0.219250530 0.000508193 0.999997914 0.001943037 -2.973870993 -0.002037441 -0.001941998 0.999996066 201.128051758
0.999994576 -0.000534260 0.003249983 0.213792264 0.000528426 0.999998212 0.001795428 -2.990170002 -0.003250937 -0.001793701 0.999993145 202.336090088
0.999990523 -0.000452578 0.004319827 0.215685844 0.000443407 0.999997616 0.002123751 -3.014230490 -0.004320778 -0.002121815 0.999988437 203.541549683
0.999985278 -0.001076940 0.005306353 0.214954689 0.001064566 0.999996603 0.002334088 -3.036727667 -0.005308849 -0.002328404 0.999983311 204.747512817
0.999979854 -0.000245038 0.006332526 0.212260097 0.000228778 0.999996662 0.002568338 -3.060300112 -0.006333135 -0.002566838 0.999976635 205.925811768
0.999971449 -0.000572567 0.007529446 0.206813946 0.000554729 0.999997020 0.002370946 -3.079746246 -0.007530781 -0.002366701 0.999968886 207.109802246
0.999972284 -0.001255269 0.007329637 0.218228593 0.001239115 0.999996781 0.002208062 -3.097590923 -0.007332385 -0.002198919 0.999970794 208.271652222
0.999965787 -0.001377565 0.008152045 0.214394659 0.001350087 0.999993384 0.003375150 -3.124751091 -0.008156640 -0.003364029 0.999961138 209.423324585
0.999963582 -0.001675981 0.008379973 0.208783492 0.001641508 0.999990165 0.004118866 -3.139333963 -0.008386794 -0.004104959 0.999956310 210.555664062
0.999965072 -0.001767154 0.008166809 0.209838763 0.001736031 0.999991179 0.003816310 -3.157878876 -0.008173481 -0.003801999 0.999959290 211.666320801
0.999971747 -0.000678874 0.007504410 0.213415474 0.000656747 0.999995410 0.002950590 -3.176349401 -0.007506379 -0.002945578 0.999967515 212.785858154
0.999977350 -0.000346172 0.006732815 0.216708049 0.000331697 0.999997675 0.002151057 -3.194143295 -0.006733544 -0.002148775 0.999975085 213.874130249
0.999978483 -0.000603550 0.006527817 0.215883017 0.000590357 0.999997795 0.002022735 -3.214991331 -0.006529024 -0.002018838 0.999976635 214.942626953
0.999984920 -0.001012748 0.005400115 0.214927748 0.001002934 0.999997914 0.001819723 -3.232772112 -0.005401946 -0.001814279 0.999983728 216.006942749
0.999991536 -0.001591795 0.003766018 0.214449853 0.001581143 0.999994636 0.002830010 -3.254856348 -0.003770503 -0.002824031 0.999988914 217.054870605
0.999995530 -0.002386266 0.001778716 0.207741559 0.002378441 0.999987483 0.004388772 -3.273446321 -0.001789167 -0.004384522 0.999988794 218.095046997
0.999997318 -0.002260659 -0.000464188 0.204288960 0.002263369 0.999979854 0.005923553 -3.289405346 0.000450787 -0.005924589 0.999982297 219.131179810
0.999993742 -0.002222152 -0.002760022 0.196138754 0.002239205 0.999978304 0.006191175 -3.308313847 0.002746204 -0.006197317 0.999976993 220.135070801
0.999983072 -0.002256298 -0.005377193 0.185324565 0.002286309 0.999981880 0.005581751 -3.320841312 0.005364501 -0.005593951 0.999969959 221.128631592
0.999964833 -0.001781710 -0.008208907 0.171343386 0.001828835 0.999981880 0.005736820 -3.337510824 0.008198537 -0.005751630 0.999949872 222.096008301
0.999934614 -0.001399553 -0.011343262 0.156936586 0.001471660 0.999978662 0.006350919 -3.355410337 0.011334131 -0.006367197 0.999915540 223.057693481
0.999899566 -0.001032288 -0.014134735 0.135746315 0.001119938 0.999980092 0.006194524 -3.373300314 0.014128058 -0.006209731 0.999880970 223.987472534
0.999854982 -0.000593349 -0.017019056 0.112528846 0.000685161 0.999985158 0.005389377 -3.383583307 0.017015606 -0.005400256 0.999840677 224.892623901
0.999790370 -0.000815829 -0.020459136 0.091491379 0.000908127 0.999989390 0.004502468 -3.396936655 0.020455249 -0.004520102 0.999780595 225.772949219
0.999723971 -0.000150894 -0.023498088 0.068676047 0.000259558 0.999989271 0.004621414 -3.421276808 0.023497144 -0.004626237 0.999713182 226.619674683
0.999654472 0.000163688 -0.026284354 0.037349746 -0.000058666 0.999991953 0.003996341 -3.436443567 0.026284801 -0.003993419 0.999646544 227.450119019
0.999583840 0.001519442 -0.028805602 0.006790747 -0.001397152 0.999989867 0.004265023 -3.456813812 0.028811794 -0.004223003 0.999575973 228.267791748
0.999570012 0.002294013 -0.029232085 -0.023000076 -0.002162263 0.999987364 0.004537856 -3.467755556 0.029242126 -0.004472698 0.999562323 229.072769165
0.999570847 0.002913249 -0.029153595 -0.046999231 -0.002753228 0.999980867 0.005527551 -3.484996557 0.029169148 -0.005444911 0.999559700 229.842742920
0.999579072 0.002723897 -0.028887013 -0.070474267 -0.002550276 0.999978423 0.006045475 -3.497515678 0.028902858 -0.005969260 0.999564469 230.602233887
0.999599099 0.002125980 -0.028236009 -0.096443146 -0.001959746 0.999980569 0.005913645 -3.514020920 0.028248036 -0.005855938 0.999583840 231.345489502
0.999600112 0.002833907 -0.028134920 -0.118666530 -0.002726479 0.999988794 0.003855926 -3.524911642 0.028145537 -0.003777675 0.999596715 232.085845947
0.999625623 0.002536091 -0.027241280 -0.139977425 -0.002491278 0.999995530 0.001678839 -3.537067652 0.027245419 -0.001610345 0.999627531 232.817260742
0.999658823 0.002670496 -0.025981033 -0.162040249 -0.002662902 0.999996364 0.000326903 -3.552032471 0.025981810 -0.000257606 0.999662399 233.541870117
0.999675572 0.003276136 -0.025257563 -0.175524905 -0.003271444 0.999994636 0.000227105 -3.570207596 0.025258170 -0.000144403 0.999680936 234.274566650
0.999721766 0.002815838 -0.023414679 -0.194264472 -0.002816602 0.999996126 0.000000314 -3.582625628 0.023414584 0.000065636 0.999725878 234.995681763
0.999765754 0.002846291 -0.021455789 -0.213678762 -0.002842182 0.999996006 0.000222017 -3.600247383 0.021456331 -0.000160984 0.999769807 235.701324463
0.999808669 0.002933795 -0.019334802 -0.236443803 -0.002933540 0.999995708 0.000041547 -3.615021944 0.019334843 0.000015181 0.999813020 236.427551270
0.999838114 0.002484722 -0.017815817 -0.242363453 -0.002492021 0.999996781 -0.000387511 -3.627200842 0.017814796 0.000431846 0.999841213 237.133590698
0.999885082 0.002596753 -0.014936094 -0.258204818 -0.002593422 0.999996603 0.000242398 -3.641643047 0.014936672 -0.000203634 0.999888420 237.852310181
0.999930084 0.001514392 -0.011728335 -0.263437092 -0.001501726 0.999998271 0.001088671 -3.656656981 0.011729963 -0.001070982 0.999930620 238.555999756
0.999963999 0.000624478 -0.008466410 -0.275567979 -0.000613898 0.999998987 0.001252278 -3.668322325 0.008467183 -0.001247036 0.999963403 239.253021240
0.999984086 0.000135633 -0.005642932 -0.277587175 -0.000127611 0.999998927 0.001421995 -3.683048487 0.005643119 -0.001421252 0.999983132 239.948379517
0.999997079 -0.000295196 -0.002437910 -0.284287691 0.000297745 0.999999344 0.001044933 -3.693924427 0.002437599 -0.001045655 0.999996543 240.640106201
0.999999583 -0.000349422 0.000839215 -0.286251396 0.000348469 0.999999285 0.001136054 -3.713695288 -0.000839612 -0.001135761 0.999998987 241.328536987
0.999993742 0.000743462 0.003444083 -0.282383412 -0.000743637 0.999999702 0.000049481 -3.722645760 -0.003444045 -0.000052042 0.999994099 242.019699097
0.999976993 0.000691415 0.006750290 -0.282209158 -0.000686509 0.999999464 -0.000729026 -3.730754614 -0.006750791 0.000724375 0.999976933 242.713989258
0.999954224 0.000676144 0.009543691 -0.275250256 -0.000684523 0.999999404 0.000874745 -3.751304150 -0.009543094 -0.000881238 0.999954104 243.425857544
0.999926865 0.000736133 0.012076106 -0.269559979 -0.000752865 0.999998868 0.001381072 -3.761293173 -0.012075075 -0.001390063 0.999926150 244.127944946
0.999897480 0.000472894 0.014310921 -0.261096299 -0.000487953 0.999999344 0.001048865 -3.772192955 -0.014310415 -0.001055740 0.999897063 244.833206177
0.999856234 0.000403349 0.016952313 -0.256960034 -0.000396484 0.999999821 -0.000408374 -3.784740448 -0.016952476 0.000401594 0.999856234 245.540573120
0.999823868 0.000830912 0.018748783 -0.247463033 -0.000777028 0.999995470 -0.002881107 -3.795078754 -0.018751094 0.002866032 0.999820113 246.247894287
0.999807358 -0.000192248 0.019632488 -0.233506247 0.000283525 0.999989092 -0.004646619 -3.804786921 -0.019631384 0.004651290 0.999796510 246.964630127
0.999808133 -0.000377448 0.019579696 -0.215027392 0.000467805 0.999989271 -0.004610440 -3.821188450 -0.019577745 0.004618714 0.999797642 247.691207886
0.999811232 -0.002185776 0.019305801 -0.198762640 0.002278273 0.999986112 -0.004770480 -3.838127851 -0.019295106 0.004813563 0.999802291 248.421707153
0.999807239 0.000365976 0.019630622 -0.189317971 -0.000259423 0.999985218 -0.005430140 -3.852252722 -0.019632319 0.005424001 0.999792576 249.161529541
0.999801278 0.000604708 0.019928502 -0.178065002 -0.000485945 0.999982059 -0.005963787 -3.865923405 -0.019931752 0.005952918 0.999783635 249.901138306
0.999799013 -0.000180805 0.020045051 -0.165001735 0.000340548 0.999968171 -0.007966035 -3.882147551 -0.020042975 0.007971261 0.999767303 250.651473999
0.999779344 -0.003844742 0.020651851 -0.150683910 0.004052033 0.999941707 -0.010004963 -3.899885893 -0.020612178 0.010086435 0.999736667 251.396469116
0.999748886 -0.007207616 0.021215633 -0.132105231 0.007440175 0.999912798 -0.010903237 -3.914809227 -0.021135198 0.011058348 0.999715447 252.160598755
0.999751449 -0.004584462 0.021818578 -0.118806019 0.004740705 0.999963462 -0.007114653 -3.927236080 -0.021785162 0.007216320 0.999736667 252.938674927
0.999745190 -0.001087216 0.022543410 -0.116581760 0.001107573 0.999998987 -0.000890565 -3.941791058 -0.022542421 0.000915306 0.999745369 253.722351074
0.999733806 -0.001730161 0.023006214 -0.092775680 0.001666908 0.999994695 0.002768291 -3.962059021 -0.023010882 -0.002729205 0.999731541 254.508651733
0.999659359 -0.002878258 0.025937710 -0.082421333 0.002873349 0.999995887 0.000226561 -3.965870857 -0.025938256 -0.000151956 0.999663472 255.305587769
0.999554694 -0.002159482 0.029759284 -0.059063472 0.002336990 0.999979675 -0.005931317 -3.977939606 -0.029745873 0.005998224 0.999539435 256.102172852
0.999440551 -0.000257918 0.033443116 -0.038631670 0.000571894 0.999955833 -0.009379107 -3.991002560 -0.033439215 0.009392986 0.999396622 256.899749756
0.999326289 0.001705149 0.036659814 -0.013505262 -0.001363416 0.999955416 -0.009344702 -4.002715588 -0.036674112 0.009288425 0.999284089 257.723175049
0.999217868 -0.000240300 0.039540902 0.021403497 0.000508107 0.999976993 -0.006763007 -4.022885799 -0.039538369 0.006777809 0.999195099 258.555175781
0.999084115 -0.002835026 0.042693645 0.057896748 0.002993721 0.999988794 -0.003653568 -4.039988995 -0.042682808 0.003778035 0.999081492 259.386810303
0.998945236 -0.005381334 0.045599334 0.095741794 0.005490916 0.999982297 -0.002278230 -4.054131508 -0.045586273 0.002526209 0.998957157 260.228912354
0.998799622 -0.004899377 0.048737161 0.129864737 0.004977954 0.999986470 -0.001491003 -4.069613934 -0.048729200 0.001731824 0.998810530 261.059967041
0.998681307 -0.002235779 0.051290367 0.169197232 0.002419976 0.999990880 -0.003529411 -4.083488464 -0.051281996 0.003648879 0.998677552 261.893005371
0.998555481 -0.001247845 0.053716350 0.207531914 0.001554129 0.999982834 -0.005660480 -4.099670410 -0.053708356 0.005735786 0.998540163 262.727569580
0.998429179 -0.000591283 0.056024853 0.255466402 0.000927317 0.999981821 -0.005972133 -4.110914230 -0.056020297 0.006014705 0.998411477 263.569091797
0.998276353 -0.000823876 0.058681361 0.309437424 0.001044247 0.999992490 -0.003724804 -4.139213562 -0.058677845 0.003779662 0.998269796 264.435760498
0.998072445 0.000888252 0.062053457 0.351768345 -0.000757459 0.999997377 -0.002131235 -4.157423496 -0.062055185 0.002080123 0.998070478 265.276184082
0.997929394 0.001785139 0.064293735 0.412135124 -0.001640773 0.999996006 -0.002298151 -4.172357082 -0.064297572 0.002187901 0.997928381 266.134765625
0.997752666 0.001864212 0.066979110 0.470190197 -0.001662467 0.999993801 -0.003067681 -4.181414604 -0.066984415 0.002949436 0.997749686 266.987274170
0.997605085 -0.000194612 0.069167234 0.533197522 0.000419712 0.999994636 -0.003239920 -4.200531483 -0.069166228 0.003261191 0.997599900 267.834686279
0.997442305 -0.002927956 0.071417019 0.584726155 0.003135786 0.999991059 -0.002798161 -4.213656902 -0.071408190 0.003014953 0.997442663 268.678680420
0.997406542 -0.003329821 0.071897000 0.656724393 0.003573152 0.999988258 -0.003256103 -4.224049568 -0.071885325 0.003504557 0.997406781 269.528228760
0.997332990 -0.004837412 0.072824672 0.708030283 0.005057104 0.999983191 -0.002832640 -4.248818398 -0.072809726 0.003193368 0.997340739 270.392456055
0.997328222 -0.004783581 0.072893508 0.772707105 0.005002877 0.999983490 -0.002826152 -4.261119843 -0.072878771 0.003183278 0.997335732 271.241058350
0.997336984 -0.005029245 0.072756432 0.824421942 0.005199054 0.999984205 -0.002144737 -4.282701969 -0.072744481 0.002517291 0.997347414 272.104827881
0.997364223 -0.003988782 0.072446607 0.889004886 0.004134582 0.999989629 -0.001862673 -4.294866562 -0.072438426 0.002157300 0.997370541 272.950653076
0.997471869 -0.004114240 0.070941508 0.950045705 0.004291049 0.999988019 -0.002340110 -4.314442635 -0.070931040 0.002638608 0.997477710 273.808410645
0.997553647 -0.004661161 0.069748707 1.001764297 0.004871501 0.999984026 -0.002845894 -4.337306976 -0.069734335 0.003178713 0.997560561 274.677490234
0.997690260 -0.003131452 0.067854404 1.056274295 0.003423749 0.999985337 -0.004191838 -4.346221924 -0.067840286 0.004414473 0.997686327 275.521575928
0.997804880 -0.002151885 0.066187203 1.108933926 0.002462940 0.999986291 -0.004618381 -4.363276958 -0.066176355 0.004771258 0.997796476 276.373992920
0.997910976 -0.000542381 0.064600877 1.156456590 0.000847542 0.999988616 -0.004696468 -4.386291027 -0.064597584 0.004741411 0.997900128 277.221282959
0.998091578 -0.000655824 0.061747182 1.211802363 0.000927894 0.999989927 -0.004377618 -4.400292873 -0.061743695 0.004426558 0.998082221 278.068847656
0.998221099 0.000175279 0.059620373 1.247050047 0.000012192 0.999995053 -0.003144054 -4.415039062 -0.059620630 0.003139187 0.998216152 278.929656982
0.998454988 -0.001220067 0.055552855 1.288335562 0.001245243 0.999999106 -0.000418587 -4.435370922 -0.055552304 0.000487117 0.998455644 279.769104004
0.998724699 -0.002733795 0.050411910 1.328526139 0.002659421 0.999995232 0.001542335 -4.456610680 -0.050415892 -0.001406301 0.998727262 280.613281250
0.998945057 -0.003473528 0.045790255 1.365027666 0.003351727 0.999990761 0.002736480 -4.471846581 -0.045799330 -0.002580117 0.998947322 281.464324951
0.999148786 -0.003436816 0.041106809 1.391683102 0.003311687 0.999989688 0.003111720 -4.480926037 -0.041117072 -0.002972938 0.999149919 282.285400391
0.999332190 -0.004094921 0.036309320 1.426300406 0.003959806 0.999984980 0.003792369 -4.496714115 -0.036324307 -0.003646058 0.999333382 283.108398438
0.999490440 -0.004937235 0.031536121 1.447136164 0.004822687 0.999981523 0.003707300 -4.506861687 -0.031553842 -0.003553322 0.999495745 283.908416748
0.999599457 -0.005175506 0.027823789 1.459932446 0.005076804 0.999980509 0.003616891 -4.521337986 -0.027841965 -0.003474188 0.999606311 284.702117920
0.999704838 -0.004937597 0.023786388 1.477294922 0.004857765 0.999982297 0.003412860 -4.533586979 -0.023802821 -0.003296303 0.999711215 285.480316162
0.999789834 -0.004634731 0.019968193 1.486083627 0.004569872 0.999984145 0.003292551 -4.546225071 -0.019983137 -0.003200607 0.999795139 286.227691650
