1.000000000 0.000000000 0.000000000 0.000000000 0.000000000 1.000000000 0.000000000 0.000000000 0.000000000 0.000000000 1.000000000 0.000000000
0.999041438 -0.000424536 0.043772075 0.047157072 0.000528152 0.999997079 -0.002355628 -0.018458987 -0.043770947 0.002376488 0.999038756 1.025292397
0.996025562 -0.004597628 0.088950276 0.139453411 0.005264495 0.999959707 -0.007263917 -0.039064124 -0.088913307 0.007703325 0.996009588 2.047129393
0.990867078 -0.003791484 0.134789526 0.270631671 0.005362093 0.999921918 -0.011291183 -0.062760942 -0.134736180 0.011910815 0.990809858 3.049377441
0.983465254 -0.000728839 0.181095064 0.449220955 0.003210723 0.999904871 -0.013412101 -0.093832225 -0.181068048 0.013771782 0.983374119 4.083375931
0.973868430 -0.003164891 0.227090657 0.683598816 0.006317444 0.999893427 -0.013156881 -0.127408072 -0.227024823 0.014247705 0.973784745 5.084989071
0.962142766 -0.003555360 0.272522479 0.955899358 0.007822226 0.999863207 -0.014572097 -0.155245259 -0.272433341 0.016152171 0.962039053 6.095062733
0.948545814 -0.006269746 0.316577911 1.279908419 0.012363448 0.999774873 -0.017243657 -0.188903332 -0.316398531 0.020270392 0.948409736 7.065816879
0.933362365 -0.007917898 0.358848095 1.656270266 0.015799215 0.999693990 -0.019035671 -0.220204324 -0.358587593 0.023436693 0.933201790 8.017527580
0.916014493 -0.007870909 0.401067972 2.059929371 0.017237360 0.999656320 -0.019750930 -0.255357474 -0.400774688 0.025005493 0.915835261 8.937709808
0.896371245 -0.007910768 0.443233579 2.505418777 0.017940043 0.999669075 -0.018439002 -0.289098442 -0.442941040 0.024479823 0.896216393 9.843016624
0.874668062 -0.008171454 0.484653413 3.004342794 0.019062798 0.999664247 -0.017548440 -0.323300838 -0.484347284 0.024587911 0.874530256 10.736222267
0.850681901 -0.008211415 0.525616825 3.539326191 0.019601597 0.999678135 -0.016106684 -0.364072472 -0.525315404 0.024004595 0.850568891 11.604361534
0.825291872 -0.008789295 0.564637780 4.127827644 0.021831874 0.999627948 -0.016349670 -0.398974150 -0.564283967 0.025820354 0.825176775 12.439555168
0.797797382 -0.010533853 0.602833450 4.730969429 0.025166238 0.999557793 -0.015839145 -0.427891970 -0.602400064 0.027807480 0.797709823 13.243383408
0.768972158 -0.008932236 0.639219880 5.388436317 0.025250616 0.999546468 -0.016408810 -0.463490635 -0.638783395 0.028758613 0.768848896 14.039850235
0.738506794 -0.012022514 0.674138784 6.068979740 0.030071456 0.999433398 -0.015118954 -0.494511962 -0.673574984 0.031437788 0.738449931 14.772629738
0.706539452 -0.011827529 0.707574844 6.800467014 0.031353530 0.999401689 -0.014602061 -0.524819553 -0.706978798 0.032501899 0.706487536 15.493140221
0.672540665 -0.010490354 0.739985824 7.551388741 0.032376897 0.999359250 -0.015258603 -0.559167087 -0.739351571 0.034220472 0.672449470 16.168975830
0.636877835 -0.011876882 0.770873249 8.326605797 0.036934879 0.999203265 -0.015119972 -0.590522408 -0.770079494 0.038101681 0.636809051 16.808553696
0.600075662 -0.010092002 0.799879611 9.109318733 0.037100267 0.999195516 -0.015226155 -0.617782712 -0.799082458 0.038812596 0.599967480 17.396892548
0.562304378 -0.009058941 0.826880693 9.929826736 0.040102266 0.999062121 -0.016325492 -0.650680125 -0.825957417 0.042339690 0.562140346 17.949645996
0.523470104 -0.007209719 0.852013528 10.783094406 0.044805150 0.998813570 -0.019075986 -0.675619185 -0.850865066 0.048160315 0.523172140 18.467136383
0.484525293 -0.006250489 0.874754906 11.637735367 0.046414282 0.998749554 -0.018572314 -0.699322760 -0.873544991 0.049599886 0.484209567 18.942031860
0.446337372 -0.007825318 0.894830585 12.533572197 0.051153373 0.998549700 -0.016782720 -0.729642034 -0.893401504 0.053264350 0.446090370 19.376071930
0.409421265 -0.008415337 0.912306607 13.452542305 0.055208620 0.998353601 -0.015567244 -0.755054832 -0.910673499 0.056740750 0.409211695 19.772272110
0.374051303 -0.006027998 0.927388430 14.379480362 0.056843452 0.998247743 -0.016438564 -0.782342136 -0.925664485 0.058864828 0.373738497 20.141456604
0.340544045 -0.006815642 0.940203846 15.342226982 0.057414085 0.998258293 -0.013559029 -0.804439962 -0.938473940 0.058598384 0.340342253 20.492633820
0.307085901 -0.008270357 0.951645851 16.345838547 0.059594251 0.998166978 -0.010555774 -0.826965928 -0.949814081 0.059954159 0.307015836 20.810049057
0.274602145 -0.008298296 0.961522102 17.315235138 0.060468044 0.998132527 -0.008654875 -0.849446893 -0.959654689 0.060518019 0.274591088 21.077054977
0.242395371 -0.005659572 0.970161140 18.317356110 0.057744566 0.998294294 -0.008603828 -0.876698196 -0.968457520 0.058107059 0.242308751 21.330211639
0.211540401 -0.003774528 0.977361977 19.350511551 0.057804577 0.998290420 -0.008655881 -0.887930095 -0.975658417 0.058327064 0.211396933 21.550458908
0.180984601 -0.003582818 0.983479381 20.389602661 0.059747923 0.998186350 -0.007358704 -0.905939579 -0.981669307 0.060092658 0.180870444 21.745117188
0.150320098 -0.003832343 0.988629937 21.445089340 0.061593719 0.998086154 -0.005496258 -0.921928346 -0.986716807 0.061719581 0.150268450 21.901422501
0.119876802 -0.004547072 0.992778361 22.528778076 0.060032032 0.998192966 -0.002676924 -0.936538637 -0.990972102 0.059919409 0.119933121 22.029119492
0.090770036 -0.004910907 0.995859683 23.617778778 0.060674954 0.998157322 -0.000608129 -0.950294852 -0.994021773 0.060478952 0.090900764 22.121452332
0.063695304 -0.004657929 0.997958541 24.733816147 0.063425072 0.997986376 0.000609915 -0.958066225 -0.995951891 0.063256741 0.063862473 22.181840897
0.038636860 -0.004158362 0.999244690 25.853055954 0.067505889 0.997717619 0.001541821 -0.965170443 -0.996970475 0.067395329 0.038829383 22.213176727
0.015807066 -0.003574939 0.999868691 27.004472733 0.071943954 0.997405827 0.002428760 -0.967147291 -0.997283399 0.071896106 0.016023250 22.222730637
-0.004803926 -0.003410742 0.999982655 28.174289703 0.077283181 0.997002065 0.003771845 -0.963042617 -0.996997654 0.077299953 -0.004525931 22.220338821
-0.021682194 -0.004396582 0.999755263 29.350038528 0.081980288 0.996614933 0.006160721 -0.974044800 -0.996398091 0.082093783 -0.021248365 22.159618378
-0.037467092 -0.003998652 0.999289811 30.542057037 0.085207716 0.996337295 0.007181591 -0.968520582 -0.995658517 0.085416272 -0.036989141 22.112758636
-0.051920500 -0.004663211 0.998640299 31.738248825 0.087563120 0.996116459 0.009203935 -0.966312170 -0.994804978 0.087921940 -0.051310536 22.050691605
-0.064733148 -0.005785992 0.997885764 32.939105988 0.087536283 0.996095479 0.011454117 -0.963498890 -0.994055808 0.088092685 -0.063973926 21.957750320
-0.076430023 -0.005653427 0.997058988 34.125976562 0.087634318 0.996075988 0.012365503 -0.961387098 -0.993216395 0.088321656 -0.075634673 21.853305817
-0.088045359 -0.002847116 0.996112406 35.366985321 0.087536663 0.996105075 0.010584371 -0.957466841 -0.992262721 0.088128261 -0.087453194 21.758232117
-0.097819209 0.000717521 0.995204091 36.596733093 0.087960392 0.996092439 0.007927519 -0.943984687 -0.991309404 0.088313989 -0.097500093 21.636312485
-0.107397720 0.003277952 0.994210720 37.858829498 0.089221664 0.995991468 0.006354175 -0.940567613 -0.990204632 0.089387551 -0.107259683 21.505178452
-0.114842765 0.004260141 0.993374527 39.135604858 0.088982791 0.996015012 0.006015723 -0.935780704 -0.989390314 0.089084096 -0.114764184 21.352321625
-0.120597035 0.005469713 0.992686450 40.406204224 0.088764876 0.996038496 0.005295463 -0.924282551 -0.988725007 0.088754304 -0.120604791 21.196683884
-0.126215950 0.006783219 0.991979599 41.745449066 0.089414120 0.995984077 0.004566133 -0.927881837 -0.987964928 0.089273319 -0.126315594 21.038019180
-0.130923852 0.008159969 0.991358817 43.077465057 0.088324875 0.996085703 0.003465757 -0.927203238 -0.987450004 0.088015400 -0.131132126 20.870315552
-0.135355487 0.009376621 0.990752697 44.452899933 0.089138314 0.996015489 0.002751545 -0.918643177 -0.986779213 0.088686466 -0.135651961 20.693353653
-0.138522834 0.008064737 0.990326524 45.841846466 0.088443130 0.996072054 0.004259543 -0.921949446 -0.986402154 0.088177629 -0.138692051 20.509918213
-0.141583934 0.006474186 0.989905059 47.272937775 0.088899702 0.996021211 0.006200939 -0.911216319 -0.985926330 0.088880204 -0.141596183 20.312332153
-0.143844679 0.004798407 0.989588559 48.677566528 0.088512324 0.996042669 0.008036277 -0.919274628 -0.985633969 0.088746779 -0.143700153 20.116027832
-0.146263838 0.005541953 0.989230037 50.114265442 0.091146186 0.995806217 0.007897737 -0.913825393 -0.985037744 0.091319703 -0.146155581 19.919834137
-0.147212908 0.005710032 0.989088297 51.590717316 0.090498284 0.995866716 0.007720329 -0.892040551 -0.984956026 0.090647332 -0.147121176 19.674396515
-0.148417369 0.007190907 0.988898695 53.067684174 0.092518151 0.995688796 0.006645164 -0.883255720 -0.984587550 0.092477322 -0.148442805 19.462194443
-0.148382992 0.007045612 0.988904834 54.556682587 0.092189319 0.995718718 0.006738650 -0.883125722 -0.984623551 0.092166364 -0.148397252 19.235912323
-0.147777915 0.008488404 0.988984108 56.067058563 0.091563269 0.995786011 0.005134964 -0.875831723 -0.984772980 0.091313459 -0.147932410 19.004945755
-0.146670640 0.008830773 0.989145994 57.625534058 0.092545882 0.995696664 0.004833451 -0.862933993 -0.984846592 0.092250317 -0.146856695 18.784133911
-0.145565867 0.007108686 0.989323080 59.175392151 0.091213427 0.995811641 0.006265545 -0.865060210 -0.985134840 0.091151595 -0.145604596 18.568054199
-0.145053625 0.007586043 0.989394724 60.783363342 0.091733582 0.995766640 0.005814023 -0.866678834 -0.985162139 0.091604084 -0.145135477 18.345052719
-0.144187093 0.008393045 0.989514768 62.370784760 0.091416642 0.995800734 0.004874407 -0.856490135 -0.985318780 0.091160946 -0.144348904 18.123752594
-0.143183962 0.008542611 0.989659131 63.974643707 0.092289999 0.995720744 0.004757588 -0.861907482 -0.985383630 0.092016846 -0.143359661 17.889087677
-0.142632768 0.008456848 0.989739537 65.596786499 0.091198519 0.995821953 0.004633930 -0.858482420 -0.985565186 0.090923734 -0.142808095 17.658891678
-0.141405433 0.007127554 0.989926040 67.249870300 0.093109496 0.995636940 0.006131501 -0.848502278 -0.985563397 0.093038544 -0.141452134 17.415708542
-0.141100883 0.005011009 0.989982545 68.922683716 0.094974808 0.995443404 0.008497980 -0.845703900 -0.985428989 0.095222473 -0.140933856 17.170373917
-0.139926612 0.005894598 0.990144372 70.608253479 0.096593633 0.995293856 0.007725302 -0.844809175 -0.985439062 0.096722618 -0.139837474 16.925327301
-0.139833719 0.008488341 0.990138590 72.296974182 0.098747291 0.995097816 0.005414872 -0.833461881 -0.985238731 0.098530695 -0.139986441 16.693609238
-0.138886794 0.007957392 0.990276277 74.002983093 0.097719848 0.995197594 0.005708323 -0.833870173 -0.985475183 0.097562470 -0.138997361 16.451290131
-0.138753220 0.007787610 0.990296304 75.735336304 0.098022446 0.995166600 0.005908293 -0.827946305 -0.985463917 0.097891077 -0.138845950 16.207508087
-0.138874531 0.006558029 0.990288258 77.463630676 0.097570047 0.995203376 0.007092303 -0.825586021 -0.985491753 0.097607411 -0.138848305 15.969137192
-0.138870746 0.006633795 0.990288258 79.181083679 0.098561741 0.995105207 0.007155512 -0.822298586 -0.985393584 0.098598242 -0.138844833 15.734567642
-0.137743488 0.006779811 0.990444720 80.931167603 0.100037031 0.994958341 0.007101678 -0.814903319 -0.985403121 0.100059360 -0.137727261 15.488702774
-0.138698757 0.007470914 0.990306437 82.677124023 0.100023419 0.994963825 0.006502871 -0.810423553 -0.985270500 0.099955760 -0.138747543 15.235821724
-0.139232039 0.008656746 0.990221918 84.441696167 0.099537171 0.995019734 0.005296926 -0.801528633 -0.985244453 0.099301405 -0.139400318 14.990800858
-0.140457690 0.009271172 0.990043283 86.235397339 0.098988794 0.995077312 0.004725255 -0.805413008 -0.985125780 0.098666906 -0.140684009 14.744292259
-0.142342806 0.010046252 0.989766359 88.008010864 0.098167010 0.995161951 0.004016825 -0.803037763 -0.984937429 0.097734176 -0.142640337 14.508873940
-0.143071353 0.008976976 0.989671648 89.808410645 0.096985564 0.995273232 0.004992880 -0.809624612 -0.984948874 0.096698202 -0.143265724 14.254146576
-0.144235522 0.008881859 0.989503503 91.647254944 0.097202621 0.995250821 0.005235346 -0.809345722 -0.984757721 0.096937455 -0.144413874 13.994367599
-0.144399494 0.007690718 0.989489615 93.502258301 0.094670966 0.995490074 0.006078291 -0.809900403 -0.984980285 0.094553635 -0.144476354 13.721929550
-0.146489099 0.008334691 0.989177167 95.317260742 0.094166964 0.995540917 0.005557057 -0.813315868 -0.984719932 0.093961865 -0.146620795 13.464303970
-0.148883060 0.009465091 0.988809526 97.192710876 0.093556345 0.995603561 0.004556465 -0.803872049 -0.984419107 0.093187779 -0.149114043 13.180428505
-0.152993754 0.010626315 0.988169968 99.068725586 0.093952484 0.995569229 0.003840344 -0.799449086 -0.983750880 0.093428589 -0.153314263 12.900515556
-0.157426581 0.009485750 0.987485111 100.944381714 0.091987066 0.995747149 0.005099621 -0.805092931 -0.983237147 0.091638677 -0.157629624 12.611903191
-0.162261978 0.008867118 0.986707866 102.854576111 0.090711594 0.995859325 0.005967969 -0.806645632 -0.982569337 0.090474218 -0.162394464 12.304102898
-0.166802630 0.009409879 0.985945344 104.749595642 0.089196235 0.995998442 0.005584432 -0.812181711 -0.981947422 0.088874124 -0.166974515 11.995189667
-0.171092600 0.011521656 0.985187590 106.665237427 0.089567252 0.995973110 0.003906904 -0.809351802 -0.981175303 0.088908985 -0.171435595 11.654004097
-0.175655410 0.012931254 0.984366775 108.594726562 0.089412048 0.995990574 0.002871191 -0.823520958 -0.980382860 0.088518605 -0.176107362 11.315327644
-0.179780796 0.012942952 0.983621478 110.545425415 0.088583082 0.996064126 0.003084040 -0.836682558 -0.979710102 0.087686673 -0.180219695 10.953776360
-0.184321731 0.012750833 0.982783258 112.485862732 0.086834684 0.996217012 0.003360784 -0.841179013 -0.979022563 0.085959144 -0.184731677 10.588802338
-0.189182580 0.012162409 0.981866658 114.448600769 0.084827162 0.996387601 0.004001915 -0.843691349 -0.978271008 0.084046058 -0.189530894 10.213156700
-0.194390967 0.011431365 0.980857491 116.359191895 0.084370226 0.996421516 0.005108135 -0.858239293 -0.977289021 0.083748154 -0.194659784 9.843148232
-0.199171200 0.011173875 0.979901016 118.329544067 0.084444828 0.996411324 0.005801817 -0.858516812 -0.976319551 0.083903141 -0.199399993 9.440011978
-0.205354512 0.012728146 0.978604913 120.292686462 0.085349940 0.996338725 0.004951389 -0.867630005 -0.974958956 0.084540658 -0.205688998 9.050395012
-0.210190475 0.013995939 0.977560341 122.247047424 0.085122168 0.996362269 0.004037440 -0.872067988 -0.973947763 0.084060669 -0.210617244 8.630648613
-0.216653600 0.013871339 0.976149976 124.240211487 0.086080194 0.996275902 0.004947910 -0.877772093 -0.972446084 0.085099161 -0.217040822 8.200120926
-0.222335294 0.013822561 0.974872231 126.233947754 0.085185617 0.996351004 0.005300842 -0.877269566 -0.971241713 0.084223658 -0.222701460 7.753584862
-0.227798402 0.014738857 0.973596752 128.214202881 0.084223956 0.996436059 0.004621782 -0.872087777 -0.970058858 0.083052993 -0.228227928 7.299993515
-0.233305514 0.015455097 0.972280681 130.215637207 0.083216965 0.996523023 0.004128050 -0.878382623 -0.968836129 0.081873350 -0.233780414 6.840825081
-0.237425014 0.014596469 0.971296191 132.164749146 0.084596910 0.996398926 0.005705273 -0.883605778 -0.967715204 0.083523214 -0.237804815 6.366401196
-0.241019025 0.014776418 0.970407903 134.165466309 0.087085985 0.996179819 0.006460589 -0.878746927 -0.966605306 0.086066045 -0.241385102 5.856347084
-0.244664252 0.015246779 0.969487965 136.177093506 0.087981388 0.996100664 0.006538068 -0.881308198 -0.965607941 0.086896531 -0.245051697 5.344118118
-0.247840136 0.015847035 0.968671322 138.180679321 0.088495851 0.996056318 0.006347129 -0.887304902 -0.964750588 0.087296449 -0.248265132 4.834874153
-0.251521945 0.015931131 0.967720509 140.214035034 0.087919295 0.996106684 0.006452818 -0.888766348 -0.963850081 0.086704321 -0.251943350 4.321277618
-0.255160511 0.016719367 0.966754138 142.201553345 0.086898655 0.996200800 0.005706997 -0.890535712 -0.962985873 0.085465834 -0.255643994 3.784942865
-0.259348303 0.017083606 0.965632737 144.215057373 0.086053267 0.996275425 0.005486339 -0.901243865 -0.961942494 0.084518708 -0.259852439 3.246696711
-0.263770849 0.016417669 0.964445651 146.250595093 0.084887020 0.996370971 0.006255026 -0.908353090 -0.960842907 0.083518796 -0.264207274 2.696701527
-0.268620938 0.016730551 0.963100672 148.295379639 0.085045457 0.996356428 0.006412003 -0.920381904 -0.959484279 0.083629720 -0.269065112 2.136034250
-0.273047060 0.017275350 0.961845577 150.345657349 0.084611759 0.996395111 0.006123556 -0.915331721 -0.958272457 0.083055459 -0.273524463 1.560073495
-0.277935565 0.017466368 0.960440874 152.387680054 0.084182501 0.996430695 0.006240137 -0.913743734 -0.956903934 0.082586668 -0.278413922 0.988071740
-0.282357007 0.016755695 0.959163010 154.435470581 0.084014811 0.996437550 0.007325309 -0.921623826 -0.955623388 0.082652256 -0.282758832 0.395575374
-0.286925972 0.016805921 0.957805336 156.498260498 0.084515683 0.996391356 0.007835071 -0.923301280 -0.954217255 0.083197661 -0.287310988 -0.205941468
-0.291105658 0.017530482 0.956530213 158.578933716 0.085287750 0.996326745 0.007696210 -0.922408581 -0.952881694 0.083820730 -0.291531444 -0.824807942
-0.295011044 0.018646300 0.955311835 160.646484375 0.085621804 0.996303082 0.006994575 -0.924182653 -0.951649964 0.083858997 -0.295516908 -1.448371768
-0.298510909 0.020396605 0.954188228 162.710083008 0.086056694 0.996274352 0.005625983 -0.926532209 -0.950518548 0.083793700 -0.299154043 -2.093710661
-0.302014947 0.021820122 0.953053355 164.791473389 0.086823471 0.996212602 0.004705407 -0.927599192 -0.949341178 0.084168501 -0.302765608 -2.739501715
-0.305283427 0.022426652 0.951997399 166.873489380 0.086214349 0.996267796 0.004177388 -0.930853486 -0.948350668 0.083351113 -0.306077570 -3.401016235
-0.308948159 0.022240328 0.950818717 168.981948853 0.086272381 0.996260345 0.004729120 -0.941031396 -0.947157919 0.083490454 -0.309711546 -4.069848061
-0.313652039 0.022542674 0.949270368 171.082580566 0.085623041 0.996316850 0.004631133 -0.938814700 -0.945669651 0.082731992 -0.314426959 -4.734646797
-0.317660600 0.023633361 0.947909951 173.170303345 0.088103317 0.996100426 0.004690066 -0.946775377 -0.944102526 0.085003868 -0.318503946 -5.433347225
-0.320743263 0.024078120 0.946860075 175.267959595 0.090273611 0.995903134 0.005254398 -0.948804915 -0.942854404 0.087161809 -0.321602851 -6.140592098
-0.323187083 0.023701143 0.946038246 177.335906982 0.091197915 0.995813429 0.006207012 -0.954748154 -0.941930473 0.088282742 -0.323995531 -6.853035927
-0.326051861 0.023414768 0.945061862 179.433929443 0.090813644 0.995845735 0.006658256 -0.951613307 -0.940979838 0.087995470 -0.326823622 -7.569782257
-0.329218924 0.023919171 0.943950593 181.542083740 0.089620866 0.995957732 0.006019808 -0.951430678 -0.939990938 0.086579509 -0.330031812 -8.290101051
-0.331524253 0.025922384 0.943090439 183.640502930 0.089286432 0.995997846 0.004010197 -0.960201800 -0.939212143 0.085534662 -0.332511961 -9.034886360
-0.335022539 0.027775951 0.941800535 185.774856567 0.088727258 0.996053576 0.002186547 -0.965163052 -0.938023150 0.084295914 -0.336164832 -9.783271790
-0.338058114 0.028885443 0.940681815 187.901000977 0.088043399 0.996116102 0.001052989 -0.978823960 -0.936997890 0.083176777 -0.339288354 -10.539896011
-0.341570318 0.029580100 0.939390659 190.057968140 0.086018145 0.996293485 -0.000094984 -0.987618804 -0.935911655 0.080772191 -0.342848688 -11.310418129
-0.345512658 0.029955240 0.937935889 192.189315796 0.086924247 0.996214867 0.000204245 -1.003315330 -0.934379578 0.081599936 -0.346808642 -12.086004257
-0.349629670 0.028825654 0.936444402 194.352905273 0.086244538 0.996272743 0.001532858 -1.019483089 -0.932909906 0.081299148 -0.350812614 -12.871883392
-0.352859020 0.028941205 0.935228825 196.490173340 0.086560659 0.996244848 0.001829688 -1.025882006 -0.931663930 0.081599645 -0.354039192 -13.681927681
-0.356622905 0.028606514 0.933810353 198.644149780 0.086318307 0.996264637 0.002445288 -1.040218472 -0.930252194 0.081476964 -0.357760131 -14.499214172
-0.360417068 0.028858325 0.932344735 200.811752319 0.085409485 0.996343553 0.002177552 -1.044759631 -0.928872824 0.080415912 -0.361563981 -15.328148842
-0.363980055 0.029274384 0.930946589 202.963150024 0.084582210 0.996414959 0.001736721 -1.067619920 -0.927558303 0.079373628 -0.365151286 -16.162565231
-0.367356926 0.029709533 0.929605424 205.133819580 0.084294818 0.996439695 0.001465703 -1.081987143 -0.926252246 0.078899361 -0.368553460 -17.004373550
-0.370811671 0.031063559 0.928188503 207.218444824 0.085506931 0.996337295 0.000815770 -1.105947018 -0.924763322 0.079669043 -0.372109681 -17.825050354
-0.372707784 0.030154167 0.927458823 209.421234131 0.086298585 0.996266663 0.002288582 -1.121236324 -0.923927128 0.080891341 -0.373918682 -18.736604691
-0.375365645 0.029992817 0.926391423 211.596435547 0.087685816 0.996142805 0.003278442 -1.131695390 -0.922719777 0.082462020 -0.376547724 -19.617019653
-0.378603488 0.030613983 0.925052524 213.781509399 0.088900685 0.996034622 0.003421986 -1.152006388 -0.921279609 0.083533376 -0.379823774 -20.497011185
-0.380864233 0.031784181 0.924084485 215.972946167 0.089083396 0.996021092 0.002457513 -1.168153405 -0.920329630 0.083256550 -0.382180214 -21.409481049
-0.383654088 0.032025937 0.922921419 218.146835327 0.089641064 0.995970428 0.002702598 -1.178804755 -0.919115841 0.083768517 -0.384979010 -22.307573318
-0.386582941 0.033039354 0.921662629 220.289062500 0.087971009 0.996122301 0.001190087 -1.198601007 -0.918049395 0.081539676 -0.387990415 -23.189882278
-0.389849931 0.034361668 0.920237064 222.408966064 0.087726593 0.996144593 -0.000031499 -1.210721612 -0.916690290 0.080716982 -0.391361326 -24.059543610
-0.392455012 0.034085069 0.919139445 224.589340210 0.085622050 0.996327639 -0.000388498 -1.242408514 -0.915777206 0.078546144 -0.393932194 -24.977371216
-0.395932496 0.035176512 0.917605639 226.746032715 0.086130232 0.996283472 -0.001028781 -1.262166023 -0.914231420 0.078626253 -0.397490710 -25.889106750
-0.398815960 0.035018057 0.916362107 228.908248901 0.087795936 0.996138394 0.000143596 -1.288203478 -0.912818551 0.080510139 -0.400350332 -26.833158493
-0.401336610 0.033795219 0.915306866 230.997451782 0.087399438 0.996172130 0.001541278 -1.304351211 -0.911751211 0.080615886 -0.402754009 -27.746717453
-0.404642880 0.033016372 0.913878500 233.130081177 0.086138919 0.996280789 0.002146801 -1.330264449 -0.910408795 0.079589188 -0.405981898 -28.680568695
-0.407481879 0.033464033 0.912599921 235.282684326 0.085142918 0.996367574 0.001481179 -1.353888154 -0.909235418 0.078304991 -0.408851027 -29.621253967
-0.411250889 0.032661643 0.910936773 237.467834473 0.083173268 0.996533453 0.001818625 -1.363678694 -0.907719553 0.076513484 -0.412541837 -30.610704422
-0.415309131 0.032068525 0.909114897 239.629470825 0.082349770 0.996600389 0.002465149 -1.376644850 -0.905945301 0.075889200 -0.416538090 -31.582311630
-0.418937534 0.032229532 0.907442868 241.782363892 0.081649937 0.996658444 0.002296989 -1.398654938 -0.904336572 0.075054936 -0.420169175 -32.544799805
-0.423015147 0.031913750 0.905560434 243.931777954 0.081005901 0.996709943 0.002714311 -1.425038695 -0.902494431 0.074503928 -0.424208671 -33.545314789
-0.427107155 0.031466931 0.903653324 246.090545654 0.080087610 0.996782839 0.003143125 -1.439721942 -0.900647223 0.073713876 -0.428253204 -34.539833069
-0.431201249 0.031331573 0.901711524 248.212432861 0.079301015 0.996845305 0.003284811 -1.456904531 -0.898764014 0.072923057 -0.432325542 -35.541976929
-0.435429513 0.032015882 0.899653316 250.356048584 0.079423375 0.996836662 0.002966341 -1.480325818 -0.896712363 0.072745144 -0.436594844 -36.549118042
-0.438877016 0.032379773 0.897963524 252.476303101 0.079500109 0.996830583 0.002910615 -1.504610658 -0.895023286 0.072665595 -0.440060318 -37.574970245
-0.442720801 0.032425355 0.896073043 254.605728149 0.079564095 0.996824503 0.003238903 -1.518553615 -0.893122494 0.072729170 -0.443894893 -38.612522125
-0.446545154 0.032682206 0.894164026 256.718109131 0.078313150 0.996925235 0.002671369 -1.537903786 -0.891327262 0.071217678 -0.447731614 -39.655830383
-0.450467259 0.033080854 0.892179847 258.838928223 0.078737855 0.996891439 0.002791807 -1.555140734 -0.889314115 0.071505934 -0.451671630 -40.713417053
-0.454154909 0.033538010 0.890291274 260.976287842 0.078993253 0.996871352 0.002743030 -1.565629721 -0.887413859 0.071572773 -0.455383301 -41.788593292
-0.457817405 0.034965619 0.888358355 263.086059570 0.080674708 0.996737719 0.002344467 -1.581972718 -0.885378361 0.072741374 -0.459144682 -42.855525970
-0.461288154 0.037290558 0.886466384 265.203979492 0.083010443 0.996547878 0.001274625 -1.596739411 -0.883358657 0.074173935 -0.462791294 -43.955539703
-0.464132518 0.037971411 0.884951472 267.312713623 0.084149741 0.996452034 0.001378524 -1.611212730 -0.881759524 0.075108252 -0.465681046 -45.054447174
-0.466765523 0.040338479 0.883460701 269.419433594 0.086162947 0.996281087 0.000033309 -1.620768428 -0.880173802 0.076137118 -0.468505323 -46.170387268
-0.469105721 0.043023750 0.882093310 271.507415771 0.088194288 0.996101856 -0.001681903 -1.643092036 -0.878727257 0.077006608 -0.471071571 -47.267528534
-0.471959859 0.043723624 0.880535126 273.644317627 0.089267343 0.996006310 -0.001610846 -1.661970973 -0.877089024 0.077842765 -0.473978192 -48.406391144
-0.474992186 0.044738922 0.878851950 275.777679443 0.089936763 0.995945275 -0.002091665 -1.689591885 -0.875382066 0.078047566 -0.477089882 -49.530673981
-0.478331029 0.044953562 0.877028286 277.941162109 0.089193203 0.996011436 -0.002406279 -1.701147079 -0.873638272 0.077073969 -0.480432749 -50.707576752
-0.481489718 0.046198525 0.875233412 280.079742432 0.090385959 0.995902777 -0.002844180 -1.726520538 -0.871778667 0.077739358 -0.483692706 -51.874500275
-0.484450161 0.046377264 0.873588681 282.231018066 0.089443229 0.995986640 -0.003274240 -1.743818641 -0.870234430 0.076550394 -0.486653984 -53.061786652
-0.487154096 0.046008863 0.872103274 284.396759033 0.087577656 0.996151030 -0.003632562 -1.761837959 -0.868913710 0.074607119 -0.489308417 -54.254840851
-0.489040554 0.047134861 0.870986581 286.547241211 0.089842200 0.995949984 -0.003452959 -1.782026052 -0.867621839 0.076562718 -0.491294652 -55.461730957
-0.491202056 0.046977472 0.869777858 288.728393555 0.091651641 0.995789051 -0.002023712 -1.814824462 -0.866210341 0.078722507 -0.493439168 -56.669773102
-0.493417472 0.047303379 0.868505359 290.922088623 0.092366740 0.995723486 -0.001756721 -1.822360516 -0.864874244 0.079354204 -0.495676607 -57.914756775
-0.494676650 0.046940763 0.867808461 293.069793701 0.092274338 0.995732784 -0.001261213 -1.839258790 -0.864164531 0.079452574 -0.496897191 -59.140117645
-0.496760696 0.046269603 0.866653204 295.262542725 0.091729514 0.995783806 -0.000584895 -1.848937988 -0.863026381 0.079207130 -0.498910546 -60.393554688
-0.499565691 0.046481404 0.865028083 297.480834961 0.092882343 0.995677054 0.000139158 -1.857094288 -0.861282110 0.080415361 -0.501723468 -61.663208008
-0.501334846 0.046638157 0.863995552 299.653625488 0.093474977 0.995621502 0.000495721 -1.860743165 -0.860189438 0.081010476 -0.503499210 -62.933567047
-0.503272891 0.047011267 0.862847745 301.848571777 0.092347823 0.995726764 -0.000387354 -1.874661922 -0.859178841 0.079487167 -0.505463600 -64.196258545
-0.506063342 0.049557332 0.861071348 304.054992676 0.092328116 0.995723963 -0.003044516 -1.897982836 -0.857540309 0.077960379 -0.508474886 -65.471939087
-0.509128571 0.049269553 0.859279096 306.264648438 0.091275863 0.995821059 -0.003017077 -1.913798213 -0.855836928 0.076895364 -0.511498094 -66.774490356
-0.513704002 0.046706997 0.856695175 308.455108643 0.088219546 0.996100008 -0.001407859 -1.935067177 -0.853419900 0.074854046 -0.515821040 -68.061576843
-0.518489480 0.044477329 0.853926480 310.665649414 0.086551026 0.996247113 0.000662091 -1.956115842 -0.850692451 0.074251495 -0.520393252 -69.378395081
-0.522954345 0.043343361 0.851257920 312.885009766 0.085500069 0.996336460 0.001795048 -1.966148019 -0.848061621 0.073721334 -0.524744332 -70.726593018
-0.527201116 0.043555822 0.848623514 315.131652832 0.085806161 0.996309459 0.002170598 -1.974771738 -0.845397115 0.073961459 -0.528992832 -72.113006592
-0.531112254 0.045563839 0.846075594 317.351318359 0.089060955 0.996023595 0.002267761 -1.987459421 -0.842607796 0.076556727 -0.533058345 -73.508018494
-0.534566402 0.046533439 0.843844414 319.573638916 0.090211034 0.995920181 0.002228142 -1.998739123 -0.840297997 0.077315181 -0.536583304 -74.916755676
-0.537894070 0.046562511 0.841725469 321.779846191 0.091293715 0.995818615 0.003253478 -2.016357660 -0.838054419 0.078594275 -0.539895892 -76.338050842
-0.541690826 0.045336816 0.839354277 323.991210938 0.091552928 0.995786130 0.005298822 -2.026889324 -0.835577130 0.079715654 -0.543558896 -77.775794983
-0.545320034 0.043735892 0.837086141 326.201110840 0.089995861 0.995920241 0.006593192 -2.031716824 -0.833382726 0.078929685 -0.547031343 -79.220954895
-0.549515605 0.043269407 0.834362268 328.418334961 0.088946767 0.996012211 0.006928380 -2.041467190 -0.830735266 0.078021072 -0.551172972 -80.656501770
-0.553288758 0.043423194 0.831856966 330.615234375 0.089631021 0.995945692 0.007627136 -2.050409317 -0.828153253 0.078780204 -0.554937661 -82.121391296
-0.557204247 0.043487478 0.829235911 332.814361572 0.090343453 0.995874584 0.008479730 -2.050989628 -0.825446129 0.079640977 -0.558834434 -83.577934265
-0.561441064 0.043202493 0.826388240 335.051239014 0.091138393 0.995789409 0.009860063 -2.051412582 -0.822482705 0.080851525 -0.563014388 -85.082824707
-0.564282358 0.042116851 0.824506879 337.260681152 0.089573689 0.995925605 0.010429991 -2.049485207 -0.820708215 0.079739571 -0.565755785 -86.597663879
-0.567467093 0.041353866 0.822356939 339.476409912 0.089725748 0.995896220 0.011834591 -2.049288750 -0.818492651 0.080502339 -0.568848908 -88.112243652
-0.569754541 0.041140012 0.820784569 341.663757324 0.090391554 0.995823622 0.012832602 -2.036868811 -0.816828728 0.081503421 -0.571093738 -89.628883362
-0.572382092 0.040681880 0.818977356 343.863006592 0.088268973 0.996021807 0.012214677 -2.028207064 -0.815222263 0.079281740 -0.573696077 -91.165649414
-0.575254738 0.039817799 0.817004561 345.996429443 0.084481038 0.996365130 0.010924122 -2.018009901 -0.813599885 0.075305544 -0.576527715 -92.634513855
-0.578674793 0.039365631 0.814607799 348.171630859 0.081121981 0.996659279 0.009463599 -2.006893158 -0.811513841 0.071558945 -0.579934955 -94.140502930
-0.580745995 0.036864843 0.813249707 350.291778564 0.079289392 0.996786177 0.011436388 -2.011859655 -0.810214341 0.071123712 -0.581802487 -95.662513733
-0.584321678 0.036232103 0.810712874 352.463806152 0.080000855 0.996708632 0.013116092 -2.007616282 -0.807569146 0.072521754 -0.585296988 -97.203681946
-0.586703300 0.036711380 0.808969319 354.614410400 0.079508625 0.996756673 0.012430228 -1.996406913 -0.805889308 0.071612924 -0.587719262 -98.770591736
-0.590268373 0.035511483 0.806425571 356.819305420 0.077243127 0.996932209 0.012638034 -1.987894177 -0.803502798 0.069750652 -0.591200531 -100.350975037
-0.593494177 0.031140979 0.804235637 358.989593506 0.074211083 0.997111678 0.016155478 -1.981774211 -0.801409662 0.069271386 -0.594090879 -101.922515869
-0.596610785 0.029644536 0.801982999 361.161712646 0.073061317 0.997174025 0.017492153 -1.971858025 -0.799198091 0.069029942 -0.597090662 -103.517028809
-0.600325406 0.028324399 0.799254239 363.348907471 0.070876092 0.997324765 0.017891817 -1.947106838 -0.796609044 0.067388937 -0.600726902 -105.104591370
-0.602964997 0.028688028 0.797251761 365.499572754 0.070746854 0.997338653 0.017618276 -1.929695725 -0.794624448 0.067026250 -0.603389978 -106.705001831
-0.606252551 0.027742568 0.794788182 367.715667725 0.070023365 0.997371972 0.018598888 -1.912965536 -0.792183459 0.066929370 -0.606601834 -108.341209412
-0.609059453 0.027103785 0.792661369 369.863464355 0.069755562 0.997373581 0.019494679 -1.901468277 -0.790051162 0.067165948 -0.609350324 -109.971961975
-0.612027943 0.025511784 0.790424466 372.016510010 0.066324197 0.997614205 0.019155981 -1.880733132 -0.788049936 0.064148284 -0.612259865 -111.594543457
-0.615019917 0.021984814 0.788205028 374.149658203 0.056605704 0.998263061 0.016324447 -1.865456939 -0.786477149 0.054656759 -0.615196168 -113.225715637
-0.618699253 0.024345404 0.785250664 376.303344727 0.048925005 0.998773694 0.007582705 -1.865966201 -0.784103036 0.043109812 -0.619131625 -114.860260010
-0.620749593 0.034852218 0.783234000 378.410827637 0.059422001 0.998229384 0.002675670 -1.872743011 -0.781753778 0.048202243 -0.621721506 -116.531471252
-0.621057749 0.036341496 0.782921851 380.525177002 0.067320131 0.997706234 0.007090810 -1.887373090 -0.780868292 0.057110205 -0.622079670 -118.221290588
-0.622713387 0.026844637 0.781989276 382.647735596 0.066135980 0.997640610 0.018417723 -1.881306171 -0.779649854 0.063186586 -0.623019576 -119.908996582
-0.625766098 0.015132778 0.779864013 384.788879395 0.058845934 0.997878432 0.027854990 -1.841242313 -0.777787805 0.063322529 -0.625328898 -121.583450317
-0.630263805 0.010768144 0.776306391 386.926635742 0.054945901 0.998015165 0.030765731 -1.795388103 -0.774434328 0.062045377 -0.629604459 -123.234817505
-0.633769631 0.010930127 0.773444653 389.018280029 0.053766180 0.998104215 0.029951673 -1.736278296 -0.771650970 0.060567621 -0.633155823 -124.901039124
-0.636075795 0.015483485 0.771471143 391.117584229 0.059094265 0.997839868 0.028696332 -1.704550505 -0.769360423 0.063842565 -0.635616720 -126.609123230
-0.637839198 0.022047341 0.769853830 393.162078857 0.063927621 0.997656345 0.024394080 -1.665520668 -0.767511725 0.064774431 -0.637753844 -128.303970337
-0.640820563 0.024584068 0.767296910 395.237182617 0.064495474 0.997677684 0.021899018 -1.637169361 -0.764976680 0.063520528 -0.640917957 -130.005157471
-0.643023968 0.025170105 0.765432298 397.291564941 0.065211236 0.997629464 0.021977048 -1.611203313 -0.763064802 0.064046569 -0.643140912 -131.745529175
-0.645322680 0.024711115 0.763510287 399.317382812 0.066056862 0.997538030 0.023546139 -1.576318741 -0.761048615 0.065629952 -0.645366311 -133.453857422
-0.647189677 0.023856830 0.761955559 401.365081787 0.066380478 0.997477353 0.025151234 -1.537903666 -0.759433448 0.066856608 -0.647140622 -135.187377930
-0.648703158 0.024538934 0.760645807 403.412414551 0.067314096 0.997412801 0.025230432 -1.498278022 -0.758058727 0.067569248 -0.648676634 -136.920059204
-0.649581134 0.024112986 0.759909749 405.476959229 0.066993751 0.997424483 0.025617506 -1.465186000 -0.757334948 0.067549869 -0.649523497 -138.674362183
-0.651021183 0.025158206 0.758642495 407.539825439 0.068496577 0.997320056 0.025706369 -1.431925774 -0.755962610 0.068699807 -0.650999844 -140.430786133
-0.651704192 0.024985114 0.758061647 409.567749023 0.069925830 0.997179985 0.027248837 -1.387941480 -0.755243063 0.070766270 -0.651613474 -142.178451538
-0.652711689 0.023906600 0.757229030 411.636993408 0.071625642 0.996972322 0.030263882 -1.354500890 -0.754212856 0.073990613 -0.652447879 -143.936630249
-0.653770864 0.024198432 0.756305456 413.675201416 0.073382750 0.996804953 0.031540692 -1.298821688 -0.753125787 0.076120153 -0.653457940 -145.686660767
-0.655021667 0.023846090 0.755233705 415.736297607 0.070803754 0.997041225 0.029927755 -1.224467278 -0.752285480 0.073076695 -0.654771984 -147.455886841
-0.656578779 0.023545718 0.753889918 417.760131836 0.066794947 0.997400761 0.027022041 -1.184695125 -0.751293957 0.068098135 -0.656445026 -149.181976318
-0.657822013 0.022903699 0.752825081 419.770538330 0.064125873 0.997611284 0.025682485 -1.144390464 -0.750438571 0.065170072 -0.657719374 -150.925308228
-0.658825636 0.022091957 0.751971304 421.788146973 0.063502498 0.997634411 0.026327306 -1.107125640 -0.749610722 0.065097161 -0.658669949 -152.669021606
-0.659277499 0.021246094 0.751599431 423.741455078 0.061542735 0.997771502 0.025778349 -1.066246271 -0.749376833 0.063250571 -0.659115791 -154.414093018
-0.660843849 0.020115178 0.750253797 425.771759033 0.058854468 0.997951508 0.025084371 -1.033180714 -0.748212278 0.060732640 -0.660673976 -156.160476685
-0.661751568 0.019799629 0.749461651 427.779327393 0.057922985 0.998013616 0.024778223 -0.993307114 -0.747482240 0.059808083 -0.661583960 -157.907257080
-0.662336648 0.017518673 0.749001503 429.776153564 0.057892811 0.997934163 0.027853142 -0.962894976 -0.746966243 0.061809957 -0.661982536 -159.654342651
-0.662542105 0.016623599 0.748840213 431.778808594 0.060026038 0.997716486 0.030960059 -0.904653668 -0.746615589 0.065462247 -0.662027061 -161.398162842
-0.661456168 0.016364092 0.749805272 433.769073486 0.066001751 0.997153103 0.036462478 -0.846457005 -0.747073948 0.073606789 -0.660653114 -163.158706665
-0.660254419 0.015067635 0.750890970 435.790100098 0.069047682 0.996782422 0.040711470 -0.784831882 -0.747861326 0.078727193 -0.659170151 -164.917114258
-0.658948541 0.012437681 0.752085328 437.771942139 0.062942676 0.997268260 0.038655564 -0.716201603 -0.749550045 0.072810277 -0.657931328 -166.632568359
-0.657985032 0.011931046 0.752936482 439.792175293 0.055920567 0.997887850 0.033055969 -0.646901846 -0.750951827 0.063854970 -0.657262444 -168.373443604
-0.656685829 0.009669632 0.754102290 441.803436279 0.051520709 0.998157024 0.032066084 -0.602850080 -0.752402484 0.059909236 -0.655973673 -170.098800659
-0.654297769 0.009436368 0.756178021 443.826721191 0.049043354 0.998346627 0.029977322 -0.542700708 -0.754645050 0.056699611 -0.653678954 -171.809539795
-0.651356876 0.010237528 0.758702457 445.835418701 0.051031407 0.998236001 0.030341526 -0.492223293 -0.757053494 0.058480814 -0.650730371 -173.519271851
-0.648187459 0.010232531 0.761412084 447.847747803 0.051767740 0.998188555 0.030655151 -0.440601379 -0.759719074 0.059286859 -0.647543132 -175.242950439
-0.645553052 0.011473394 0.763629198 449.854309082 0.050290108 0.998355567 0.027513886 -0.396450609 -0.762057841 0.056164671 -0.645068526 -176.929840088
-0.643925607 0.006059150 0.765064240 451.896179199 0.042322263 0.998719633 0.027711395 -0.354188144 -0.763916612 0.050223321 -0.643357456 -178.630538940
-0.643494725 -0.000051524 0.765450537 453.938110352 0.033964653 0.999013126 0.028620459 -0.315985382 -0.764696598 0.044415377 -0.642857969 -180.291290283
-0.643012583 -0.003955719 0.765845358 455.992370605 0.026075950 0.999293804 0.027055183 -0.281485766 -0.765411556 0.037366971 -0.642455339 -181.971343994
-0.642720163 -0.004339515 0.766088605 458.033477783 0.024711542 0.999346137 0.026392877 -0.240900844 -0.765702367 0.035894465 -0.642192841 -183.642211914
-0.641659737 -0.004339226 0.766977131 460.074707031 0.026626803 0.999255180 0.027929572 -0.196623772 -0.766526997 0.038343433 -0.641066313 -185.333755493
-0.641021967 -0.004655371 0.767508328 462.104644775 0.029166812 0.999111474 0.030420262 -0.159227535 -0.766968012 0.041885827 -0.640316725 -186.979675293
-0.639732778 -0.008026548 0.768555462 464.134124756 0.025645113 0.999165714 0.031781532 -0.105302110 -0.768169463 0.040041380 -0.638993204 -188.631973267
-0.638771951 -0.007290808 0.769361496 466.204864502 0.025172161 0.999221683 0.030368565 -0.044605244 -0.768984258 0.038765077 -0.638091385 -190.341827393
-0.638205528 -0.006729308 0.769836605 468.260131836 0.023413546 0.999329567 0.028145514 0.000668750 -0.769509912 0.035987228 -0.637620091 -191.996734619
-0.637054324 -0.004490701 0.770805836 470.309600830 0.025583681 0.999308884 0.026966309 0.042613450 -0.770394385 0.036899053 -0.636499107 -193.683258057
-0.636466622 -0.004033674 0.771293640 472.338317871 0.027678218 0.999222755 0.028065585 0.074183606 -0.770807385 0.039210841 -0.635860384 -195.325515747
