1.000000000 0.000000000 0.000000000 0.000000000 0.000000000 1.000000000 0.000000000 0.000000000 0.000000000 0.000000000 1.000000000 0.000000000
0.999997735 -0.001594721 -0.001408436 -0.002830765 0.001593376 0.999998271 -0.000955858 -0.007273739 0.001409958 0.000953612 0.999998569 0.564338386
0.999995470 -0.001824059 -0.002398671 -0.007625414 0.001817799 0.999994934 -0.002609384 -0.017990060 0.002403418 0.002605012 0.999993742 1.119649053
0.999987185 -0.002524187 -0.004392848 -0.011832519 0.002508614 0.999990582 -0.003546849 -0.035688426 0.004401760 0.003535784 0.999984086 1.678403497
0.999970496 -0.004197751 -0.006431672 -0.017329203 0.004162007 0.999975860 -0.005560815 -0.041457824 0.006454860 0.005533883 0.999963880 2.253180504
0.999945283 -0.006885864 -0.007872310 -0.023018483 0.006828014 0.999949574 -0.007351866 -0.060045753 0.007922535 0.007297711 0.999941945 2.804974318
0.999926686 -0.007899358 -0.009171765 -0.033578571 0.007824806 0.999936283 -0.008136024 -0.070288233 0.009235450 0.008063661 0.999924839 3.378545761
0.999911904 -0.007977297 -0.010603917 -0.043848075 0.007898270 0.999940872 -0.007473683 -0.082870498 0.010662909 0.007389273 0.999915838 3.960614681
0.999898672 -0.008398073 -0.011489140 -0.057066292 0.008308104 0.999934614 -0.007856246 -0.098382406 0.011554365 0.007759998 0.999903202 4.550094128
0.999889970 -0.007537314 -0.012773385 -0.068110250 0.007400804 0.999915361 -0.010700800 -0.113649830 0.012852960 0.010605090 0.999861181 5.141939163
0.999881566 -0.005891971 -0.014214189 -0.079661973 0.005687538 0.999880373 -0.014380205 -0.131321877 0.014297217 0.014297660 0.999795616 5.760589123
0.999863327 -0.005038076 -0.015742060 -0.091942422 0.004751227 0.999822974 -0.018206349 -0.140913010 0.015830999 0.018129067 0.999710321 6.348346710
0.999858439 -0.002497500 -0.016640954 -0.107408971 0.002197172 0.999834836 -0.018041417 -0.158705011 0.016683262 0.018002303 0.999698758 6.976094246
0.999847651 -0.000034657 -0.017452838 -0.133163065 -0.000166707 0.999933481 -0.011536001 -0.165188640 0.017452074 0.011537157 0.999781132 7.624914646
0.999835551 0.001173897 -0.018097747 -0.147809461 -0.001193035 0.999998748 -0.001046747 -0.179981977 0.018096492 0.001068170 0.999835670 8.289451599
0.999820411 0.001668824 -0.018881606 -0.168513075 -0.001557686 0.999981403 0.005899239 -0.193792120 0.018891100 -0.005868768 0.999804318 8.969613075
0.999791563 0.004107434 -0.020003013 -0.190391377 -0.004010062 0.999979973 0.004905574 -0.209372416 0.020022761 -0.004824333 0.999787927 9.641464233
0.999760509 0.005862038 -0.021085415 -0.208484352 -0.005913172 0.999979794 -0.002363547 -0.213086143 0.021071130 0.002487666 0.999774873 10.331439018
0.999740899 0.005469913 -0.022095535 -0.230967373 -0.005647401 0.999952257 -0.007978365 -0.220181137 0.022050835 0.008101080 0.999723971 11.032905579
0.999726593 0.003263226 -0.023155028 -0.251942724 -0.003412977 0.999973595 -0.006430724 -0.223557621 0.023133425 0.006507993 0.999711156 11.768167496
0.999726534 0.002824476 -0.023214599 -0.275789052 -0.002758545 0.999992132 0.002871604 -0.232944697 0.023222523 -0.002806780 0.999726295 12.526837349
0.999720156 0.002117067 -0.023563562 -0.300100237 -0.001878841 0.999947011 0.010127504 -0.236028999 0.023583749 -0.010080395 0.999671042 13.295319557
0.999711096 0.001313207 -0.024001161 -0.326603651 -0.001005484 0.999917269 0.012828775 -0.241981611 0.024016019 -0.012800935 0.999629557 14.087361336
0.999691129 -0.000715779 -0.024840299 -0.327527881 0.001005228 0.999931872 0.011641893 -0.237481385 0.024830272 -0.011663270 0.999623656 14.907269478
0.999705374 -0.001173652 -0.024241725 -0.352363646 0.001392872 0.999958336 0.009028181 -0.232892588 0.024230119 -0.009059289 0.999665439 15.728187561
0.999716878 0.001312883 -0.023756733 -0.375642538 -0.001177144 0.999982953 0.005726789 -0.234257534 0.023763848 -0.005697204 0.999701381 16.566289902
0.999739587 -0.001797956 -0.022744186 -0.395790845 0.001801196 0.999998450 0.000121961 -0.240024894 0.022743931 -0.000162897 0.999741316 17.420904160
0.999738872 -0.004605257 -0.022381753 -0.410446107 0.004472599 0.999972224 -0.005973558 -0.252979755 0.022408640 0.005871892 0.999731660 18.300746918
0.999762833 -0.003275236 -0.021523232 -0.429046631 0.003025447 0.999927878 -0.011627882 -0.263550967 0.021559762 0.011560006 0.999700785 19.186916351
0.999782860 -0.001825339 -0.020758953 -0.465975642 0.001568195 0.999921918 -0.012396668 -0.279803514 0.020779960 0.012361424 0.999707699 20.124223709
0.999770164 -0.001600043 -0.021376632 -0.481584370 0.001348963 0.999930024 -0.011754811 -0.300744981 0.021393945 0.011723272 0.999702454 21.057779312
0.999772429 -0.000081523 -0.021334426 -0.508109510 -0.000199400 0.999913275 -0.013165141 -0.322390646 0.021333652 0.013166397 0.999685824 21.987674713
0.999768972 0.002830559 -0.021306004 -0.536456347 -0.003150192 0.999882758 -0.014983420 -0.347575247 0.021261096 0.015047075 0.999660790 22.939107895
0.999756753 0.005655409 -0.021314356 -0.559410930 -0.005996346 0.999854624 -0.015965814 -0.372362077 0.021220962 0.016089741 0.999645293 23.887182236
0.999742448 0.007165899 -0.021533400 -0.583994865 -0.007510303 0.999844551 -0.015955821 -0.397752732 0.021415716 0.016113436 0.999640703 24.864322662
0.999729514 0.007678100 -0.021951377 -0.605992377 -0.008032159 0.999838352 -0.016086822 -0.426844150 0.021824313 0.016258789 0.999629617 25.851264954
0.999723434 0.008019064 -0.022105178 -0.631703794 -0.008369544 0.999839962 -0.015808418 -0.456854165 0.021974875 0.015989058 0.999630630 26.847356796
0.999718904 0.008860083 -0.021993803 -0.671846092 -0.009186144 0.999848783 -0.014768685 -0.485925049 0.021859627 0.014966571 0.999648929 27.865976334
0.999704659 0.009576191 -0.022341391 -0.697208166 -0.009857826 0.999872983 -0.012530087 -0.513870716 0.022218565 0.012746622 0.999671876 28.886074066
0.999698877 0.010054335 -0.022388963 -0.728931844 -0.010311312 0.999881983 -0.011392167 -0.543022811 0.022271782 0.011619596 0.999684334 29.902259827
0.999696136 0.010418034 -0.022344053 -0.759700477 -0.010693147 0.999868035 -0.012228633 -0.570273101 0.022213707 0.012463845 0.999675453 30.926918030
0.999668837 0.012212320 -0.022650190 -0.789755583 -0.012523310 0.999828458 -0.013639486 -0.595060408 0.022479737 0.013918625 0.999650359 31.992128372
0.999662519 0.011797094 -0.023143768 -0.817943096 -0.012097270 0.999843955 -0.012873309 -0.620479167 0.022988290 0.013148941 0.999649286 33.026760101
0.999656260 0.011464091 -0.023576271 -0.849870861 -0.011710430 0.999877989 -0.010337259 -0.645146489 0.023454888 0.010609795 0.999668598 34.080955505
0.999638617 0.011783218 -0.024160847 -0.876928627 -0.011942985 0.999907732 -0.006479109 -0.672112584 0.024082273 0.006765320 0.999687076 35.149124146
0.999619842 0.012172451 -0.024740493 -0.909127593 -0.012284376 0.999915004 -0.004376967 -0.691768825 0.024685113 0.004679224 0.999684393 36.210659027
0.999618411 0.011351323 -0.025182148 -0.940265000 -0.011438361 0.999929130 -0.003314974 -0.720298767 0.025142735 0.003601752 0.999677360 37.275272369
0.999592900 0.010968916 -0.026335271 -0.966343522 -0.011111432 0.999924421 -0.005271334 -0.733549237 0.026275462 0.005561811 0.999639273 38.352302551
0.999586284 0.011280996 -0.026456265 -1.009971380 -0.011432331 0.999919116 -0.005575940 -0.756760359 0.026391227 0.005876091 0.999634445 39.445339203
0.999575675 0.011187300 -0.026894374 -1.048228860 -0.011310650 0.999926269 -0.004438673 -0.774190009 0.026842736 0.004740983 0.999628484 40.529571533
0.999564528 0.011186324 -0.027304659 -1.098707676 -0.011254189 0.999934018 -0.002333062 -0.798048556 0.027276758 0.002639338 0.999624491 41.626705170
0.999533772 0.010994945 -0.028482031 -1.126703501 -0.010989302 0.999939561 0.000354678 -0.823683441 0.028484212 -0.000041515 0.999594271 42.725914001
0.999505699 0.012733162 -0.028745783 -1.158935070 -0.012738027 0.999918878 0.000013963 -0.842698872 0.028743636 0.000352209 0.999586701 43.798854828
0.999479055 0.013843462 -0.029153841 -1.197570324 -0.013956096 0.999895990 -0.003663566 -0.865169227 0.029100088 0.004068531 0.999568224 44.871696472
0.999460459 0.015245839 -0.029093789 -1.238432527 -0.015474675 0.999850988 -0.007656532 -0.888273537 0.028972724 0.008102617 0.999547362 45.950099945
0.999453843 0.015730264 -0.029061906 -1.284385085 -0.015970802 0.999839902 -0.008063185 -0.910365224 0.028930424 0.008522923 0.999545038 47.026523590
0.999452055 0.015699754 -0.029139915 -1.312936425 -0.015862891 0.999859750 -0.005375659 -0.935745180 0.029051431 0.005834957 0.999560893 48.155677795
0.999450147 0.016124669 -0.028975554 -1.348953605 -0.016221939 0.999863505 -0.003125049 -0.961341977 0.028921209 0.003593370 0.999575198 49.243526459
0.999472380 0.014354009 -0.029135311 -1.385034442 -0.014411683 0.999894619 -0.001770563 -0.982241094 0.029106824 0.002189519 0.999573886 50.324718475
0.999484599 0.014759340 -0.028505612 -1.428121090 -0.014848297 0.999885559 -0.002911550 -1.004341722 0.028459376 0.003333309 0.999589443 51.419868469
0.999490201 0.014172073 -0.028608250 -1.459814310 -0.014320239 0.999885023 -0.004980963 -1.024114609 0.028534371 0.005388101 0.999578297 52.545383453
0.999498487 0.014085297 -0.028360706 -1.491556406 -0.014289253 0.999873400 -0.007001769 -1.047508478 0.028258493 0.007403512 0.999573231 53.639667511
0.999510050 0.013241102 -0.028357949 -1.525731325 -0.013511688 0.999864817 -0.009371613 -1.078815222 0.028230025 0.009750187 0.999553919 54.735221863
0.999537051 0.012017832 -0.027952043 -1.562317252 -0.012376420 0.999842823 -0.012691243 -1.116531968 0.027795129 0.013031312 0.999528646 55.811992645
0.999551713 0.010046030 -0.028206028 -1.588284016 -0.010455603 0.999841452 -0.014410944 -1.146782637 0.028056785 0.014699392 0.999498248 56.897537231
0.999579370 0.008689683 -0.027669763 -1.620000839 -0.009028292 0.999885619 -0.012136156 -1.178344131 0.027561141 0.012380861 0.999543428 57.985290527
0.999599040 0.007600614 -0.027275933 -1.660769224 -0.007773006 0.999950469 -0.006219869 -1.207918882 0.027227305 0.006429391 0.999608636 59.089187622
0.999611020 0.005923491 -0.027252307 -1.687909007 -0.005935389 0.999982297 -0.000355712 -1.227363348 0.027249716 0.000517326 0.999628603 60.180553436
0.999632239 0.004705461 -0.026706342 -1.724040985 -0.004698541 0.999988914 0.000321859 -1.250012636 0.026707556 -0.000196260 0.999643266 61.271934509
0.999627888 0.001269284 -0.027247284 -1.743315816 -0.001345034 0.999995291 -0.002761959 -1.265868306 0.027243648 0.002797580 0.999624908 62.368663788
0.999637902 -0.000217969 -0.026907135 -1.782568574 0.000063155 0.999983430 -0.005754381 -1.288608074 0.026907943 0.005750598 0.999621391 63.454483032
0.999645948 0.002658203 -0.026473468 -1.822515607 -0.002917811 0.999947965 -0.009772566 -1.321056128 0.026446115 0.009846353 0.999601781 64.536697388
0.999639452 0.002620599 -0.026719552 -1.851036906 -0.002998988 0.999895632 -0.014131298 -1.346643686 0.026679734 0.014206337 0.999543190 65.629203796
0.999643564 0.005941560 -0.026025545 -1.888677120 -0.006321821 0.999874115 -0.014553242 -1.380024672 0.025935799 0.014712585 0.999555409 66.714851379
0.999646902 0.009514505 -0.024808472 -1.937727928 -0.009794505 0.999889374 -0.011189437 -1.409173131 0.024699267 0.011428472 0.999629617 67.820312500
0.999642491 0.010798809 -0.024457064 -1.974835515 -0.011021071 0.999898970 -0.008971331 -1.437256455 0.024357716 0.009237665 0.999660671 68.915336609
0.999648809 0.009808730 -0.024618262 -2.004481077 -0.010012924 0.999916315 -0.008184850 -1.464734077 0.024535920 0.008428475 0.999663413 70.008903503
0.999657750 0.008574571 -0.024715688 -2.032781839 -0.008763000 0.999933243 -0.007525628 -1.489289880 0.024649510 0.007739635 0.999666214 71.104469299
0.999663293 0.007348809 -0.024887556 -2.064282656 -0.007498331 0.999954402 -0.005919933 -1.519042373 0.024842918 0.006104555 0.999672771 72.194824219
0.999666154 0.005828222 -0.025173312 -2.096385479 -0.005931619 0.999974251 -0.004034659 -1.543838501 0.025149150 0.004182630 0.999674976 73.296165466
0.999652565 0.005033161 -0.025872933 -2.130214930 -0.005090414 0.999984741 -0.002147493 -1.575034022 0.025861735 0.002278451 0.999662936 74.402229309
0.999641716 0.004442138 -0.026394619 -2.163109541 -0.004525358 0.999984920 -0.003094085 -1.601278543 0.026380477 0.003212422 0.999646842 75.495178223
0.999627054 0.004361937 -0.026958903 -2.195448399 -0.004554994 0.999964297 -0.007103903 -1.626752973 0.026926959 0.007224049 0.999611318 76.564331055
0.999593735 0.005095828 -0.028042899 -2.223930836 -0.005355553 0.999943376 -0.009194453 -1.652269244 0.027994463 0.009340904 0.999564409 77.647346497
0.999574959 0.006991975 -0.028302550 -2.266623735 -0.007210934 0.999944746 -0.007641725 -1.676649809 0.028247563 0.007842566 0.999570191 78.721420288
0.999548972 0.008027427 -0.028940549 -2.303188562 -0.008125465 0.999961674 -0.003271649 -1.699284792 0.028913178 0.003505329 0.999575794 79.799369812
0.999521554 0.008627021 -0.029701438 -2.342411757 -0.008613552 0.999962687 0.000581429 -1.725557685 0.029705349 -0.000325316 0.999558628 80.851959229
0.999504983 0.010440121 -0.029676812 -2.388525009 -0.010405882 0.999944985 0.001307969 -1.748112798 0.029688833 -0.000998509 0.999558628 81.940429688
0.999489248 0.010106637 -0.030315485 -2.427342653 -0.010125211 0.999948621 -0.000459227 -1.770099998 0.030309284 0.000765943 0.999540269 83.004432678
0.999477386 0.010276223 -0.030646300 -2.467899561 -0.010324563 0.999945641 -0.001419509 -1.786423087 0.030630048 0.001735177 0.999529243 84.076110840
0.999466777 0.009220120 -0.031323638 -2.504444838 -0.009270936 0.999955893 -0.001477457 -1.815256834 0.031308636 0.001767069 0.999508202 85.110549927
0.999449551 0.008265848 -0.032131460 -2.542148352 -0.008314217 0.999964476 -0.001372006 -1.833962798 0.032118980 0.001638399 0.999482691 86.145278931
0.999430776 0.007033204 -0.032997131 -2.574761868 -0.007029511 0.999975264 0.000227963 -1.857816458 0.032997925 0.000004121 0.999455392 87.177520752
0.999415457 0.006954799 -0.033474959 -2.613498926 -0.006860162 0.999972105 0.002941168 -1.881092429 0.033494487 -0.002709804 0.999435186 88.184143066
0.999386549 0.006350617 -0.034441937 -2.650876522 -0.006224236 0.999973476 0.003775376 -1.898299932 0.034465004 -0.003558684 0.999399543 89.155265808
0.999327242 0.005352268 -0.036284436 -2.699163914 -0.005208528 0.999978185 0.004054866 -1.918771386 0.036305346 -0.003863150 0.999333203 90.126380920
0.999204755 0.004661642 -0.039602403 -2.740463495 -0.004547234 0.999985218 0.002978522 -1.936387300 0.039615694 -0.002796072 0.999211073 91.059608459
0.999065459 0.004110503 -0.043028634 -2.786308765 -0.004016655 0.999989331 0.002267281 -1.956761837 0.043037493 -0.002092331 0.999071181 91.979316711
0.998941481 0.004156476 -0.045811120 -2.836619854 -0.004033294 0.999988019 0.002781021 -1.977719784 0.045822136 -0.002593308 0.998946190 92.865341187
0.998777270 0.005592261 -0.049119599 -2.884205818 -0.005431714 0.999979496 0.003401385 -1.990427852 0.049137618 -0.003130423 0.998787045 93.730827332
0.998631716 0.005820977 -0.051970553 -2.938422680 -0.005568125 0.999971867 0.005008765 -2.012044668 0.051998250 -0.004712533 0.998636067 94.568679810
0.998453319 0.007217589 -0.055127520 -2.987820625 -0.006865796 0.999954879 0.006568166 -2.025495291 0.055172432 -0.006179513 0.998457730 95.384239197
0.998312414 0.008885617 -0.057387039 -3.046452045 -0.008487536 0.999938190 0.007176830 -2.039150715 0.057447262 -0.006677644 0.998326242 96.176330566
0.998131394 0.010516514 -0.060192961 -3.095337629 -0.010064562 0.999918878 0.007806677 -2.053472042 0.060270175 -0.007186275 0.998156250 96.944282532
0.997932851 0.012501146 -0.063036397 -3.147120953 -0.012119044 0.999905825 0.006440329 -2.068602562 0.063110977 -0.005663076 0.997990489 97.676536560
0.997754335 0.013674005 -0.065568194 -3.203414917 -0.013499884 0.999904037 0.003097923 -2.088394403 0.065604262 -0.002205803 0.997843325 98.352058411
0.997576952 0.016367074 -0.067619123 -3.267976999 -0.016435094 0.999864876 -0.000449755 -2.105748653 0.067602605 0.001559991 0.997711062 99.048057556
0.997404993 0.018402319 -0.069603376 -3.321899891 -0.018658526 0.999821305 -0.003032595 -2.119956493 0.069535129 0.004323422 0.997570097 99.681510925
0.997282207 0.020219758 -0.070847154 -3.365182161 -0.020558776 0.999780357 -0.004059300 -2.134462357 0.070749506 0.005504798 0.997478962 100.312255859
0.997304916 0.022750828 -0.069752626 -3.420507908 -0.023048587 0.999728441 -0.003466845 -2.152727365 0.069654800 0.005065201 0.997558296 100.894958496
0.997417986 0.026347963 -0.066807158 -3.471783876 -0.026527697 0.999646485 -0.001804519 -2.170841455 0.066735983 0.003572099 0.997764230 101.457084656
0.997673213 0.029188029 -0.061613623 -3.504614830 -0.029270697 0.999571443 -0.000439391 -2.183761358 0.061574385 0.002241842 0.998099983 101.992431641
0.998097956 0.029842159 -0.053943675 -3.537944317 -0.029804092 0.999554634 0.001510095 -2.197081327 0.053964708 0.000100519 0.998542786 102.531272888
0.998583436 0.029791197 -0.044085566 -3.550820351 -0.029645592 0.999552667 0.003953023 -2.209474564 0.044183612 -0.002640481 0.999019921 103.043968201
0.999037266 0.029455408 -0.032510117 -3.555960655 -0.029311398 0.999558330 0.004897497 -2.217173576 0.032640018 -0.003939864 0.999459326 103.524536133
0.999417067 0.028465176 -0.018850783 -3.560552359 -0.028373731 0.999584377 0.005100742 -2.230042458 0.018988140 -0.004562901 0.999809265 103.983947754
0.999587834 0.028477207 -0.003635617 -3.552603483 -0.028461644 0.999585807 0.004263010 -2.242237568 0.003755510 -0.004157776 0.999984264 104.428665161
0.999524653 0.027309451 0.014303540 -3.533899784 -0.027328523 0.999625921 0.001139442 -2.251767635 -0.014267068 -0.001529795 0.999897063 104.853485107
0.999015510 0.026876410 0.035294455 -3.503988028 -0.026764041 0.999635160 -0.003652421 -2.259740591 -0.035379745 0.002704203 0.999370217 105.252082825
0.997928083 0.024485195 0.059498694 -3.451487303 -0.024005460 0.999673307 -0.008764543 -2.267712116 -0.059693858 0.007318088 0.998189867 105.679779053
0.996021628 0.022443667 0.086239614 -3.383617401 -0.021573294 0.999706626 -0.011011382 -2.289247990 -0.086461425 0.009107102 0.996213496 106.092056274
0.993115067 0.019325783 0.115537472 -3.303889751 -0.018015791 0.999761224 -0.012371828 -2.301023960 -0.115748979 0.010205150 0.993226051 106.482795715
0.988891184 0.017343335 0.147626027 -3.206097603 -0.015357925 0.999775767 -0.014578261 -2.312801600 -0.147845760 0.012149082 0.988935709 106.881759644
0.982659340 0.014683121 0.184837818 -3.163644791 -0.011988575 0.999805093 -0.015687106 -2.325921297 -0.185032159 0.013199139 0.982643723 107.158958435
0.974614859 0.011524063 0.223591432 -3.049288034 -0.008094375 0.999835253 -0.016249573 -2.340231419 -0.223741844 0.014027239 0.974547446 107.522979736
0.964598298 0.009196746 0.263563275 -2.923551559 -0.004814471 0.999839365 -0.017268095 -2.354619026 -0.263679713 0.015387856 0.964487433 107.868156433
0.952291906 0.009643779 0.305036426 -2.786792517 -0.004356164 0.999828398 -0.018010261 -2.375075817 -0.305157721 0.015822235 0.952170372 108.199401855
0.936813056 0.012483533 0.349607646 -2.651095629 -0.006211813 0.999799192 -0.019054834 -2.382251263 -0.349775285 0.015679117 0.936702371 108.511070251
0.918919086 0.012241771 0.394256145 -2.484631062 -0.005721376 0.999826849 -0.017709725 -2.395868301 -0.394404650 0.014018117 0.918829858 108.824569702
0.898432851 0.011536863 0.438959301 -2.300922871 -0.004838412 0.999854207 -0.016375529 -2.411211967 -0.439084262 0.012588446 0.898357630 109.135421753
0.874775529 0.010204082 0.484420776 -2.113683224 -0.002415619 0.999857605 -0.016699335 -2.426497698 -0.484522194 0.013437992 0.874675691 109.423942566
0.849635959 0.011689464 0.527240157 -1.891755223 -0.001814229 0.999813199 -0.019243306 -2.440904140 -0.527366519 0.015393269 0.849498332 109.709152222
0.821614265 0.013409226 0.569886088 -1.669250369 -0.000505009 0.999740064 -0.022795461 -2.456985950 -0.570043564 0.018441278 0.821407437 109.983757019
0.790708005 0.017600087 0.611940324 -1.413797498 -0.001530442 0.999640346 -0.026773235 -2.480175018 -0.612191439 0.020233272 0.790450633 110.285324097
0.754683375 0.024705775 0.655623853 -1.182713389 -0.005214603 0.999485075 -0.031660955 -2.485260963 -0.656068504 0.020475179 0.754423618 110.564086914
0.716730535 0.029432287 0.696728826 -0.911961854 -0.006871370 0.999358475 -0.035147801 -2.490496159 -0.697316408 0.020404020 0.716473043 110.809486389
0.677044034 0.029684095 0.735343575 -0.615151942 -0.005174355 0.999353468 -0.035577439 -2.512449741 -0.735924363 0.020282565 0.676760018 111.035957336
0.636048913 0.027071903 0.771173716 -0.302106231 -0.000946641 0.999411047 -0.034303352 -2.526409864 -0.771648288 0.021088583 0.635699868 111.230888367
0.591459513 0.024999056 0.805947006 0.023325467 0.000767592 0.999501467 -0.031566080 -2.538005829 -0.806334376 0.019288698 0.591145456 111.429206848
0.545657754 0.023726532 0.837672174 0.359944224 0.001480529 0.999570310 -0.029276606 -2.548692942 -0.838006914 0.017215203 0.545388222 111.592437744
0.498273373 0.021097159 0.866763234 0.705261528 0.003026543 0.999655485 -0.026071638 -2.564498663 -0.867014706 0.015614102 0.498037875 111.729187012
0.446509868 0.017037138 0.894616544 1.056479931 0.006126794 0.999737144 -0.022096986 -2.578873873 -0.894757807 0.015347656 0.446288049 111.875457764
0.392109156 0.018413102 0.919734478 1.394679904 0.000803055 0.999792397 -0.020358233 -2.603323698 -0.919918358 0.008721246 0.392012924 112.025039673
0.340493590 0.023419337 0.939955175 1.775496960 -0.002777139 0.999710441 -0.023902157 -2.617321730 -0.940242708 0.005528145 0.340460002 112.134063721
0.290921807 0.028154360 0.956332564 2.160372019 -0.002741121 0.999587238 -0.028593918 -2.634334326 -0.956742883 0.005697170 0.290878952 112.206153870
0.244536772 0.030432161 0.969162405 2.560893297 -0.001311145 0.999516726 -0.031054482 -2.643990040 -0.969639182 0.006323250 0.244458556 112.270545959
0.202979237 0.031087816 0.978689492 2.977658272 0.005050747 0.999449253 -0.032794774 -2.654954433 -0.979170024 0.011599770 0.202710465 112.322891235
0.167717621 0.030404534 0.985366166 3.422578812 0.013814220 0.999353647 -0.033187430 -2.671644211 -0.985738277 0.019178182 0.167189211 112.363853455
0.137387022 0.031209681 0.990025699 3.884956360 0.018607119 0.999245763 -0.034082472 -2.696509600 -0.990342617 0.023104012 0.136702687 112.391883850
0.108348668 0.029756561 0.993667543 4.320128441 0.015538020 0.999379098 -0.031621855 -2.716840029 -0.993991554 0.018865809 0.107819043 112.443618774
0.082525246 0.026149051 0.996245921 4.807971001 0.009411079 0.999590695 -0.027016424 -2.730985403 -0.996544600 0.011605286 0.082245380 112.481155396
0.058753766 0.021737956 0.998035848 5.313363552 0.005083203 0.999743402 -0.022074394 -2.751801968 -0.998259604 0.006370172 0.058628194 112.505004883
0.036332998 0.019519849 0.999149144 5.837302685 0.009397322 0.999758363 -0.019873476 -2.769810915 -0.999295592 0.010111388 0.036140796 112.502449036
0.016313020 0.020042496 0.999666154 6.375890732 0.017744616 0.999635816 -0.020331457 -2.792192221 -0.999709547 0.018070357 0.015951457 112.484848022
-0.001467543 0.022937957 0.999735832 6.934491634 0.021254269 0.999511719 -0.022901617 -2.811024427 -0.999772966 0.021215046 -0.001954358 112.482948303
-0.015958078 0.028303614 0.999472022 7.505457401 0.021615930 0.999375343 -0.027955748 -2.823935986 -0.999638975 0.021158392 -0.016559919 112.468353271
-0.026813367 0.032993838 0.999095798 8.108792305 0.019228077 0.999287128 -0.032484125 -2.836877823 -0.999455571 0.018339679 -0.027428666 112.454299927
-0.033312298 0.033181690 0.998894095 8.748795509 0.022268424 0.999225199 -0.032450061 -2.847948313 -0.999196827 0.021162810 -0.034025397 112.436599731
-0.035804205 0.030049765 0.998906851 9.391480446 0.027919309 0.999187768 -0.029057493 -2.874090195 -0.998968661 0.026848406 -0.036614094 112.409248352
-0.035416886 0.028333912 0.998970866 10.049925804 0.029401686 0.999194920 -0.027297877 -2.899023294 -0.998939991 0.028404618 -0.036221433 112.382575989
-0.033536557 0.027770417 0.999051511 10.717326164 0.028177097 0.999242842 -0.026829870 -2.926689863 -0.999040127 0.027250590 -0.034293648 112.364089966
-0.031800672 0.028098019 0.999099195 11.406237602 0.024857804 0.999317825 -0.027312955 -2.953016996 -0.999185026 0.023966843 -0.032477435 112.347709656
-0.030707354 0.029315136 0.999098480 12.122832298 0.023803199 0.999307811 -0.028589686 -2.973935604 -0.999244869 0.022903828 -0.031383894 112.332534790
-0.030001482 0.030262388 0.999091625 12.850521088 0.023139581 0.999294758 -0.029573686 -3.000522137 -0.999281943 0.022231309 -0.030680580 112.320983887
-0.029745465 0.029400349 0.999125004 13.580305099 0.021604141 0.999352694 -0.028763859 -3.031039715 -0.999323964 0.020729648 -0.030361382 112.315269470
-0.028353181 0.028408345 0.999194205 14.350426674 0.021692688 0.999378085 -0.027798021 -3.058289528 -0.999362528 0.020887049 -0.028951801 112.279655457
-0.027909735 0.027228240 0.999239504 15.119358063 0.022642758 0.999389648 -0.026599895 -3.086115837 -0.999353945 0.021883147 -0.028509222 112.260131836
-0.028321575 0.024787875 0.999291480 15.897998810 0.023271119 0.999437869 -0.024131963 -3.117855787 -0.999327958 0.022571171 -0.028882498 112.237075806
-0.029289614 0.022981677 0.999306798 16.686578751 0.020174002 0.999545634 -0.022395868 -3.148502827 -0.999367416 0.019504048 -0.029739941 112.218284607
-0.030477220 0.022040319 0.999292433 17.487054825 0.020297507 0.999564350 -0.021427264 -3.171966314 -0.999329388 0.019630097 -0.030911310 112.193687439
-0.031700477 0.019351361 0.999310076 18.285205841 0.022437626 0.999574482 -0.018644704 -3.201258898 -0.999245584 0.021831099 -0.032121185 112.169250488
-0.033285830 0.018136773 0.999281347 19.100654602 0.023672441 0.999569178 -0.017353475 -3.221548796 -0.999165535 0.023077803 -0.033700831 112.147262573
-0.035114225 0.017279070 0.999233961 19.934284210 0.020764418 0.999647260 -0.016556535 -3.251285791 -0.999167621 0.020167140 -0.035460632 112.126647949
-0.035538130 0.021618959 0.999134362 20.747634888 0.018126694 0.999615431 -0.020984622 -3.283355713 -0.999203861 0.017365249 -0.035916351 112.095146179
-0.036350247 0.026432693 0.998989403 21.583719254 0.019746443 0.999473989 -0.025726998 -3.308233738 -0.999143958 0.018791307 -0.036853082 112.068374634
-0.037871957 0.028295603 0.998881817 22.423397064 0.019785684 0.999424279 -0.027560808 -3.336236715 -0.999086678 0.018719781 -0.038410008 112.043724060
-0.039007474 0.025994914 0.998900652 23.270347595 0.016381932 0.999543786 -0.025371928 -3.369963408 -0.999104619 0.015374229 -0.039415531 112.013427734
-0.039874922 0.021236891 0.998979032 24.116376877 0.013157869 0.999698579 -0.020726988 -3.408941031 -0.999118030 0.012317948 -0.040142342 111.983955383
-0.040157493 0.015746716 0.999069333 24.971094131 0.011947926 0.999811888 -0.015278175 -3.440133095 -0.999121904 0.011323271 -0.040338088 111.953781128
-0.040271807 0.010173926 0.999136984 25.821680069 0.008470764 0.999915659 -0.009840430 -3.464924335 -0.999152839 0.008067161 -0.040354598 111.924911499
-0.040200830 0.008812019 0.999152839 26.654689789 0.005677513 0.999946952 -0.008590592 -3.494761944 -0.999175489 0.005327354 -0.040248740 111.902481079
-0.039514687 0.015538851 0.999098241 27.507640839 0.008105710 0.999851167 -0.015229980 -3.527312040 -0.999186158 0.007496592 -0.039634772 111.871795654
-0.037874762 0.026956065 0.998918891 28.326612473 0.010314036 0.999593377 -0.026583198 -3.555747509 -0.999229252 0.009296052 -0.038137387 111.830436707
-0.036957692 0.032090228 0.998801589 29.160705566 0.012363272 0.999422431 -0.031652715 -3.584203005 -0.999240339 0.011178642 -0.037333086 111.796951294
-0.036033582 0.026785076 0.998991668 29.997287750 0.013955083 0.999556720 -0.026296873 -3.618909359 -0.999253094 0.012993440 -0.036391400 111.773193359
-0.035028003 0.018914903 0.999207377 30.827953339 0.017115628 0.999685526 -0.018323954 -3.653251886 -0.999239743 0.016460208 -0.035340734 111.741081238
-0.034869660 0.015899995 0.999265432 31.660074234 0.018259700 0.999716640 -0.015269998 -3.685404301 -0.999225020 0.017713828 -0.035150111 111.720039368
-0.034670398 0.016671397 0.999259651 32.485313416 0.017248658 0.999721944 -0.016080646 -3.713245630 -0.999249935 0.016678367 -0.034948312 111.686744690
-0.035331182 0.017592648 0.999220729 33.301815033 0.014183777 0.999753177 -0.017100502 -3.740850687 -0.999275029 0.013568545 -0.035571989 111.662712097
-0.037581723 0.017615288 0.999138236 34.118606567 0.012274129 0.999777317 -0.017164879 -3.770297766 -0.999218166 0.011618463 -0.037789565 111.644485474
-0.039712381 0.017435255 0.999058962 34.922870636 0.011662787 0.999787748 -0.016984379 -3.801642656 -0.999143064 0.010977323 -0.039907292 111.615783691
-0.042187117 0.017765364 0.998951852 35.742614746 0.009291797 0.999805570 -0.017388146 -3.833440304 -0.999066472 0.008548503 -0.042343996 111.588218689
-0.044351049 0.018000761 0.998853743 36.548236847 0.007434261 0.999815881 -0.017688006 -3.861965418 -0.998988330 0.006641258 -0.044476710 111.558921814
-0.046679813 0.017517779 0.998756230 37.356895447 0.005515637 0.999835432 -0.017278921 -3.885519743 -0.998894632 0.004702200 -0.046768758 111.531929016
-0.048163477 0.016231267 0.998707592 38.145782471 0.006007432 0.999854624 -0.015960198 -3.914622068 -0.998821378 0.005230971 -0.048253976 111.486953735
-0.050151039 0.016091848 0.998611987 38.935623169 0.004992994 0.999861777 -0.015861236 -3.945901871 -0.998729229 0.004190606 -0.050224446 111.452575684
-0.051876865 0.016883807 0.998510838 39.715774536 0.004875398 0.999849498 -0.016653147 -3.975983143 -0.998641610 0.004004225 -0.051951367 111.414054871
-0.053010073 0.017517444 0.998440385 40.506649017 0.006056142 0.999833465 -0.017220346 -3.997015476 -0.998575687 0.005133844 -0.053107325 111.381599426
-0.053934343 0.016076792 0.998415053 41.289226532 0.007842330 0.999846458 -0.015676199 -4.027139187 -0.998513699 0.006984415 -0.054052137 111.338821411
-0.055447605 0.015336587 0.998343766 42.048236847 0.007830753 0.999857843 -0.014924932 -4.058896542 -0.998430908 0.006990233 -0.055559829 111.295066833
-0.057007249 0.014841074 0.998263419 42.815517426 0.006464879 0.999873936 -0.014495834 -4.084825516 -0.998352885 0.005627285 -0.057096016 111.260490417
-0.058484249 0.013534289 0.998196542 43.567672729 0.004997745 0.999899447 -0.013264561 -4.112870216 -0.998275816 0.004212965 -0.058546014 111.225715637
-0.059457410 0.012269627 0.998155475 44.307422638 0.003738219 0.999920070 -0.012068645 -4.139119625 -0.998223901 0.003013752 -0.059498530 111.191543579
-0.060240265 0.012360361 0.998107433 45.025054932 0.004105532 0.999917865 -0.012134997 -4.162492275 -0.998175502 0.003366746 -0.060286071 111.151458740
-0.059663955 0.015012289 0.998105645 45.734539032 0.003801627 0.999882996 -0.014811774 -4.184578419 -0.998211265 0.002910696 -0.059714057 111.102111816
-0.059394885 0.017956685 0.998073101 46.434089661 0.003901274 0.999834657 -0.017756218 -4.209379196 -0.998227000 0.002839128 -0.059455127 111.063201904
-0.059866313 0.019665673 0.998012722 47.139270782 0.001978359 0.999806285 -0.019582342 -4.232627869 -0.998204410 0.000802105 -0.059893630 111.030891418
-0.060188305 0.020319670 0.997980237 47.837661743 0.002228739 0.999793053 -0.020222170 -4.261919498 -0.998184562 0.001007099 -0.060221136 110.992553711
-0.060165573 0.020090109 0.997986257 48.532711029 0.003728710 0.999795020 -0.019901732 -4.287650108 -0.998181462 0.002523802 -0.060228150 110.951316833
-0.060648933 0.019518232 0.997968376 49.221271515 0.004127113 0.999805212 -0.019303344 -4.314760208 -0.998150647 0.002948001 -0.060717676 110.913421631
-0.060366262 0.019994631 0.997976124 49.894660950 0.001165503 0.999800146 -0.019960679 -4.334916115 -0.998175681 -0.000041808 -0.060377497 110.870643616
-0.060728226 0.019790696 0.997958183 50.595161438 -0.001819918 0.999799669 -0.019937964 -4.368036747 -0.998152733 -0.003026999 -0.060680036 110.847808838
-0.060611147 0.018068703 0.997997820 51.263130188 -0.000454581 0.999835551 -0.018129582 -4.401391506 -0.998161316 -0.001552526 -0.060592979 110.809600830
-0.061554737 0.017796112 0.997945011 51.944694519 0.000312254 0.999841332 -0.017810667 -4.422123909 -0.998103678 -0.000784718 -0.061550528 110.770217896
-0.065272272 0.016866973 0.997724891 52.614189148 -0.003273955 0.999848127 -0.017117051 -4.448767185 -0.997862160 -0.004383775 -0.065207139 110.736640930
-0.070632376 0.016360348 0.997368157 53.291503906 -0.006812046 0.999834239 -0.016883219 -4.476308346 -0.997479141 -0.007986620 -0.070509218 110.698860168
-0.076762721 0.020529587 0.996837914 53.958152771 -0.003007452 0.999778688 -0.020821743 -4.495980740 -0.997044861 -0.004596275 -0.076683998 110.645561218
-0.083179101 0.023608210 0.996254981 54.612018585 -0.000045550 0.999719262 -0.023694105 -4.517913342 -0.996534646 -0.002016234 -0.083154663 110.588340759
-0.090088688 0.025183786 0.995615423 55.278083801 -0.000878527 0.999677837 -0.025366042 -4.543265820 -0.995933414 -0.003159868 -0.090037525 110.523437500
-0.096070327 0.024132404 0.995082080 55.947444916 -0.004582401 0.999684751 -0.024686439 -4.570879936 -0.995364070 -0.006931499 -0.095929459 110.460845947
-0.102326281 0.023774175 0.994466782 56.649490356 -0.004611448 0.999692321 -0.024373595 -4.590872765 -0.994740307 -0.007079992 -0.102185138 110.404747009
-0.106984809 0.023940960 0.993972421 57.346889496 -0.007060691 0.999666572 -0.024838077 -4.623869896 -0.994235635 -0.009675429 -0.106780082 110.338546753
-0.111024193 0.023716994 0.993534803 58.027687073 -0.008972681 0.999650478 -0.024865653 -4.636427879 -0.993777215 -0.011675360 -0.110772580 110.261276245
-0.113623589 0.019820960 0.993326128 58.724502563 -0.009455168 0.999734163 -0.021030374 -4.672962666 -0.993478835 -0.011781612 -0.113405995 110.184631348
-0.115367167 0.016957801 0.993178189 59.438819885 -0.007278627 0.999813020 -0.017916566 -4.695514202 -0.993296146 -0.009295957 -0.115222178 110.104103088
-0.116127796 0.013701491 0.993139744 60.150367737 -0.007925709 0.999860287 -0.014720958 -4.724474430 -0.993202567 -0.009580849 -0.116002977 110.016670227
-0.117772676 0.013056334 0.992954731 60.878864288 -0.009201362 0.999856293 -0.014238438 -4.751894474 -0.992998004 -0.010813435 -0.117635630 109.941314697
-0.117621750 0.016386969 0.992923200 61.578826904 -0.007418056 0.999821484 -0.017379558 -4.775948048 -0.993030787 -0.009409774 -0.117479205 109.847969055
-0.118505299 0.021338699 0.992724121 62.342094421 -0.001119866 0.999765635 -0.021623733 -4.793560505 -0.992952764 -0.003674246 -0.118453622 109.764480591
-0.118798852 0.026420839 0.992566824 63.081596375 0.006369243 0.999645591 -0.025846943 -4.820505142 -0.992897868 0.003251312 -0.118925042 109.666687012
-0.119656324 0.027086891 0.992445886 63.822307587 0.006303259 0.999628305 -0.026522957 -4.850028992 -0.992795289 0.003082001 -0.119782604 109.578491211
-0.120153323 0.024493346 0.992453098 64.583076477 0.004544943 0.999698758 -0.024121916 -4.882499218 -0.992744863 0.001612314 -0.120228440 109.496788025
-0.120172083 0.020342324 0.992544591 65.331283569 0.005012824 0.999789774 -0.019883888 -4.904908180 -0.992740393 0.002585964 -0.120248795 109.406883240
-0.119730391 0.018431019 0.992635310 66.072883606 0.007134407 0.999817848 -0.017703842 -4.932014942 -0.992780805 0.004962177 -0.119840071 109.312332153
-0.120876297 0.017649934 0.992510617 66.812438965 0.006538764 0.999834418 -0.016983829 -4.962039948 -0.992646098 0.004436851 -0.120971680 109.227615356
-0.122993909 0.018706132 0.992231071 67.564544678 0.005597041 0.999819458 -0.018155402 -4.989319801 -0.992391646 0.003320555 -0.123076417 109.144683838
-0.124887690 0.019322980 0.991982639 68.301353455 0.004994544 0.999809921 -0.018846650 -5.014985085 -0.992158353 0.002600786 -0.124960460 109.055221558
-0.127119645 0.019551834 0.991694629 69.040359497 0.005879590 0.999803007 -0.018958021 -5.043814182 -0.991870046 0.003420821 -0.127209544 108.960800171
-0.128885239 0.019565182 0.991466522 69.779563904 0.006158507 0.999801874 -0.018929098 -5.071369648 -0.991640389 0.003666271 -0.128980190 108.862434387
-0.131012768 0.019380469 0.991191208 70.530754089 0.005991731 0.999806106 -0.018756948 -5.096057415 -0.991362572 0.003481550 -0.131103516 108.768249512
-0.132619157 0.019613106 0.990972996 71.280662537 0.003651538 0.999807119 -0.019299272 -5.121402264 -0.991160274 0.001059121 -0.132665202 108.674064636
-0.133707523 0.021098813 0.990796208 72.032775879 0.003575594 0.999777079 -0.020807536 -5.149522305 -0.991014421 0.000760561 -0.133753136 108.576034546
-0.134758025 0.021507114 0.990645170 72.796829224 0.002376620 0.999768555 -0.021381896 -5.174109459 -0.990875721 -0.000526994 -0.134777933 108.481506348
-0.135995030 0.021726666 0.990471303 73.562606812 0.001977328 0.999763489 -0.021659005 -5.201322079 -0.990707636 -0.000987031 -0.136005819 108.378486633
-0.137130290 0.020029221 0.990350485 74.341857910 0.002632807 0.999799371 -0.019855766 -5.226193905 -0.990549505 -0.000115425 -0.137155518 108.278297424
-0.138213649 0.017579474 0.990246415 75.124855042 0.000477668 0.999843538 -0.017683178 -5.252828598 -0.990402281 -0.001971048 -0.138200432 108.176078796
-0.140154526 0.015850665 0.990002751 75.914001465 -0.002783801 0.999861598 -0.016402613 -5.271248817 -0.990125716 -0.005054872 -0.140091002 108.077369690
-0.142072007 0.014668486 0.989747643 76.693000793 -0.001976933 0.999883950 -0.015102487 -5.307322025 -0.989854395 -0.004102306 -0.142026529 107.958702087
-0.143638358 0.015400153 0.989510477 77.486564636 -0.000517907 0.999877572 -0.015636681 -5.330729961 -0.989630163 -0.002758501 -0.143612802 107.845680237
-0.145958394 0.016774490 0.989148438 78.286987305 -0.001099910 0.999852836 -0.017118322 -5.352747440 -0.989290178 -0.003586538 -0.145918459 107.732757568
-0.147361919 0.019940721 0.988881648 79.078155518 0.000187279 0.999797225 -0.020132927 -5.384657383 -0.989082634 -0.002781630 -0.147335768 107.615242004
-0.147824973 0.023903385 0.988724649 79.879615784 0.002260649 0.999713421 -0.023831060 -5.412527561 -0.989010990 -0.001287666 -0.147836670 107.495979309
-0.149111748 0.027735082 0.988431275 80.686386108 0.002728347 0.999614298 -0.027637282 -5.450593948 -0.988816619 -0.001424260 -0.149129927 107.378280640
-0.148953065 0.029219029 0.988412440 81.511581421 0.005061640 0.999572814 -0.028786162 -5.479315758 -0.988831341 0.000715201 -0.149037331 107.256164551
-0.148119897 0.028249603 0.988565862 82.342132568 0.008330825 0.999592066 -0.027316460 -5.516817570 -0.988934338 0.004189458 -0.148294836 107.130157471
-0.147850290 0.026541997 0.988653541 83.167144775 0.008797611 0.999635577 -0.025521172 -5.547893524 -0.988970637 0.004924475 -0.148029938 106.999710083
-0.147313222 0.024696464 0.988781691 84.010482788 0.008458830 0.999683142 -0.023708519 -5.585261822 -0.989053726 0.004871358 -0.147475451 106.883255005
-0.145697489 0.022126397 0.989081800 84.857025146 0.007401825 0.999746323 -0.021274637 -5.616345882 -0.989301503 0.004221349 -0.145824298 106.767456055
-0.144281849 0.019291313 0.989348650 85.714698792 0.008092354 0.999799609 -0.018314945 -5.644493580 -0.989503562 0.005363646 -0.144409001 106.653533936
-0.142176017 0.015601195 0.989718378 86.566101074 0.008658989 0.999857128 -0.014517125 -5.675353527 -0.989803433 0.006505973 -0.142290801 106.528717041
-0.141013384 0.015503812 0.989886224 87.417793274 0.006914634 0.999868512 -0.014675136 -5.703544617 -0.989983559 0.004775310 -0.141102031 106.420677185
-0.139734074 0.019583579 0.989995420 88.268394470 0.007735581 0.999795437 -0.018685592 -5.735785007 -0.990158737 0.005047173 -0.139856964 106.303062439
-0.137402922 0.025988948 0.990174174 89.103553772 0.008648560 0.999649107 -0.025037503 -5.766538143 -0.990477502 0.005123357 -0.137579471 106.188751221
-0.135979772 0.029504441 0.990272164 89.958183289 0.006410705 0.999561727 -0.028900927 -5.796248913 -0.990690947 0.002418402 -0.136109322 106.078033447
