1.000000000 -0.000000000 0.000000000 0.000000000 -0.000000000 1.000000000 0.000000000 0.000000000 0.000000000 0.000000000 1.000000000 0.000000000
0.999997437 0.000989133 0.002029325 -0.009260016 -0.000986931 0.999998927 -0.001085737 -0.016959960 -0.002030396 0.001083732 0.999997377 1.206869960
0.999985099 0.001615387 0.005210415 -0.040341262 -0.001607953 0.999997616 -0.001430611 -0.024118358 -0.005212714 0.001422212 0.999985456 2.409503937
0.999978900 0.001076043 0.006402901 -0.040130395 -0.001069115 0.999998868 -0.001085402 -0.045339078 -0.006404063 0.001078534 0.999978960 3.602684736
0.999971688 0.000882393 0.007462393 -0.037335921 -0.000874233 0.999998987 -0.001096709 -0.067081533 -0.007463353 0.001090154 0.999971569 4.798614502
0.999966323 0.000488183 0.008191197 -0.029299196 -0.000482064 0.999999642 -0.000748977 -0.092275642 -0.008191559 0.000745003 0.999966204 5.997780800
0.999958158 0.001049362 0.009083088 -0.027893921 -0.001033518 0.999997914 -0.001748903 -0.113088511 -0.009084904 0.001739442 0.999957204 7.192243099
0.999952614 0.001123293 0.009670406 -0.020112179 -0.001105212 0.999997616 -0.001874888 -0.136909336 -0.009672489 0.001864112 0.999951482 8.379376411
0.999949157 0.000804598 0.010051205 -0.017625123 -0.000799418 0.999999583 -0.000519346 -0.158070877 -0.010051619 0.000511285 0.999949336 9.575522423
0.999962032 0.000097262 0.008708592 -0.010599822 -0.000102493 0.999999821 0.000600232 -0.181464896 -0.008708533 -0.000601102 0.999961853 10.780948639
0.999977887 -0.001727841 0.006419047 -0.014553999 0.001728611 0.999998450 -0.000114527 -0.200845599 -0.006418840 0.000125621 0.999979317 11.966138840
0.999989867 -0.001167354 0.004337555 -0.016275287 0.001169362 0.999999166 -0.000460449 -0.221723467 -0.004337015 0.000465517 0.999990463 13.163553238
0.999994516 -0.001034727 0.003135831 -0.016458010 0.001036581 0.999999285 -0.000589732 -0.246590793 -0.003135219 0.000592979 0.999994934 14.365105629
0.999996662 0.000788152 0.002476679 -0.025383193 -0.000786209 0.999999404 -0.000785519 -0.267344624 -0.002477297 0.000783569 0.999996662 15.563176155
0.999998271 0.000658694 0.001693381 -0.026251299 -0.000657485 0.999999464 -0.000714929 -0.285551608 -0.001693852 0.000713815 0.999998391 16.763526917
0.999998927 0.000245969 0.001435600 -0.028162345 -0.000245425 0.999999881 -0.000379500 -0.306779683 -0.001435693 0.000379147 0.999998868 17.967813492
0.999999881 0.000068304 0.000554821 -0.028373072 -0.000068324 1.000000000 0.000035712 -0.329163432 -0.000554819 -0.000035750 0.999999821 19.157440186
1.000000000 0.000202448 0.000090905 -0.031960990 -0.000202368 0.999999523 -0.000875623 -0.351138294 -0.000091081 0.000875605 0.999999523 20.360282898
1.000000000 -0.000002644 -0.000198248 -0.039658792 0.000002298 0.999998450 -0.001744032 -0.372745484 0.000198252 0.001744031 0.999998450 21.551315308
0.999999344 0.000703946 -0.000954995 -0.054820284 -0.000705076 0.999999046 -0.001184329 -0.397333175 0.000954161 0.001185001 0.999998868 22.759429932
0.999999046 0.000220380 -0.001383244 -0.070169754 -0.000221491 0.999999702 -0.000803006 -0.424260706 0.001383067 0.000803311 0.999998748 23.957605362
0.999996483 0.000285052 -0.002623792 -0.070389241 -0.000290309 0.999997914 -0.002003412 -0.443850130 0.002623216 0.002004167 0.999994516 25.137348175
0.999993145 0.001063124 -0.003548987 -0.083954901 -0.001067699 0.999998569 -0.001287331 -0.464095205 0.003547613 0.001291111 0.999992847 26.337123871
0.999991894 -0.000575273 -0.003990330 -0.094701029 0.000577713 0.999999583 0.000610240 -0.492384166 0.003989978 -0.000612540 0.999991834 27.535808563
0.999986291 -0.000735320 -0.005185795 -0.100936733 0.000739578 0.999999404 0.000819158 -0.515555203 0.005185189 -0.000822982 0.999986231 28.746511459
0.999981046 -0.001466012 -0.005992070 -0.114059374 0.001464046 0.999998927 -0.000332515 -0.533432841 0.005992550 0.000323736 0.999981999 29.943288803
0.999972820 -0.001621457 -0.007193242 -0.121626109 0.001614900 0.999998271 -0.000917301 -0.560130656 0.007194716 0.000905659 0.999973714 31.143110275
0.999969602 -0.001068424 -0.007722884 -0.140592039 0.001060284 0.999998808 -0.001058048 -0.578650534 0.007724006 0.001049827 0.999969602 32.335388184
0.999960065 -0.001713990 -0.008776329 -0.151692018 0.001710937 0.999998450 -0.000355322 -0.599320531 0.008776925 0.000340292 0.999961495 33.543949127
0.999959290 -0.002079610 -0.008776911 -0.174761653 0.002076632 0.999997795 -0.000348379 -0.619509637 0.008777614 0.000330139 0.999961317 34.732940674
0.999950230 -0.002806184 -0.009564536 -0.183839023 0.002809133 0.999996066 0.000294998 -0.648813784 0.009563668 -0.000321852 0.999954164 35.933715820
0.999946237 -0.002704725 -0.010009247 -0.202159524 0.002699754 0.999996245 -0.000510093 -0.661758363 0.010010588 0.000483043 0.999949753 37.131843567
0.999944091 -0.003663467 -0.009913012 -0.222237498 0.003671219 0.999993026 0.000763892 -0.688826144 0.009910142 -0.000800242 0.999950469 38.321063995
0.999946773 -0.003016446 -0.009863399 -0.240226611 0.003030897 0.999994338 0.001450674 -0.703935504 0.009858966 -0.001480491 0.999950230 39.530086517
0.999946058 -0.002685527 -0.010034435 -0.252636552 0.002704456 0.999994576 0.001873302 -0.717734516 0.010029350 -0.001900339 0.999947786 40.736724854
0.999950767 -0.001878729 -0.009737272 -0.276198179 0.001896880 0.999996483 0.001855220 -0.741692424 0.009733750 -0.001873599 0.999950826 41.933372498
0.999954820 -0.001077143 -0.009440639 -0.295552552 0.001093533 0.999997914 0.001731174 -0.758623302 0.009438755 -0.001741419 0.999953985 43.098388672
0.999957442 0.001389101 -0.009117633 -0.312651038 -0.001355450 0.999992251 0.003695909 -0.776218712 0.009122698 -0.003683394 0.999951661 44.297435760
0.999970675 0.001911783 -0.007402478 -0.329227924 -0.001861150 0.999974847 0.006840837 -0.795112550 0.007415370 -0.006826860 0.999949157 45.498020172
0.999980450 0.002161094 -0.005847357 -0.343498915 -0.002105496 0.999952674 0.009497690 -0.804488659 0.005867605 -0.009485194 0.999937773 46.698497772
0.999987721 0.002404499 -0.004312802 -0.349440694 -0.002348825 0.999914408 0.012868085 -0.815937161 0.004343373 -0.012857797 0.999907911 47.891803741
0.999995530 0.001983206 -0.002247481 -0.377825230 -0.001951046 0.999896884 0.014222533 -0.824818969 0.002275457 -0.014218085 0.999896348 49.082485199
1.000000000 0.000100692 -0.000395682 -0.386135966 -0.000095579 0.999916673 0.012902711 -0.829945445 0.000396949 -0.012902671 0.999916732 50.298442841
0.999999046 0.001159548 0.000738538 -0.390899658 -0.001167710 0.999937117 0.011148619 -0.835485160 -0.000725564 -0.011149472 0.999937534 51.495826721
0.999998033 0.001388150 0.001483586 -0.395831645 -0.001403891 0.999942183 0.010662583 -0.840101421 -0.001468699 -0.010664642 0.999942064 52.706615448
0.999998331 0.000989506 0.001560149 -0.402870029 -0.001005052 0.999949515 0.009995202 -0.846322536 -0.001550180 -0.009996752 0.999948800 53.901576996
0.999999344 0.000158690 0.001106887 -0.408088326 -0.000168934 0.999957025 0.009260352 -0.862130344 -0.001105370 -0.009260532 0.999956489 55.117424011
0.999999285 0.000493261 -0.001058306 -0.408735782 -0.000482799 0.999951184 0.009863274 -0.869248152 0.001063119 -0.009862757 0.999950826 56.330543518
0.999998093 -0.000138437 -0.001945541 -0.419583499 0.000159782 0.999939740 0.010975240 -0.880893588 0.001943904 -0.010975529 0.999937832 57.532314301
0.999996066 -0.000623787 -0.002738551 -0.430217445 0.000653981 0.999938846 0.011038555 -0.886634529 0.002731498 -0.011040300 0.999935269 58.738792419
0.999991059 0.000711988 -0.004167673 -0.432676524 -0.000665458 0.999937594 0.011155295 -0.899074733 0.004175356 -0.011152420 0.999929070 59.944229126
0.999988854 0.000962006 -0.004620459 -0.444601715 -0.000911333 0.999939561 0.010956649 -0.904659212 0.004630720 -0.010952313 0.999929309 61.145023346
0.999988735 -0.000102671 -0.004737804 -0.455253094 0.000153275 0.999942899 0.010681909 -0.920068681 0.004736436 -0.010682515 0.999931693 62.339527130
0.999987364 -0.001081219 -0.004898529 -0.465464324 0.001127685 0.999954283 0.009493004 -0.926838160 0.004888041 -0.009498407 0.999942899 63.548294067
0.999983549 -0.001741453 -0.005467630 -0.470452040 0.001802693 0.999935508 0.011215667 -0.941698015 0.005447746 -0.011225335 0.999922156 64.741371155
0.999985874 -0.001444874 -0.005120791 -0.491196096 0.001509118 0.999919951 0.012564317 -0.943157256 0.005102227 -0.012571865 0.999907911 65.937118530
0.999981940 -0.001520407 -0.005816818 -0.501934052 0.001586558 0.999933898 0.011384731 -0.965567410 0.005799124 -0.011393754 0.999918282 67.135780334
0.999985278 0.000293110 -0.005417261 -0.521921217 -0.000237739 0.999947786 0.010219204 -0.972353816 0.005419974 -0.010217767 0.999933124 68.334442139
0.999983191 0.002054908 -0.005407824 -0.537243187 -0.001997931 0.999942660 0.010520417 -0.979834795 0.005429132 -0.010509439 0.999930024 69.529060364
0.999976993 0.004509863 -0.005051261 -0.554662883 -0.004456212 0.999934077 0.010582782 -0.986031353 0.005098655 -0.010560031 0.999931216 70.717277527
0.999970376 0.005930752 -0.004907489 -0.569224060 -0.005877550 0.999924481 0.010785348 -0.991551220 0.004971084 -0.010756183 0.999929786 71.921134949
0.999971688 0.006394724 -0.003970529 -0.580572248 -0.006348734 0.999913871 0.011489314 -0.997283340 0.004043658 -0.011463781 0.999926150 73.115005493
0.999964952 0.008092443 -0.002157607 -0.588818789 -0.008065651 0.999893606 0.012150315 -1.003874302 0.002255704 -0.012132486 0.999923825 74.312049866
0.999971986 0.007426891 0.000821657 -0.593210220 -0.007435031 0.999918342 0.010391492 -1.016146183 -0.000744414 -0.010397310 0.999945700 75.497413635
0.999984562 0.004740247 0.002907087 -0.589374423 -0.004754725 0.999976218 0.004994180 -1.023199558 -0.002883344 -0.005007925 0.999983311 76.671455383
0.999962926 0.006530950 0.005618088 -0.584478259 -0.006557364 0.999967456 0.004695922 -1.035963535 -0.005587236 -0.004732586 0.999973178 77.858497620
0.999956429 0.005020060 0.007878792 -0.575625062 -0.005086653 0.999951363 0.008454992 -1.052483797 -0.007835965 -0.008494700 0.999933183 79.040809631
0.999919295 0.005105853 0.011635626 -0.571549773 -0.005218975 0.999939203 0.009712496 -1.064360380 -0.011585328 -0.009772439 0.999885142 80.220657349
0.999862075 0.005406384 0.015705450 -0.560178936 -0.005532400 0.999952734 0.007991400 -1.074528217 -0.015661500 -0.008077185 0.999844790 81.389953613
0.999804676 0.004229145 0.019300532 -0.541557372 -0.004325093 0.999978483 0.004932296 -1.088765144 -0.019279260 -0.005014809 0.999801576 82.564430237
0.999735832 0.002662544 0.022829937 -0.519403577 -0.002699840 0.999995053 0.001602973 -1.106199384 -0.022825558 -0.001664187 0.999738038 83.726440430
0.999647915 0.002483514 0.026415799 -0.494093478 -0.002499973 0.999996722 0.000590063 -1.122963071 -0.026414245 -0.000655894 0.999650836 84.878959656
0.999553978 0.002174564 0.029784132 -0.461243898 -0.002249108 0.999994457 0.002469528 -1.145813107 -0.029778598 -0.002535415 0.999553323 86.053642273
0.999417961 0.003400252 0.033946298 -0.435611933 -0.003509719 0.999988854 0.003165668 -1.170110583 -0.033935156 -0.003282967 0.999418616 87.221107483
0.999303281 0.002726611 0.037221644 -0.390029937 -0.002755597 0.999996066 0.000727496 -1.185878277 -0.037219506 -0.000829557 0.999306679 88.374816895
0.999173284 0.002526020 0.040574171 -0.348889172 -0.002469883 0.999995947 -0.001433645 -1.206994891 -0.040577631 0.001332245 0.999175429 89.519882202
0.999041378 0.002749113 0.043689545 -0.302180827 -0.002663943 0.999994397 -0.002007536 -1.222437263 -0.043694813 0.001889225 0.999043167 90.691383362
0.998915970 0.001464526 0.046525639 -0.249895081 -0.001424131 0.999998569 -0.000901366 -1.243068933 -0.046526898 0.000834130 0.998916626 91.842323303
0.998771250 0.000984832 0.049547262 -0.206890136 -0.001025614 0.999999166 0.000797681 -1.264803648 -0.049546439 -0.000847518 0.998771429 93.000534058
0.998636663 0.000208100 0.052198455 -0.148901999 -0.000339632 0.999996841 0.002510976 -1.282045722 -0.052197773 -0.002525281 0.998633504 94.157135010
0.998521745 -0.001452289 0.054333963 -0.080569655 0.001272745 0.999993622 0.003338915 -1.296482682 -0.054338466 -0.003264826 0.998517215 95.318954468
0.998376071 -0.002517234 0.056909785 -0.028751811 0.002452262 0.999996305 0.001211463 -1.315399051 -0.056912631 -0.001069937 0.998378575 96.464828491
0.998272002 -0.003760590 0.058641382 0.047459118 0.003910868 0.999989390 -0.002448090 -1.333885789 -0.058631558 0.002673199 0.998276055 97.619270325
0.998129964 -0.002972642 0.061054163 0.110363670 0.003290327 0.999981582 -0.005103446 -1.355033875 -0.061037868 0.005294792 0.998121440 98.788932800
0.998033762 -0.003054662 0.062603571 0.181948051 0.003459811 0.999973774 -0.006364271 -1.372785330 -0.062582493 0.006568355 0.998018265 99.963485718
0.997988045 -0.002719947 0.063342594 0.241754413 0.003070736 0.999980509 -0.005441297 -1.400042295 -0.063326553 0.005624858 0.997976959 101.145469666
0.998052418 -0.002641866 0.062324662 0.319599271 0.002890711 0.999988198 -0.003902913 -1.417902470 -0.062313620 0.004075475 0.998048365 102.343521118
0.998117149 -0.003294995 0.061247800 0.382791728 0.003428644 0.999991894 -0.002077142 -1.448690057 -0.061240457 0.002283228 0.998120427 103.521476746
0.998248041 -0.002592146 0.059110049 0.450486451 0.002674749 0.999995530 -0.001318377 -1.461357594 -0.059106369 0.001474172 0.998250604 104.698715210
0.998390436 -0.002668167 0.056651648 0.514251471 0.002718031 0.999996006 -0.000803144 -1.486875057 -0.056649279 0.000955832 0.998393655 105.912803650
0.998554528 -0.001822441 0.053717334 0.570099056 0.001871402 0.999997854 -0.000861200 -1.504006267 -0.053715643 0.000960482 0.998555779 107.125930786
0.998748124 -0.000812798 0.050014451 0.625193894 0.000877556 0.999998689 -0.001272843 -1.526859045 -0.050013352 0.001315140 0.998747587 108.330757141
0.998952746 -0.000441710 0.045751952 0.683683872 0.000492517 0.999999285 -0.001099217 -1.537926674 -0.045751438 0.001120599 0.998952210 109.544029236
0.999115169 0.000033401 0.042057484 0.718608379 -0.000039238 0.999999940 0.000137977 -1.565884829 -0.042057477 -0.000139505 0.999115169 110.756538391
0.999303758 0.000359088 0.037308346 0.761093199 -0.000406584 0.999999046 0.001265493 -1.590099216 -0.037307858 -0.001279782 0.999302983 111.971496582
0.999450862 0.000263964 0.033132605 0.795800686 -0.000315371 0.999998748 0.001546343 -1.607623696 -0.033132154 -0.001555943 0.999449730 113.181030273
0.999603987 0.001351530 0.028107731 0.820331573 -0.001397480 0.999997735 0.001615188 -1.619020939 -0.028105482 -0.001653828 0.999603629 114.383621216
0.999723673 0.001352262 0.023468928 0.840086460 -0.001388915 0.999997854 0.001545553 -1.640848398 -0.023466788 -0.001577722 0.999723315 115.629096985
0.999819279 0.001806594 0.018923709 0.849570692 -0.001829166 0.999997616 0.001175585 -1.652953863 -0.018921537 -0.001209987 0.999820232 116.858955383
0.999902427 0.002858429 0.013671759 0.872446716 -0.002866935 0.999995708 0.000602606 -1.676171899 -0.013669977 -0.000641743 0.999906361 118.073722839
0.999935925 0.004790240 0.010249431 0.876777947 -0.004798018 0.999988198 0.000734398 -1.695547819 -0.010245792 -0.000783527 0.999947250 119.308021545
0.999945939 0.006577072 0.008046108 0.877214968 -0.006582543 0.999978065 0.000653744 -1.712340951 -0.008041632 -0.000706673 0.999967456 120.541084290
0.999940038 0.008153921 0.007313672 0.871890903 -0.008158701 0.999966502 0.000624122 -1.742445588 -0.007308338 -0.000683755 0.999973059 121.770416260
0.999926448 0.010241270 0.006485786 0.870690823 -0.010247238 0.999947071 0.000887651 -1.756976724 -0.006476352 -0.000954048 0.999978602 122.999786377
0.999919832 0.011392613 0.005521934 0.865105927 -0.011400819 0.999933898 0.001456941 -1.772112012 -0.005504970 -0.001519779 0.999983728 124.235504150
0.999924421 0.011228084 0.005003009 0.863872468 -0.011236832 0.999935389 0.001723803 -1.785922050 -0.004983330 -0.001779891 0.999985993 125.482757568
0.999877870 0.015043394 0.004232394 0.856228709 -0.015059353 0.999879539 0.003764478 -1.801820636 -0.004175253 -0.003827755 0.999984026 126.731002808
0.999865949 0.015962364 0.003631435 0.852332175 -0.015986983 0.999848723 0.006854340 -1.812582254 -0.003521474 -0.006911478 0.999969840 127.975120544
0.999885321 0.014860224 0.002900596 0.853252232 -0.014877446 0.999871254 0.006008876 -1.821724772 -0.002810930 -0.006051342 0.999977767 129.216949463
0.999890566 0.014642364 0.002101474 0.852911830 -0.014652330 0.999881089 0.004808291 -1.834372640 -0.002030819 -0.004838557 0.999986231 130.461624146
0.999925256 0.012082357 0.001894169 0.848080099 -0.012092973 0.999910772 0.005697167 -1.843957663 -0.001825164 -0.005719648 0.999981999 131.742782593
0.999953091 0.009621197 0.001188706 0.845024049 -0.009629826 0.999925673 0.007478863 -1.853482008 -0.001116662 -0.007489958 0.999971330 133.000457764
0.999975681 0.006659673 0.002088999 0.831724346 -0.006679504 0.999931335 0.009634046 -1.872418761 -0.002024695 -0.009647764 0.999951482 134.249191284
0.999987602 0.004945525 0.000626856 0.843698263 -0.004951762 0.999933839 0.010373073 -1.876656055 -0.000575514 -0.010376048 0.999945998 135.542266846
0.999998093 0.000751910 0.001849740 0.832408488 -0.000768398 0.999959707 0.008928370 -1.889536023 -0.001842953 -0.008929774 0.999958456 136.813934326
0.999998033 -0.001564037 0.001230180 0.836189032 0.001554619 0.999969721 0.007619974 -1.894430161 -0.001242061 -0.007618047 0.999970198 138.085037231
0.999994516 -0.003064664 0.001278636 0.833683789 0.003055552 0.999970376 0.007068924 -1.904215693 -0.001300261 -0.007064979 0.999974191 139.359451294
0.999994636 -0.002703191 0.001863897 0.830780268 0.002688954 0.999967515 0.007598642 -1.912991881 -0.001884377 -0.007593589 0.999969363 140.648208618
0.999994695 -0.002095603 0.002508835 0.824050486 0.002070697 0.999948978 0.009888954 -1.927873492 -0.002529430 -0.009883705 0.999947965 141.924407959
0.999995530 -0.000166874 0.002981225 0.825031579 0.000133456 0.999937177 0.011206240 -1.936404467 -0.002982907 -0.011205792 0.999932766 143.217727661
0.999992907 0.000045518 0.003765162 0.820982695 -0.000081125 0.999955237 0.009457326 -1.944336772 -0.003764563 -0.009457565 0.999948204 144.492431641
0.999992669 -0.000217210 0.003819036 0.823669314 0.000187880 0.999970496 0.007678511 -1.959298491 -0.003820591 -0.007677736 0.999963224 145.761657715
0.999990880 -0.000326613 0.004268181 0.824464381 0.000304107 0.999986053 0.005272579 -1.971457362 -0.004269844 -0.005271232 0.999976993 147.039825439
0.999985516 -0.000984557 0.005290807 0.816504419 0.000977602 0.999998689 0.001316998 -1.991867900 -0.005292097 -0.001311806 0.999985099 148.282867432
0.999984920 -0.001095390 0.005375896 0.822744489 0.001109105 0.999996066 -0.002548984 -2.013041735 -0.005373083 0.002554907 0.999982297 149.576095581
0.999983907 -0.001530311 0.005455082 0.824518800 0.001547828 0.999993622 -0.003208186 -2.039722443 -0.005450138 0.003216579 0.999980032 150.850570679
0.999983609 -0.001497178 0.005533527 0.827090323 0.001514512 0.999993980 -0.003129639 -2.065380096 -0.005528809 0.003137968 0.999979734 152.118301392
0.999983490 -0.000429687 0.005719859 0.819861948 0.000443208 0.999997020 -0.002362804 -2.096899271 -0.005718827 0.002365300 0.999980867 153.381393433
0.999985814 -0.000126839 0.005320839 0.826705694 0.000135087 0.999998748 -0.001549659 -2.114345789 -0.005320636 0.001550356 0.999984622 154.635604858
0.999986053 0.000567615 0.005245086 0.823183537 -0.000561879 0.999999225 -0.001095094 -2.137579441 -0.005245703 0.001092131 0.999985635 155.909545898
0.999991536 0.000034630 0.004112094 0.832951784 -0.000029107 0.999999046 -0.001343140 -2.163675547 -0.004112137 0.001343009 0.999990642 157.174270630
0.999994576 0.000357689 0.003269499 0.829320908 -0.000353610 0.999999166 -0.001247967 -2.183569908 -0.003269942 0.001246804 0.999993920 158.439834595
0.999995768 0.000046799 0.002911566 0.828321397 -0.000047074 1.000000000 0.000094441 -2.211153507 -0.002911562 -0.000094577 0.999995768 159.714599609
0.999994993 0.001010792 0.002986724 0.811538637 -0.001012762 0.999999285 0.000658167 -2.235432863 -0.002986056 -0.000661189 0.999995291 160.965667725
0.999997735 0.001305338 0.001691874 0.822770119 -0.001304377 0.999998987 -0.000569464 -2.257633209 -0.001692615 0.000567256 0.999998391 162.244094849
0.999997914 0.001591289 0.001302481 0.813567042 -0.001589099 0.999997318 -0.001680494 -2.282699585 -0.001305152 0.001678420 0.999997675 163.510177612
0.999995470 0.002951347 0.000641596 0.805920422 -0.002950381 0.999994516 -0.001500474 -2.311419249 -0.000646021 0.001498574 0.999998689 164.768066406
0.999996066 0.002765631 -0.000522650 0.802345455 -0.002766924 0.999993026 -0.002489806 -2.333429337 0.000515761 0.002491242 0.999996841 166.039901733
0.999995232 0.002983506 -0.000833660 0.790684760 -0.002986209 0.999990284 -0.003259228 -2.361190081 0.000823927 0.003261702 0.999994278 167.315078735
0.999993324 0.003263746 -0.001660117 0.784274697 -0.003269458 0.999988735 -0.003449783 -2.380694866 0.001648839 0.003455187 0.999992669 168.583633423
0.999991298 0.003637149 -0.002066651 0.770905495 -0.003640784 0.999991834 -0.001758222 -2.409413099 0.002060240 0.001765731 0.999996305 169.863784790
0.999990702 0.002913460 -0.003194437 0.769100189 -0.002917212 0.999995053 -0.001170391 -2.434514284 0.003191011 0.001179699 0.999994218 171.135208130
0.999987900 0.003643327 -0.003317430 0.746363819 -0.003647153 0.999992728 -0.001148146 -2.458051920 0.003313223 0.001160232 0.999993801 172.395965576
0.999983609 0.004154610 -0.003941968 0.729642510 -0.004158619 0.999990880 -0.001009257 -2.472885847 0.003937737 0.001025633 0.999991655 173.671249390
0.999980688 0.004462540 -0.004331163 0.717822909 -0.004471402 0.999987960 -0.002038729 -2.494707584 0.004322011 0.002058056 0.999988496 174.957153320
0.999975979 0.005465893 -0.004267497 0.687874556 -0.005476946 0.999981642 -0.002582636 -2.516685247 0.004253302 0.002605947 0.999987543 176.241317749
0.999970555 0.005797383 -0.005024472 0.680271924 -0.005807820 0.999980986 -0.002065351 -2.545743227 0.005012404 0.002094472 0.999985158 177.509490967
0.999966383 0.005749538 -0.005847451 0.674828768 -0.005768957 0.999977887 -0.003309588 -2.570232630 0.005828293 0.003343211 0.999977410 178.771804810
0.999976933 0.003351868 -0.005904254 0.656456649 -0.003380631 0.999982476 -0.004868479 -2.595192432 0.005887832 0.004888328 0.999970675 180.038269043
0.999982059 0.001505477 -0.005790063 0.652844608 -0.001533237 0.999987304 -0.004793024 -2.620593786 0.005782775 0.004801815 0.999971747 181.291687012
0.999972939 0.001592014 -0.007172842 0.649777532 -0.001600186 0.999998033 -0.001133805 -2.645436525 0.007171022 0.001145252 0.999973655 182.558380127
0.999981523 0.000736506 -0.006036497 0.625508666 -0.000716617 0.999994218 0.003296305 -2.670426130 0.006038892 -0.003291918 0.999976337 183.804748535
0.999976933 0.001904301 -0.006533723 0.615932465 -0.001887197 0.999994695 0.002623016 -2.688521862 0.006538684 -0.002610625 0.999975204 185.064895630
0.999977767 0.003096896 -0.005927423 0.594433546 -0.003100645 0.999995112 -0.000623440 -2.706470490 0.005925463 0.000641805 0.999982238 186.282989502
0.999976456 0.003417447 -0.005966082 0.579559445 -0.003432563 0.999991000 -0.002525267 -2.728970528 0.005957398 0.002545687 0.999978960 187.525695801
0.999973595 0.003560877 -0.006333335 0.563877046 -0.003574512 0.999991298 -0.002142936 -2.756805658 0.006325650 0.002165518 0.999977589 188.779266357
0.999975324 0.003998368 -0.005772912 0.543885827 -0.004008983 0.999990284 -0.001828401 -2.773845673 0.005765545 0.001851500 0.999981642 190.021820068
0.999977648 0.003635603 -0.005638923 0.531053424 -0.003628502 0.999992669 0.001269058 -2.806010008 0.005643495 -0.001248569 0.999983311 191.285140991
0.999984503 0.002387461 -0.005030536 0.519277930 -0.002375523 0.999994397 0.002377786 -2.832705975 0.005036183 -0.002365799 0.999984562 192.535064697
0.999988914 0.002873153 -0.003728299 0.510486782 -0.002867678 0.999994814 0.001472802 -2.849134207 0.003732512 -0.001462094 0.999991953 193.775177002
0.999996364 0.001566394 -0.002199548 0.499148071 -0.001566452 0.999998808 -0.000024838 -2.871290922 0.002199507 0.000028283 0.999997556 195.012680054
0.999997199 0.002154763 -0.000896336 0.494360834 -0.002156335 0.999996126 -0.001756891 -2.894596338 0.000892547 0.001758819 0.999997973 196.234008789
0.999999344 0.000849791 0.000752146 0.487481862 -0.000848225 0.999997497 -0.002079756 -2.920068502 -0.000753912 0.002079116 0.999997556 197.439056396
0.999997377 0.001367693 0.001870166 0.484071583 -0.001364610 0.999997675 -0.001648954 -2.946278572 -0.001872416 0.001646398 0.999996901 198.686111450
0.999995351 0.000959702 0.002910339 0.489184231 -0.000960466 0.999999523 0.000260858 -2.972455263 -0.002910087 -0.000263652 0.999995768 199.899978638
0.999988258 0.002120733 0.004359720 0.480930835 -0.002123304 0.999997556 0.000585220 -2.997838259 -0.004358470 -0.000594470 0.999990284 201.125625610
0.999982893 0.002309299 0.005381986 0.480311364 -0.002313426 0.999997020 0.000760701 -3.018162966 -0.005380215 -0.000773138 0.999985218 202.332611084
0.999977231 0.001889863 0.006494519 0.485031307 -0.001895109 0.999997795 0.000801598 -3.043748856 -0.006492991 -0.000813887 0.999978602 203.530059814
0.999969542 0.001546526 0.007656889 0.484121978 -0.001554967 0.999998152 0.001096657 -3.065372229 -0.007655180 -0.001108530 0.999970078 204.735153198
0.999959528 0.002222643 0.008721228 0.480862737 -0.002231432 0.999996901 0.000998140 -3.089190006 -0.008718984 -0.001017561 0.999961555 205.914367676
0.999950707 0.001806977 0.009756686 0.482558250 -0.001817973 0.999997854 0.001118340 -3.114568949 -0.009754644 -0.001136022 0.999951720 207.085678101
0.999950469 0.001078820 0.009893512 0.493492544 -0.001087744 0.999999046 0.000896630 -3.133472681 -0.009892535 -0.000907347 0.999950647 208.247970581
0.999941826 0.000939748 0.010746970 0.492017448 -0.000960656 0.999997616 0.001940543 -3.158001900 -0.010745121 -0.001950754 0.999940395 209.397674561
0.999944150 0.000412777 0.010563822 0.497170031 -0.000443758 0.999995589 0.002930600 -3.178457499 -0.010562566 -0.002935125 0.999939919 210.536331177
0.999950051 0.000128483 0.009995729 0.501981497 -0.000154655 0.999996543 0.002617663 -3.196968317 -0.009995358 -0.002619078 0.999946535 211.663330078
0.999952555 0.000871869 0.009701213 0.505469203 -0.000886163 0.999998510 0.001469123 -3.216277122 -0.009699917 -0.001477650 0.999951839 212.764526367
0.999957561 0.001158691 0.009141082 0.508522391 -0.001169153 0.999998689 0.001139170 -3.243739367 -0.009139749 -0.001149809 0.999957561 213.856033325
0.999963939 0.000886711 0.008452763 0.514937520 -0.000893757 0.999999225 0.000829806 -3.262431145 -0.008452021 -0.000837331 0.999963880 214.921798706
0.999973536 0.000860224 0.007222510 0.514637470 -0.000866142 0.999999344 0.000816319 -3.286914587 -0.007221802 -0.000822553 0.999973595 215.994171143
0.999982059 0.000471820 0.005976050 0.514599860 -0.000482053 0.999998510 0.001711021 -3.308628321 -0.005975232 -0.001713871 0.999980688 217.052795410
0.999991953 -0.000504827 0.003978549 0.509405553 0.000492220 0.999994814 0.003168976 -3.323570490 -0.003980128 -0.003166992 0.999987066 218.092391968
0.999998391 -0.000448817 0.001793968 0.506004095 0.000440022 0.999987900 0.004899802 -3.342595577 -0.001796146 -0.004899004 0.999986410 219.119033813
0.999999404 -0.000497171 -0.000957023 0.505639732 0.000502296 0.999985456 0.005362454 -3.365428925 0.000954343 -0.005362932 0.999985158 220.117736816
0.999995887 0.000038431 -0.002868451 0.484074920 -0.000024639 0.999988437 0.004808046 -3.380429745 0.002868602 -0.004807956 0.999984324 221.105224609
0.999982774 0.000504162 -0.005851779 0.478624761 -0.000478023 0.999989927 0.004467399 -3.395709276 0.005853974 -0.004464525 0.999972880 222.089721680
0.999959350 0.000435511 -0.009021205 0.467890322 -0.000388222 0.999986172 0.005243046 -3.415154219 0.009023366 -0.005239330 0.999945581 223.036148071
0.999925673 0.000784219 -0.012167248 0.452397197 -0.000723148 0.999987185 0.005022855 -3.435228348 0.012171030 -0.005013684 0.999913335 223.970108032
0.999886751 0.000409213 -0.015049607 0.433233589 -0.000336257 0.999988317 0.004849904 -3.455834389 0.015051414 -0.004844294 0.999874949 224.874404907
0.999836028 0.000933633 -0.018084271 0.412120312 -0.000872577 0.999993861 0.003383807 -3.460860729 0.018087322 -0.003367472 0.999830663 225.748489380
0.999779224 0.001725290 -0.020939402 0.382581443 -0.001649502 0.999992013 0.003636132 -3.484072685 0.020945510 -0.003600789 0.999774098 226.606155396
0.999691606 0.002185852 -0.024734879 0.364297539 -0.002128005 0.999994934 0.002364752 -3.494897366 0.024739925 -0.002311388 0.999691248 227.436614990
0.999631166 0.004073512 -0.026849013 0.330348790 -0.004007209 0.999988794 0.002522804 -3.515788555 0.026858991 -0.002414284 0.999636292 228.263031006
0.999625325 0.004951623 -0.026918041 0.297519594 -0.004873827 0.999983728 0.002954976 -3.527047157 0.026932232 -0.002822675 0.999633312 229.064666748
0.999629676 0.004502107 -0.026835114 0.273957372 -0.004392129 0.999981642 0.004155833 -3.543493509 0.026853334 -0.004036432 0.999631226 229.845046997
0.999628186 0.004586990 -0.026873272 0.253915042 -0.004460001 0.999978602 0.004783460 -3.557719707 0.026894636 -0.004661827 0.999627411 230.607635498
0.999649644 0.004428938 -0.026100162 0.228913620 -0.004321345 0.999981880 0.004177328 -3.570522070 0.026118195 -0.004063074 0.999650538 231.358886719
0.999660790 0.005140109 -0.025534447 0.204940081 -0.005079276 0.999984026 0.002446706 -3.586581707 0.025546618 -0.002316179 0.999670923 232.092605591
0.999682188 0.005266042 -0.024654834 0.185374603 -0.005259705 0.999986112 0.000321885 -3.598233700 0.024656188 -0.000192104 0.999695957 232.823471069
0.999703348 0.004925806 -0.023854716 0.167528987 -0.004955310 0.999987006 -0.001177856 -3.613657236 0.023848604 0.001295715 0.999714673 233.552291870
0.999735534 0.005603808 -0.022302659 0.146382228 -0.005637037 0.999983072 -0.001427336 -3.631335497 0.022294290 0.001552679 0.999750197 234.296630859
0.999770939 0.004923706 -0.020825677 0.134388283 -0.004960001 0.999986291 -0.001691453 -3.644642591 0.020817067 0.001794361 0.999781668 235.017639160
0.999810517 0.004941311 -0.018826276 0.114113256 -0.004971591 0.999986351 -0.001561877 -3.664250851 0.018818308 0.001655177 0.999821544 235.723434448
0.999843061 0.004833931 -0.017038926 0.099431053 -0.004862798 0.999986768 -0.001653140 -3.679756165 0.017030712 0.001735738 0.999853432 236.449569702
0.999871254 0.004628747 -0.015366014 0.093295880 -0.004664075 0.999986529 -0.002264004 -3.691660166 0.015355331 0.002335381 0.999879360 237.152694702
0.999913573 0.004580828 -0.012323184 0.075898148 -0.004597296 0.999988556 -0.001308302 -3.711635351 0.012317048 0.001364843 0.999923229 237.865570068
0.999950349 0.003365440 -0.009377522 0.077427782 -0.003371909 0.999994040 -0.000674098 -3.726063967 0.009375200 0.000705685 0.999955833 238.575027466
0.999978483 0.002821465 -0.005919700 0.063990980 -0.002824581 0.999995828 -0.000517913 -3.738250494 0.005918215 0.000534622 0.999982297 239.267333984
0.999992311 0.002420594 -0.003089630 0.062740996 -0.002422411 0.999996901 -0.000584370 -3.752382517 0.003088206 0.000591850 0.999994993 239.963272095
0.999997437 0.002238580 0.000313720 0.058443353 -0.002238421 0.999997437 -0.000502858 -3.768829346 -0.000314844 0.000502155 0.999999762 240.647949219
0.999992847 0.001948596 0.003233140 0.059359983 -0.001945869 0.999997735 -0.000846283 -3.784142494 -0.003234783 0.000839986 0.999994338 241.349609375
0.999977589 0.002908297 0.006023423 0.063612588 -0.002895701 0.999993563 -0.002098900 -3.793473721 -0.006029489 0.002081412 0.999979615 242.040344238
0.999953985 0.003150766 0.009062441 0.067147911 -0.003126299 0.999991417 -0.002712847 -3.804436445 -0.009070912 0.002684390 0.999955177 242.737060547
0.999920845 0.003505267 0.012080701 0.072939947 -0.003488432 0.999992907 -0.001414314 -3.823234081 -0.012085572 0.001372060 0.999926031 243.436447144
0.999892652 0.003578494 0.014205522 0.083725296 -0.003570144 0.999993384 -0.000613066 -3.836750984 -0.014207622 0.000562285 0.999898911 244.139602661
0.999852598 0.003393161 0.016826231 0.089735545 -0.003372574 0.999993503 -0.001251687 -3.847677708 -0.016830370 0.001194755 0.999857605 244.842300415
0.999809384 0.003030297 0.019287985 0.098284699 -0.002979117 0.999992073 -0.002681613 -3.861617804 -0.019295959 0.002623640 0.999810398 245.550292969
0.999769509 0.003292005 0.021215124 0.109050766 -0.003185925 0.999982297 -0.005032070 -3.874192715 -0.021231310 0.004963320 0.999762297 246.258346558
0.999758184 0.001958708 0.021902746 0.126131237 -0.001813064 0.999976158 -0.006667461 -3.886789799 -0.021915283 0.006626138 0.999737918 246.975219727
0.999755442 0.001319284 0.022076927 0.142889887 -0.001165969 0.999975264 -0.006956026 -3.904703379 -0.022085559 0.006928584 0.999732018 247.698822021
0.999754131 0.000333665 0.022170965 0.156576395 -0.000164915 0.999970913 -0.007612704 -3.920871735 -0.022172863 0.007607175 0.999725163 248.424758911
0.999746382 0.002235101 0.022408513 0.168674916 -0.002054897 0.999965370 -0.008061550 -3.936410904 -0.022425758 0.008013457 0.999716401 249.160583496
0.999738872 0.002413844 0.022722261 0.181528240 -0.002222887 0.999961972 -0.008425483 -3.953094244 -0.022741735 0.008372772 0.999706328 249.898773193
0.999736786 0.001538031 0.022893786 0.196726054 -0.001298395 0.999944150 -0.010478490 -3.969183922 -0.022908624 0.010446005 0.999682963 250.653244019
0.999723852 -0.002107642 0.023404526 0.213550657 0.002402273 0.999918163 -0.012567664 -3.988863468 -0.023376120 0.012620418 0.999647021 251.399871826
0.999696434 -0.005227777 0.024079096 0.233568370 0.005551888 0.999894559 -0.013413166 -4.004697323 -0.024006439 0.013542777 0.999620080 252.162780762
0.999693453 -0.002638557 0.024618041 0.249094784 0.002876868 0.999949276 -0.009649951 -4.020458698 -0.024591330 0.009717816 0.999650359 252.939483643
0.999677539 0.001066050 0.025372446 0.255339265 -0.000977487 0.999993443 -0.003502679 -4.034383774 -0.025376011 0.003476748 0.999671936 253.711822510
0.999652743 0.000404616 0.026350591 0.270857185 -0.000407225 0.999999940 0.000093643 -4.053030014 -0.026350550 -0.000104341 0.999652803 254.499816895
0.999586999 -0.000749003 0.028729506 0.293944985 0.000812555 0.999997318 -0.002200467 -4.064445972 -0.028727775 0.002222902 0.999584854 255.295318604
0.999480009 -0.000234376 0.032243811 0.324123710 0.000503361 0.999965191 -0.008334367 -4.077835083 -0.032240734 0.008346263 0.999445260 256.090270996
0.999342382 0.001921293 0.036210824 0.342126518 -0.001488577 0.999927223 -0.011973078 -4.090945721 -0.036231194 0.011911302 0.999272466 256.893676758
0.999224663 0.003892859 0.039178703 0.370740354 -0.003437273 0.999925733 -0.011689076 -4.109608173 -0.039221302 0.011545344 0.999163866 257.707733154
0.999110758 0.002283487 0.042099040 0.415100425 -0.001881369 0.999952197 -0.009588854 -4.127946377 -0.042118922 0.009501127 0.999067426 258.550018311
0.998984098 -0.000801333 0.045057151 0.456652671 0.001082032 0.999980152 -0.006205789 -4.148186207 -0.045051284 0.006248239 0.998965085 259.383697510
0.998848915 -0.003665979 0.047826748 0.496074915 0.003893818 0.999981523 -0.004671528 -4.167023182 -0.047808737 0.004852381 0.998844743 260.219207764
0.998695433 -0.002847088 0.050983321 0.537722528 0.003068531 0.999986231 -0.004265683 -4.183166981 -0.050970472 0.004416562 0.998690367 261.071929932
0.998563468 -0.000325073 0.053580403 0.577890038 0.000661291 0.999980271 -0.006257395 -4.199397564 -0.053577308 0.006283839 0.998543918 261.913574219
0.998431861 0.000233666 0.055979609 0.618275166 0.000250431 0.999962687 -0.008640571 -4.218310356 -0.055979539 0.008641042 0.998394549 262.751373291
0.998273015 0.000277719 0.058743849 0.653302372 0.000233470 0.999962211 -0.008694962 -4.239673138 -0.058744036 0.008693662 0.998235166 263.586578369
0.998108923 0.001103028 0.061460368 0.702270448 -0.000690172 0.999977171 -0.006738264 -4.259238243 -0.061466385 0.006683103 0.998086810 264.426727295
0.997903049 0.002724099 0.064668901 0.749316394 -0.002399158 0.999984086 -0.005101821 -4.279033184 -0.064681768 0.004935972 0.997893751 265.272521973
0.997718751 0.002930038 0.067443468 0.809420526 -0.002585430 0.999983191 -0.005196298 -4.299218178 -0.067457564 0.005010074 0.997709572 266.136962891
0.997519433 0.003232419 0.070317365 0.860807478 -0.002840623 0.999979913 -0.005671113 -4.316514015 -0.070334285 0.005457301 0.997508526 266.981658936
0.997372508 0.001031430 0.072434783 0.927733421 -0.000593089 0.999981463 -0.006072758 -4.334406376 -0.072439708 0.006013842 0.997354627 267.818420410
0.997239172 -0.002651452 0.074209258 0.996733725 0.003052861 0.999981344 -0.005296235 -4.355258942 -0.074193843 0.005508163 0.997228563 268.671020508
0.997175992 -0.003265961 0.075029239 1.060706615 0.003692953 0.999977767 -0.005552991 -4.372203827 -0.075009450 0.005814389 0.997165799 269.519866943
0.997158587 -0.004014291 0.075224973 1.123780966 0.004416001 0.999976814 -0.005174544 -4.395125389 -0.075202480 0.005492033 0.997153163 270.367004395
0.997142792 -0.003746983 0.075446874 1.195266962 0.004172621 0.999976218 -0.005484721 -4.409316540 -0.075424515 0.005783861 0.997134745 271.240844727
0.997143209 -0.003455752 0.075454839 1.253046751 0.003836812 0.999980569 -0.004905817 -4.427618027 -0.075436406 0.005181308 0.997137129 272.103729248
0.997194469 -0.002947318 0.074797191 1.312351108 0.003303062 0.999983788 -0.004632858 -4.443418980 -0.074782312 0.004866919 0.997188032 272.953063965
0.997300148 -0.003908064 0.073328957 1.379923582 0.004270248 0.999979436 -0.004783028 -4.474368572 -0.073308758 0.005083247 0.997296333 273.812866211
0.997412741 -0.003965526 0.071777955 1.437483907 0.004365486 0.999975860 -0.005416166 -4.495249271 -0.071754746 0.005715499 0.997405887 274.664276123
0.997518837 -0.002730155 0.070346177 1.495092869 0.003197093 0.999973595 -0.006525972 -4.507706642 -0.070326492 0.006734685 0.997501194 275.527770996
0.997625709 -0.001641443 0.068849146 1.548117995 0.002123577 0.999973655 -0.006930159 -4.526745796 -0.068835959 0.007059911 0.997602999 276.379425049
0.997761488 -0.000488265 0.066871442 1.600690842 0.000964413 0.999974370 -0.007088251 -4.550870895 -0.066866279 0.007136877 0.997736335 277.225616455
0.997916877 0.000046435 0.064511821 1.652754545 0.000354650 0.999980688 -0.006205772 -4.570266724 -0.064510860 0.006215723 0.997897565 278.073547363
0.998094320 -0.000622730 0.061703421 1.700515509 0.000924988 0.999987721 -0.004870126 -4.591875553 -0.061699625 0.004917919 0.998082578 278.939361572
0.998357713 -0.001710338 0.057262417 1.744057298 0.001866292 0.999994636 -0.002670136 -4.608979702 -0.057257552 0.002772619 0.998355508 279.775268555
0.998619080 -0.003055563 0.052446347 1.784009218 0.003108890 0.999994695 -0.000935227 -4.629974365 -0.052443214 0.001096987 0.998623252 280.621215820
0.998852730 -0.004169738 0.047705546 1.824589133 0.004145655 0.999991179 0.000603758 -4.649311543 -0.047707651 -0.000405295 0.998861313 281.473510742
0.999071121 -0.003918579 0.042913478 1.853410602 0.003883483 0.999992013 0.000901191 -4.658687592 -0.042916667 -0.000733701 0.999078512 282.294342041
0.999252379 -0.005286307 0.038297426 1.887027860 0.005215889 0.999984562 0.001938406 -4.682044506 -0.038307082 -0.001737201 0.999264479 283.120605469
0.999417484 -0.005813308 0.033629969 1.907199383 0.005755828 0.999981761 0.001805762 -4.693621635 -0.033639859 -0.001611142 0.999432683 283.920166016
0.999532461 -0.006478686 0.029878527 1.922278166 0.006433562 0.999978006 0.001606160 -4.710483074 -0.029888276 -0.001413184 0.999552190 284.714294434
0.999646366 -0.006240782 0.025848078 1.941306114 0.006209485 0.999979913 0.001290843 -4.723601818 -0.025855614 -0.001129883 0.999664962 285.489257812
0.999740064 -0.005882428 0.022027813 1.952742338 0.005859070 0.999982238 0.001124801 -4.736239433 -0.022034036 -0.000995446 0.999756753 286.236480713
