1.000000000 0.000000000 0.000000000 0.000000000 0.000000000 1.000000000 0.000000000 0.000000000 0.000000000 0.000000000 1.000000000 0.000000000
0.999995828 0.002872323 0.000190822 -0.007239832 -0.002872589 0.999994874 0.001406171 -0.013862796 -0.000186782 -0.001406713 0.999998987 0.770692408
0.999984145 0.005603781 0.000565556 -0.011558330 -0.005604846 0.999982476 0.001897995 -0.029765951 -0.000554910 -0.001901135 0.999998033 1.537632108
0.999976575 0.006756830 0.001209104 -0.025464024 -0.006758961 0.999975622 0.001766474 -0.048428226 -0.001197139 -0.001774604 0.999997735 2.265459776
0.999960005 0.008883347 0.001119781 -0.026358008 -0.008884768 0.999959767 0.001270428 -0.059325013 -0.001108450 -0.001280326 0.999998629 2.997116327
0.999958396 0.008897983 0.001973500 -0.044046946 -0.008900527 0.999959528 0.001283088 -0.077131666 -0.001962003 -0.001300600 0.999997199 3.695004463
0.999956667 0.009135158 0.001768057 -0.033716798 -0.009138994 0.999955893 0.002173345 -0.089004695 -0.001748125 -0.002189409 0.999996126 4.397621632
0.999945045 0.010098579 0.002794322 -0.048282489 -0.010112608 0.999936163 0.005052270 -0.102288529 -0.002743122 -0.005080251 0.999983370 5.063550949
0.999943793 0.009798276 0.004041589 -0.044835672 -0.009833254 0.999913514 0.008727646 -0.107613511 -0.003955724 -0.008766897 0.999953747 5.741843224
0.999943316 0.009060193 0.005586725 -0.042280227 -0.009129262 0.999880731 0.012464460 -0.122840837 -0.005473128 -0.012514756 0.999906719 6.362581253
0.999945283 0.008154586 0.006542922 -0.039896674 -0.008251266 0.999855101 0.014888142 -0.131833613 -0.006420568 -0.014941315 0.999867737 6.971329689
0.999934912 0.008622323 0.007475910 -0.027475800 -0.008731242 0.999854326 0.014661139 -0.139611721 -0.007348409 -0.014725456 0.999864578 7.561782360
0.999921679 0.009301602 0.008375823 -0.022548724 -0.009403464 0.999881327 0.012205424 -0.149968982 -0.008261300 -0.012283226 0.999890506 8.111225128
0.999906898 0.009477297 0.009823197 -0.035099640 -0.009567205 0.999912381 0.009146521 -0.152839109 -0.009735653 -0.009239648 0.999909997 8.640695572
0.999908090 0.007599888 0.011229928 -0.018251689 -0.007689218 0.999938965 0.007932933 -0.169847861 -0.011168954 -0.008018553 0.999905407 9.145051003
0.999911189 0.003842677 0.012766979 -0.005526591 -0.003911208 0.999978006 0.005347240 -0.170621485 -0.012746152 -0.005396700 0.999904156 9.617321014
0.999888957 0.002099789 0.014754809 0.002040699 -0.002159912 0.999989390 0.004060023 -0.177336603 -0.014746130 -0.004091441 0.999882817 10.065329552
0.999844253 0.006198108 0.016525961 0.008695587 -0.006240200 0.999977410 0.002496678 -0.196311325 -0.016510114 -0.002599415 0.999860287 10.474216461
0.999743760 0.010892345 0.019846650 0.007687583 -0.010936046 0.999938071 0.002094738 -0.209829524 -0.019822603 -0.002311246 0.999800801 10.858530998
0.999676049 0.010825151 0.023033777 0.019411517 -0.010897108 0.999936104 0.003000876 -0.213411927 -0.022999819 -0.003250905 0.999730110 11.218215942
0.999623954 0.006965586 0.026520992 0.029309379 -0.007057811 0.999969244 0.003385430 -0.216472715 -0.026496598 -0.003571336 0.999642551 11.541381836
0.999584615 0.001966691 0.028753126 0.051069617 -0.002052051 0.999993563 0.002939516 -0.217094809 -0.028747160 -0.002997298 0.999582171 11.832281113
0.999513447 -0.001526430 0.031150881 0.068663001 0.001389704 0.999989271 0.004410352 -0.223478809 -0.031157278 -0.004364915 0.999504864 12.100282669
0.999420881 -0.001791088 0.033979245 0.072393745 0.001616634 0.999985337 0.005160922 -0.225515291 -0.033987988 -0.005103002 0.999409199 12.318467140
0.999354720 -0.001231175 0.035896778 0.085134782 0.001071466 0.999989450 0.004468035 -0.232335776 -0.035901900 -0.004426689 0.999345481 12.536005020
0.999279380 0.000344148 0.037956972 0.090379097 -0.000455848 0.999995530 0.002934224 -0.237606391 -0.037955794 -0.002949412 0.999275029 12.718655586
0.999167264 0.002373826 0.040732265 0.092774525 -0.002470917 0.999994159 0.002333501 -0.245518982 -0.040726494 -0.002432203 0.999167383 12.878132820
0.999078333 0.005100433 0.042620517 0.086154915 -0.005173766 0.999985278 0.001610459 -0.251584381 -0.042611677 -0.001829483 0.999090016 13.054521561
0.999014974 0.006928001 0.043829586 0.103278130 -0.006944524 0.999975801 0.000224743 -0.257272065 -0.043826967 -0.000528897 0.999038935 13.210617065
0.998952389 0.004878588 0.045501351 0.113393687 -0.004836096 0.999987781 -0.001043902 -0.268975526 -0.045505885 0.000822759 0.998963714 13.349413872
0.998886585 0.003838075 0.047020756 0.124958321 -0.003729536 0.999990106 -0.002395826 -0.272112846 -0.047029488 0.002217793 0.998891056 13.496741295
0.998828948 0.002932836 0.048291821 0.132057756 -0.002766977 0.999989986 -0.003501006 -0.273348272 -0.048301604 0.003363284 0.998827100 13.634139061
0.998762786 0.003604148 0.049598467 0.141670883 -0.003360630 0.999981880 -0.004992317 -0.274769992 -0.049615562 0.004819458 0.998756766 13.768474579
0.998682141 0.004552488 0.051121835 0.143635347 -0.004202378 0.999967039 -0.006953925 -0.280967563 -0.051151805 0.006729927 0.998668194 13.891082764
0.998635352 0.004869586 0.051998373 0.152676269 -0.004385067 0.999945998 -0.009428013 -0.281155556 -0.052041475 0.009187129 0.998602629 14.016540527
0.998615324 0.003936291 0.052459508 0.164792866 -0.003336098 0.999928057 -0.011523740 -0.285604864 -0.052501094 0.011332775 0.998556554 14.142662048
0.998650730 0.003170461 0.051833145 0.174734995 -0.002473376 0.999905765 -0.013507262 -0.287743628 -0.051871076 0.013360834 0.998564363 14.272445679
0.998747528 0.002726039 0.049959134 0.176068082 -0.001986239 0.999887764 -0.014851778 -0.288961887 -0.049994010 0.014733945 0.998640835 14.397494316
0.998893440 0.002729183 0.046952888 0.178495020 -0.002003075 0.999877810 -0.015504741 -0.297518879 -0.046989467 0.015393531 0.998776734 14.518283844
0.999077499 0.003094972 0.042831626 0.182011724 -0.002383360 0.999858499 -0.016655287 -0.297506660 -0.042877108 0.016537838 0.998943388 14.641675949
0.999312878 0.002556517 0.036975328 0.179847166 -0.001896264 0.999838412 -0.017880626 -0.302599132 -0.037015062 0.017798223 0.999156177 14.766797066
0.999528348 0.002700492 0.030589173 0.170493841 -0.002144986 0.999832451 -0.018178502 -0.310707033 -0.030633137 0.018104317 0.999366701 14.881206512
0.999717295 0.003039956 0.023581956 0.166235641 -0.002584340 0.999809861 -0.019326992 -0.308240324 -0.023636227 0.019260589 0.999535084 15.009702682
0.999875486 0.002514257 0.015577480 0.160082921 -0.002200439 0.999794960 -0.020130089 -0.313009471 -0.015624896 0.020093307 0.999675989 15.146087646
0.999982119 0.001836345 0.005677504 0.148771554 -0.001713716 0.999766767 -0.021528868 -0.312806070 -0.005715714 0.021518758 0.999752104 15.272365570
0.999968112 0.000425592 -0.007966260 0.151007384 -0.000610714 0.999729455 -0.023250386 -0.314168721 0.007954211 0.023254510 0.999697864 15.433997154
0.999723315 -0.000807988 -0.023505876 0.121633232 0.000209071 0.999675512 -0.025470749 -0.315782338 0.023518836 0.025458787 0.999399185 15.589323997
0.999076545 -0.000202012 -0.042965978 0.098910078 -0.000933324 0.999650955 -0.026402377 -0.318684608 0.042956315 0.026418097 0.998727620 15.764760971
0.997895300 0.000878070 -0.064839505 0.061971471 -0.002550630 0.999665976 -0.025717119 -0.328172952 0.064795271 0.025828376 0.997564256 15.943004608
0.996083796 0.001243200 -0.088405482 0.017615695 -0.003383585 0.999704659 -0.024065271 -0.338854998 0.088349439 0.024270153 0.995793819 16.138597488
0.993316710 0.002367221 -0.115395904 -0.032441664 -0.005044193 0.999724805 -0.022911668 -0.339550912 0.115309909 0.023340620 0.993055284 16.364002228
0.989376068 0.003281588 -0.145341590 -0.105175845 -0.006303878 0.999773324 -0.020338718 -0.351642787 0.145241886 0.021038856 0.989172459 16.596300125
0.983965039 0.003542218 -0.178326160 -0.177569404 -0.006663252 0.999834776 -0.016905956 -0.358904332 0.178236812 0.017823100 0.983826220 16.838171005
0.976551235 0.004517050 -0.215237394 -0.263186216 -0.007509021 0.999886334 -0.013085127 -0.363686711 0.215153813 0.014394522 0.976474106 17.089242935
0.966966152 0.005722430 -0.254840672 -0.376338750 -0.008089674 0.999933302 -0.008241984 -0.359077275 0.254776508 0.010031296 0.966947973 17.352212906
0.955139637 0.010089700 -0.295983791 -0.495880067 -0.011472123 0.999929965 -0.002934241 -0.373971164 0.295933485 0.006198172 0.955188453 17.612188339
0.941096008 0.013486492 -0.337870419 -0.641777098 -0.013866575 0.999903023 0.001288678 -0.372875094 0.337855071 0.003472337 0.941191792 17.894840240
0.924313962 0.016299929 -0.381284595 -0.782020569 -0.014644783 0.999866545 0.007242299 -0.379798174 0.381351799 -0.001110327 0.924429357 18.157381058
0.905108333 0.019547049 -0.424731553 -0.956451476 -0.014725374 0.999784529 0.014632253 -0.380050480 0.424926043 -0.006989442 0.905201137 18.439996719
0.883396566 0.023916122 -0.468015462 -1.151726961 -0.015766591 0.999648333 0.021323141 -0.381740391 0.468360811 -0.011457782 0.883463025 18.720537186
0.858612776 0.029532412 -0.511773288 -1.344878793 -0.018806035 0.999481797 0.026124863 -0.388425171 0.512279630 -0.012806715 0.858723283 18.977710724
0.830509186 0.032670755 -0.556045890 -1.569586873 -0.019724781 0.999377191 0.029258013 -0.381140143 0.556655526 -0.013331166 0.830636501 19.258817673
0.799999177 0.036526401 -0.598888218 -1.827991962 -0.022378121 0.999267280 0.031052796 -0.376603514 0.599583626 -0.011440218 0.800230384 19.511343002
0.765731096 0.039514687 -0.641945839 -2.086806774 -0.022971408 0.999154389 0.034101557 -0.371538520 0.642750502 -0.011366218 0.765991271 19.781707764
0.729248405 0.043245953 -0.682880998 -2.412450790 -0.024252957 0.999007285 0.037366088 -0.350703269 0.683819056 -0.010687278 0.729573369 20.065334320
0.691233099 0.043735374 -0.721307158 -2.777262688 -0.021574790 0.998970807 0.039895851 -0.330153674 0.722309709 -0.012015282 0.691465318 20.351638794
0.649896264 0.043383472 -0.758783698 -3.123552084 -0.018874133 0.998982847 0.040951226 -0.315963060 0.759788513 -0.012292662 0.650054038 20.613914490
0.607912064 0.042232275 -0.792880356 -3.508023739 -0.013816745 0.998995841 0.042617403 -0.299624622 0.793884039 -0.014952608 0.607885242 20.857425690
0.562935710 0.042457812 -0.825409532 -3.913516045 -0.009258123 0.998940825 0.045069899 -0.287278920 0.826448858 -0.017729709 0.562732577 21.102737427
0.517478943 0.043465313 -0.854591370 -4.325217724 -0.007022747 0.998891115 0.046552077 -0.264061481 0.855667233 -0.018088138 0.517210364 21.289886475
0.467870861 0.044135161 -0.882694125 -4.783627510 -0.006870331 0.998903751 0.046304096 -0.249524161 0.883770108 -0.015599938 0.467661202 21.497280121
0.415705055 0.042999331 -0.908482432 -5.268280983 -0.001230997 0.998907387 0.046715956 -0.229571968 0.909498632 -0.018301722 0.415303797 21.683599472
0.361434281 0.042018972 -0.931450248 -5.761958122 0.003807076 0.998909175 0.046539411 -0.208588436 0.932389796 -0.020367043 0.360880047 21.849292755
0.307291985 0.041839134 -0.950695038 -6.302458286 0.006943633 0.998907864 0.046205312 -0.193423182 0.951589942 -0.020799801 0.306665868 22.001356125
0.255168021 0.046785902 -0.965764105 -6.881039619 0.007298008 0.998706996 0.050310031 -0.151795998 0.966869175 -0.019885665 0.254496634 22.110656738
0.203856140 0.051711850 -0.977634132 -7.459843159 0.009635930 0.998449624 0.054822166 -0.123680063 0.978953421 -0.020596249 0.203041792 22.193962097
0.155767769 0.052994099 -0.986371100 -8.065927505 0.015033838 0.998317003 0.056010049 -0.096090250 0.987679243 -0.023553506 0.154708922 22.263788223
0.111684956 0.054608978 -0.992242098 -8.621668816 0.017459668 0.998226941 0.056903597 -0.084597386 0.993590295 -0.023679487 0.110533468 22.297513962
0.071141921 0.052841172 -0.996065617 -9.259214401 0.017695082 0.998371780 0.054227356 -0.056422353 0.997309268 -0.021483298 0.070091069 22.317222595
0.035689093 0.048409879 -0.998189867 -9.898811340 0.014436260 0.998696864 0.048950627 -0.017532332 0.999258637 -0.016157128 0.034943730 22.308898926
0.007212459 0.048232839 -0.998810112 -10.577636719 0.012145218 0.998758078 0.048318036 0.017956469 0.999900222 -0.012479259 0.006617706 22.289634705
-0.013836377 0.052470796 -0.998526573 -11.275733948 0.010840054 0.998571515 0.052322932 0.048300255 0.999845445 -0.010100125 -0.014385398 22.264806747
-0.026552275 0.058352143 -0.997942865 -12.001730919 0.012540106 0.998235762 0.058035608 0.084751859 0.999568760 -0.010973332 -0.027237171 22.232078552
-0.034619760 0.061020169 -0.997535944 -12.738554955 0.012048235 0.998087227 0.060635757 0.118016534 0.999327898 -0.009919354 -0.035288729 22.200710297
-0.038279179 0.058173489 -0.997572243 -13.489503860 0.012773985 0.998250842 0.057722893 0.149895042 0.999185443 -0.010533388 -0.038955323 22.156585693
-0.037413441 0.054270152 -0.997825027 -14.265851974 0.020114701 0.998362720 0.053545192 0.187823072 0.999097407 -0.018067641 -0.038443811 22.130126953
-0.033160012 0.052653879 -0.998062134 -15.071437836 0.032110251 0.998151898 0.051591773 0.233439729 0.998934031 -0.030337242 -0.034789454 22.121124268
-0.027594540 0.052746259 -0.998226643 -15.894682884 0.032450259 0.998127878 0.051844001 0.272568166 0.999092281 -0.030962097 -0.029254507 22.101383209
-0.022247171 0.051351886 -0.998432934 -16.745695114 0.030329848 0.998254955 0.050666936 0.303490967 0.999292314 -0.029155115 -0.023765843 22.073417664
-0.019421281 0.044930663 -0.998801410 -17.610219955 0.034057267 0.998439789 0.044252165 0.341785580 0.999231160 -0.033157006 -0.020921191 22.069206238
-0.017184051 0.034007009 -0.999273837 -18.488307953 0.031733688 0.998936594 0.033449825 0.375605434 0.999348640 -0.031135838 -0.018244946 22.047237396
-0.016272360 0.025713395 -0.999536932 -19.381559372 0.023639487 0.999399781 0.025325015 0.401318610 0.999588072 -0.023216445 -0.016870445 22.012737274
-0.017654544 0.022957435 -0.999580503 -20.306699753 0.018613201 0.999570668 0.022628468 0.424655795 0.999670923 -0.018205896 -0.018074274 21.981126785
-0.020939313 0.028996535 -0.999360144 -21.229108810 0.009128802 0.999543250 0.028810579 0.442778647 0.999739110 -0.008519686 -0.021194449 21.935914993
-0.025641467 0.037282538 -0.998975754 -22.193981171 0.003881924 0.999300480 0.037195016 0.465113461 0.999663651 -0.002924214 -0.025768261 21.884611130
-0.030273415 0.046780709 -0.998446345 -23.190185547 0.002265730 0.998904824 0.046733495 0.502056658 0.999539077 -0.000847428 -0.030346254 21.845298767
-0.031777158 0.056681618 -0.997886479 -24.206653595 0.000948136 0.998391926 0.056680135 0.544608593 0.999494493 0.000855002 -0.031779800 21.802787781
-0.032822385 0.064656012 -0.997367680 -25.233551025 0.003156694 0.997907102 0.064587094 0.584798872 0.999456167 -0.001028482 -0.032957785 21.774841309
-0.034277912 0.065282896 -0.997277856 -26.253078461 0.003946372 0.997865379 0.065185711 0.641528785 0.999404550 -0.001701199 -0.034462370 21.737386703
-0.036640413 0.062520772 -0.997370899 -27.259748459 0.003116012 0.998043418 0.062448468 0.691324234 0.999323606 -0.000819682 -0.036763530 21.702806473
-0.039019380 0.057743244 -0.997568667 -28.283416748 0.002420314 0.998331428 0.057692721 0.733149886 0.999235511 -0.000163295 -0.039094031 21.647068024
-0.043386068 0.052485663 -0.997678757 -29.300693512 0.002404047 0.998621643 0.052430719 0.777983606 0.999055505 -0.000123704 -0.043452442 21.588666916
-0.048659645 0.047848184 -0.997668684 -30.318527222 0.002167304 0.998854578 0.047799353 0.816731930 0.998813093 0.000163648 -0.048707608 21.524950027
-0.056051295 0.046071835 -0.997364283 -31.339651108 0.002195681 0.998938024 0.046021137 0.859758377 0.998425424 0.000389650 -0.056092929 21.469053268
-0.062632412 0.048393898 -0.996862650 -32.386478424 0.002206808 0.998827934 0.048350655 0.901526988 0.998034239 0.000828433 -0.062665805 21.396402359
-0.069176614 0.053735778 -0.996156275 -33.446643829 0.001201977 0.998552024 0.053781550 0.933077216 0.997603714 0.002523069 -0.069141038 21.320257187
-0.075063400 0.056600511 -0.995571136 -34.504711151 -0.001930269 0.998377681 0.056905612 0.977435648 0.997176886 0.006193248 -0.074832365 21.224777222
-0.079779699 0.058985610 -0.995065808 -35.583652496 -0.004902578 0.998212457 0.059565198 1.024999261 0.996800423 0.009630481 -0.079347894 21.131668091
-0.082665883 0.060363647 -0.994747519 -36.634853363 -0.008838021 0.998080254 0.061300341 1.069390893 0.996538103 0.013859048 -0.081973672 21.039300919
-0.084555902 0.061241176 -0.994535029 -37.708003998 -0.013113124 0.997954667 0.062566638 1.125159264 0.996332467 0.018331841 -0.083579883 20.937400818
-0.085906185 0.061179094 -0.994423091 -38.782882690 -0.014150835 0.997937262 0.062617756 1.170001626 0.996202707 0.019451167 -0.084863245 20.833179474
-0.087114029 0.060657769 -0.994350016 -39.863811493 -0.014767361 0.997956276 0.062171519 1.219166756 0.996088862 0.020099936 -0.086040236 20.727531433
-0.088599049 0.059353169 -0.994297445 -40.951637268 -0.015619163 0.998017550 0.060967017 1.279055715 0.995944917 0.020931713 -0.087496355 20.631179810
-0.089727089 0.058478352 -0.994248092 -42.041648865 -0.017973199 0.998017073 0.060322046 1.332151532 0.995804191 0.023282340 -0.088498123 20.524950027
-0.090081386 0.056151323 -0.994350255 -43.113246918 -0.022420453 0.998041987 0.058390941 1.376556993 0.995682001 0.027553720 -0.088646062 20.414411545
-0.091037914 0.051338509 -0.994523227 -44.172885895 -0.027391793 0.998163462 0.054033842 1.415109158 0.995470643 0.032160908 -0.089464441 20.322555542
-0.089998662 0.050834093 -0.994643748 -45.278045654 -0.029560924 0.998120189 0.053686537 1.466369152 0.995503068 0.034234304 -0.088326775 20.210258484
-0.088940777 0.054977957 -0.994518459 -46.390071869 -0.029471910 0.997893035 0.057800211 1.507486582 0.995600760 0.034451157 -0.087133087 20.116771698
-0.086663723 0.058214486 -0.994535327 -47.490669250 -0.029912006 0.997689188 0.061005626 1.555795312 0.995788455 0.035035528 -0.084722139 20.008140564
-0.085342720 0.057918712 -0.994666815 -48.614196777 -0.027740505 0.997783780 0.060480364 1.610372066 0.995965421 0.032754123 -0.083546907 19.915128708
-0.083538361 0.056778569 -0.994885623 -49.702869415 -0.027544897 0.997862399 0.059261341 1.665432215 0.996123731 0.032354631 -0.081795834 19.835330963
-0.079051778 0.057332464 -0.995220423 -50.815525055 -0.032101203 0.997680664 0.060024031 1.717693806 0.996353507 0.036692783 -0.077027984 19.730249405
-0.073884390 0.058257580 -0.995563686 -51.947776794 -0.037035633 0.997443318 0.061116118 1.771033406 0.996578872 0.041386861 -0.071537882 19.634078979
-0.068239942 0.057836194 -0.995991111 -53.072280884 -0.040867887 0.997318149 0.060713306 1.824941158 0.996831536 0.044847131 -0.065693296 19.549777985
-0.062275935 0.056707121 -0.996446669 -54.208610535 -0.042535432 0.997326672 0.059415583 1.885634065 0.997152150 0.046084452 -0.059697390 19.465152740
-0.055875514 0.055907030 -0.996871233 -55.323501587 -0.042228833 0.997405469 0.058303945 1.937186003 0.997544289 0.045354478 -0.053369641 19.387197495
-0.050637409 0.055586793 -0.997169018 -56.466011047 -0.040737461 0.997503936 0.057674166 1.987800121 0.997885942 0.043542605 -0.048246551 19.328941345
-0.044987176 0.056007046 -0.997416437 -57.602447510 -0.039766170 0.997535467 0.057807334 2.042703152 0.998195767 0.042264018 -0.042649124 19.272243500
-0.039378848 0.057604581 -0.997562528 -58.736663818 -0.038877655 0.997492611 0.059135243 2.093988895 0.998467743 0.041111574 -0.037040584 19.223714828
-0.033191882 0.058829144 -0.997716188 -59.881427765 -0.039451607 0.997411072 0.060123626 2.143605947 0.998670042 0.041357126 -0.030785047 19.171146393
-0.028440190 0.058076698 -0.997906864 -61.016086578 -0.039057218 0.997483790 0.059165191 2.194397926 0.998832107 0.040658135 -0.026100315 19.146219254
-0.023745470 0.053648055 -0.998277485 -62.159801483 -0.039472949 0.997730076 0.054557547 2.242573977 0.998938441 0.040700447 -0.021573922 19.114810944
-0.019099822 0.048053954 -0.998662114 -63.321987152 -0.039607991 0.998023868 0.048780754 2.291728020 0.999032736 0.040486701 -0.017158756 19.087631226
-0.015498314 0.047613595 -0.998745501 -64.484184265 -0.039097860 0.998072743 0.048188228 2.332323551 0.999115109 0.039795648 -0.013606856 19.068746567
-0.012132997 0.049643699 -0.998693228 -65.652549744 -0.038442742 0.998005211 0.050076533 2.377391577 0.999187112 0.039000083 -0.010200355 19.048900604
-0.009657597 0.049650561 -0.998719931 -66.808792114 -0.038832847 0.997994423 0.049990013 2.413167477 0.999199033 0.039265919 -0.007710156 19.028324127
-0.008434308 0.049182240 -0.998754203 -67.982872009 -0.040637903 0.997947752 0.049485706 2.462665796 0.999138355 0.041004650 -0.006418336 19.007986069
-0.008365860 0.049984280 -0.998714983 -69.152549744 -0.041941557 0.997853458 0.050292499 2.502945900 0.999085069 0.042308394 -0.006251483 19.006019592
-0.006653138 0.049804717 -0.998736799 -70.319648743 -0.042771436 0.997830749 0.050044447 2.542170763 0.999062717 0.043050371 -0.004508485 18.982034683
-0.005703628 0.047540285 -0.998853087 -71.489768982 -0.043270931 0.997921884 0.047743060 2.586334705 0.999047160 0.043493610 -0.003634662 18.970991135
-0.005264503 0.045976423 -0.998928666 -72.665313721 -0.040931903 0.998095393 0.046153791 2.628714800 0.999148071 0.041131034 -0.003372573 18.965270996
-0.004787595 0.046386875 -0.998912096 -73.856056213 -0.037564307 0.998210132 0.046534330 2.656843424 0.999282718 0.037746228 -0.003036535 18.961318970
-0.004651062 0.047009889 -0.998883545 -75.041130066 -0.035560764 0.998254836 0.047145881 2.698285580 0.999356627 0.035740342 -0.002971237 18.954845428
-0.004680925 0.050133202 -0.998731554 -76.221343994 -0.034994043 0.998122513 0.050266650 2.731419325 0.999376476 0.035184950 -0.002917774 18.948438644
-0.003613408 0.053599000 -0.998555958 -77.401725769 -0.037481342 0.997853577 0.053696930 2.774083614 0.999290705 0.037621245 -0.001596690 18.926006317
-0.003671441 0.053955227 -0.998536587 -78.590469360 -0.039771620 0.997745454 0.054058705 2.813198566 0.999201953 0.039911885 -0.001517277 18.919998169
-0.003678581 0.051772155 -0.998652101 -79.781143188 -0.040894479 0.997815609 0.051879425 2.854259014 0.999156713 0.041030206 -0.001553350 18.917663574
-0.002717885 0.049224261 -0.998784065 -80.960861206 -0.040657412 0.997956395 0.049294110 2.899952173 0.999169469 0.040741954 -0.000711000 18.900430679
-0.002997183 0.048699807 -0.998808920 -82.146255493 -0.038615596 0.998062849 0.048779301 2.938585758 0.999249578 0.038715810 -0.001110804 18.895568848
-0.003105485 0.049955051 -0.998746634 -83.319030762 -0.037373558 0.998047888 0.050036311 2.979771852 0.999296486 0.037482109 -0.001232424 18.894208908
-0.002831351 0.052996051 -0.998590708 -84.492385864 -0.036222871 0.997934043 0.053063899 3.015278816 0.999339700 0.036322068 -0.000905832 18.883218765
-0.002140916 0.055541810 -0.998454034 -85.668212891 -0.036691111 0.997779667 0.055582967 3.056573868 0.999324381 0.036753379 -0.000098272 18.876310349
-0.002280392 0.056060772 -0.998424768 -86.838386536 -0.037912205 0.997704685 0.056106940 3.095432281 0.999278426 0.037980434 -0.000149769 18.866323471
-0.001268683 0.053554576 -0.998564124 -88.004516602 -0.038393077 0.997826099 0.053563774 3.141865253 0.999261916 0.038405903 0.000790200 18.855907440
-0.001051690 0.052008424 -0.998646080 -89.173110962 -0.036940001 0.997963071 0.052011758 3.187895060 0.999316931 0.036944687 0.000871644 18.852556229
-0.001654845 0.053221121 -0.998581350 -90.341758728 -0.034730274 0.997977257 0.053246479 3.225791216 0.999395370 0.034769118 0.000196887 18.857368469
-0.000840568 0.056217864 -0.998418152 -91.508354187 -0.033598851 0.997853160 0.056214344 3.270174265 0.999435067 0.033592951 0.001050092 18.843029022
-0.001443625 0.058723927 -0.998273194 -92.676628113 -0.032198839 0.997753918 0.058739938 3.313459158 0.999480426 0.032228034 0.000450460 18.845642090
-0.000765416 0.060666457 -0.998157740 -93.844993591 -0.033357650 0.997600973 0.060658198 3.366972923 0.999443173 0.033342618 0.001260111 18.833072662
-0.000001217 0.062400945 -0.998051167 -95.015098572 -0.035699748 0.997414947 0.062361225 3.415315628 0.999362588 0.035630252 0.002226484 18.825420380
0.000214037 0.061678052 -0.998096108 -96.178627014 -0.037801318 0.997383296 0.061625902 3.466249943 0.999285281 0.037716169 0.002544989 18.816036224
0.000186269 0.057540353 -0.998343229 -97.326042175 -0.040338878 0.997530997 0.057486027 3.514840364 0.999186039 0.040261343 0.002506922 18.801939011
0.000668090 0.055975061 -0.998431921 -98.519363403 -0.041652545 0.997567236 0.055898704 3.564087391 0.999131918 0.041549895 0.002997969 18.794675827
0.000847092 0.054400664 -0.998518825 -99.684844971 -0.041599490 0.997656703 0.054318409 3.611414671 0.999134004 0.041491866 0.003108148 18.791067123
0.001025155 0.054922432 -0.998490095 -100.858337402 -0.040160820 0.997687340 0.054837037 3.658071995 0.999192715 0.040043969 0.003228514 18.793684006
0.000966196 0.056924012 -0.998378038 -102.033149719 -0.040823754 0.997548401 0.056837201 3.704346895 0.999165893 0.040702626 0.003287680 18.788574219
0.000957347 0.058628079 -0.998279452 -103.204940796 -0.039451960 0.997504830 0.058544759 3.756537676 0.999221027 0.039328035 0.003267951 18.789127350
0.000285509 0.057881679 -0.998323381 -104.376579285 -0.044055324 0.997354865 0.057812922 3.804497242 0.999029040 0.043964945 0.002834749 18.779502869
-0.000051517 0.059277959 -0.998241544 -105.552360535 -0.047435053 0.997117698 0.059213672 3.857325315 0.998874307 0.047354687 0.002760485 18.770631790
0.000126705 0.058362946 -0.998295426 -106.725471497 -0.051186640 0.996987104 0.058279969 3.907554150 0.998689115 0.051091999 0.003113726 18.750738144
-0.000378880 0.054294974 -0.998524845 -107.902748108 -0.051968604 0.997174561 0.054241266 3.960675955 0.998648703 0.051912490 0.002443824 18.751562119
-0.000420212 0.050797101 -0.998708904 -109.066947937 -0.052366104 0.997337580 0.050749384 3.996995926 0.998627841 0.052319821 0.002240954 18.738681793
-0.001508948 0.049968891 -0.998749673 -110.262924194 -0.048673570 0.997563243 0.049983077 4.041768551 0.998813629 0.048688129 0.000926893 18.737621307
-0.001899866 0.049127389 -0.998790681 -111.426559448 -0.044244468 0.997810245 0.049163327 4.081340313 0.999018848 0.044284370 0.000277909 18.740846634
-0.002128951 0.050890546 -0.998701990 -112.631134033 -0.043480769 0.997754991 0.050934978 4.129635811 0.999051929 0.043532766 0.000088588 18.731742859
-0.002869426 0.054965772 -0.998484135 -113.857872009 -0.042060766 0.997597992 0.055037875 4.169960976 0.999110937 0.042154923 -0.000550631 18.721742630
-0.003580678 0.054616801 -0.998500943 -115.091613770 -0.040524371 0.997679293 0.054717183 4.229017258 0.999172151 0.040659547 -0.001359056 18.715488434
-0.004296558 0.050556481 -0.998712003 -116.320808411 -0.040585935 0.997889459 0.050689459 4.272515774 0.999166846 0.040751446 -0.002235608 18.706874847
-0.004903661 0.047183771 -0.998874128 -117.555389404 -0.040612679 0.998052657 0.047344338 4.310025215 0.999162912 0.040799126 -0.002977852 18.692413330
-0.006127995 0.046112109 -0.998917460 -118.792358398 -0.039503358 0.998145223 0.046318810 4.347996235 0.999200642 0.039744433 -0.004295045 18.684926987
-0.006937274 0.047136080 -0.998864412 -120.040863037 -0.041373722 0.998019516 0.047383562 4.396752357 0.999119639 0.041655455 -0.004973339 18.670749664
-0.007309447 0.052032307 -0.998618722 -121.304763794 -0.045771763 0.997581184 0.052313287 4.441386223 0.998925149 0.046090912 -0.004910156 18.648481369
-0.007544079 0.055591609 -0.998425126 -122.585952759 -0.051604453 0.997101367 0.055907838 4.488037586 0.998639107 0.051944949 -0.004653437 18.619092941
-0.008107120 0.055242032 -0.998440027 -123.819267273 -0.059199285 0.996695101 0.055626173 4.544926643 0.998213291 0.059557907 -0.004810038 18.594888687
-0.008059414 0.053143606 -0.998554349 -125.090126038 -0.061952494 0.996641994 0.053541850 4.596789837 0.998046577 0.062294457 -0.004739972 18.570659637
-0.008859560 0.051895041 -0.998613179 -126.346290588 -0.064573593 0.996538341 0.052360099 4.647295952 0.997873664 0.064947933 -0.005477842 18.562561035
-0.009380517 0.051214911 -0.998643517 -127.633033752 -0.064628825 0.996568441 0.051715557 4.691786766 0.997865260 0.065026291 -0.006038367 18.542945862
-0.010059611 0.050283194 -0.998684287 -128.892501831 -0.062400378 0.996756792 0.050814684 4.736378193 0.998000562 0.062829457 -0.006889296 18.529689789
-0.010352270 0.051052403 -0.998642266 -130.159530640 -0.062346824 0.996719778 0.051600419 4.780408382 0.998000801 0.062796362 -0.007135357 18.513156891
-0.011095517 0.056100052 -0.998363495 -131.437835693 -0.062159270 0.996455312 0.056683645 4.830783844 0.998004496 0.062686481 -0.007569049 18.489307404
-0.011377851 0.060470153 -0.998105109 -132.732055664 -0.061382111 0.996245027 0.061057191 4.878237247 0.998049498 0.061960503 -0.007623342 18.466192245
-0.011434541 0.059491731 -0.998163283 -133.984481812 -0.061862040 0.996274233 0.060087811 4.930768490 0.998019159 0.062435493 -0.007711660 18.445709229
-0.010955479 0.057735242 -0.998271823 -135.240127563 -0.061525669 0.996401250 0.058302268 4.987039089 0.998045325 0.062058065 -0.007363853 18.433919907
-0.009784475 0.057127260 -0.998319030 -136.490829468 -0.060735498 0.996489525 0.057617847 5.042362690 0.998105943 0.061197147 -0.006280473 18.413246155
-0.009124593 0.056492619 -0.998361349 -137.729400635 -0.060950682 0.996515095 0.056945216 5.086458683 0.998099089 0.061370406 -0.005649529 18.404224396
-0.008217911 0.058684234 -0.998242736 -138.965393066 -0.060687829 0.996406972 0.059075922 5.136196613 0.998122931 0.061066665 -0.004626965 18.394166946
-0.007379645 0.062227070 -0.998034716 -140.209335327 -0.061500236 0.996144176 0.062563941 5.190922737 0.998079777 0.061841071 -0.003524212 18.378076553
-0.005984166 0.062900484 -0.998001873 -141.473754883 -0.063524865 0.995980024 0.063153952 5.254440308 0.997962356 0.063775860 -0.001964365 18.359937668
-0.004911900 0.060521349 -0.998154819 -142.715896606 -0.065566823 0.995999455 0.060713314 5.301383018 0.997836053 0.065744065 -0.000924058 18.341407776
-0.005193350 0.057754606 -0.998317361 -143.955902100 -0.063978612 0.996266127 0.057968773 5.353055954 0.997937739 0.064172000 -0.001478900 18.336008072
-0.005138892 0.056071650 -0.998413444 -145.194686890 -0.061294697 0.996531665 0.056281455 5.400444984 0.998106480 0.061486676 -0.001684173 18.334642410
-0.005909367 0.055077758 -0.998464525 -146.422653198 -0.059553858 0.996690392 0.055332359 5.451684475 0.998207569 0.059789397 -0.002609716 18.333066940
-0.005496775 0.055885665 -0.998422027 -147.660461426 -0.057855986 0.996746838 0.056110423 5.495161057 0.998309731 0.058073126 -0.002245572 18.318815231
-0.006358392 0.054522939 -0.998492420 -148.860778809 -0.055109393 0.996975899 0.054791071 5.542096615 0.998459995 0.055374689 -0.003334437 18.317810059
-0.006434101 0.054515980 -0.998492181 -150.103256226 -0.054072317 0.997032940 0.054784741 5.593874931 0.998516321 0.054343276 -0.003467205 18.309415817
-0.006746226 0.057274356 -0.998335719 -151.343414307 -0.051946413 0.996990323 0.057548199 5.644191742 0.998627126 0.052248187 -0.003750724 18.300498962
-0.006019683 0.058525801 -0.998267770 -152.524932861 -0.049820617 0.997028530 0.058753576 5.692408085 0.998740017 0.050087992 -0.003086004 18.290643692
-0.005903308 0.056883015 -0.998363376 -153.750823975 -0.047788005 0.997224092 0.057100669 5.745310307 0.998840034 0.048046879 -0.003168595 18.276329041
-0.006963094 0.057445332 -0.998324335 -154.962387085 -0.048436459 0.997157335 0.057716001 5.793896675 0.998802006 0.048757188 -0.004160851 18.269731522
-0.006980596 0.061871238 -0.998059630 -156.188079834 -0.049248841 0.996851504 0.062140793 5.852020741 0.998762131 0.049587071 -0.003911531 18.258218765
-0.006374775 0.068854295 -0.997606337 -157.424209595 -0.054327384 0.996129394 0.069099501 5.905037880 0.998502910 0.054637838 -0.002609427 18.240482330
-0.005614978 0.068805382 -0.997614324 -158.632614136 -0.058661994 0.995889425 0.069016568 5.963388920 0.998262107 0.058909576 -0.001555636 18.230560303
-0.004404878 0.064742617 -0.997892320 -159.862182617 -0.062509485 0.995932639 0.064891398 6.028460979 0.998034656 0.062663563 -0.000339934 18.210948944
-0.002137023 0.059715062 -0.998213112 -161.101013184 -0.064519107 0.996127427 0.059728418 6.081042290 0.997914195 0.064531453 0.001724015 18.187150955
-0.001745797 0.058173049 -0.998304963 -162.322875977 -0.067112766 0.996048927 0.058158942 6.134698391 0.997743845 0.067100547 0.002165254 18.181552887
-0.000303674 0.055114385 -0.998479962 -163.513732910 -0.061847188 0.996567547 0.055027638 6.176650047 0.998085558 0.061769880 0.003106038 18.187227249
0.000565659 0.050161500 -0.998741031 -164.734725952 -0.058865517 0.997010946 0.050041270 6.231604099 0.998265743 0.058763091 0.003516751 18.176994324
-0.000247609 0.047266074 -0.998882234 -165.942672729 -0.052725550 0.997492313 0.047213368 6.266294003 0.998609006 0.052678317 0.002245142 18.188188553
-0.001344906 0.049840078 -0.998756289 -167.173034668 -0.050617054 0.997473478 0.049844231 6.316219330 0.998717248 0.050621137 0.001181250 18.184864044
-0.000662263 0.056364626 -0.998410046 -168.408676147 -0.051451944 0.997085929 0.056324005 6.360965252 0.998675287 0.051407438 0.002239736 18.180252075
0.001036606 0.059873790 -0.998205543 -169.624984741 -0.052465659 0.996834397 0.059737086 6.405939579 0.998622119 0.052309573 0.004174642 18.178108215
0.002412229 0.056094389 -0.998422563 -170.834197998 -0.053514980 0.997002006 0.055885281 6.461515903 0.998564124 0.053295761 0.005406886 18.176168442
0.003091586 0.056662649 -0.998388588 -172.053680420 -0.055849116 0.996844888 0.056402087 6.510563850 0.998434365 0.055584744 0.006246391 18.172273636
0.003805970 0.057468500 -0.998340130 -173.273330688 -0.054455135 0.996877909 0.057176728 6.561988831 0.998508990 0.054147132 0.006923541 18.173629761
0.004566669 0.055658322 -0.998439431 -174.478668213 -0.053986929 0.997007430 0.055331577 6.607378006 0.998531222 0.053649992 0.007557824 18.178817749
0.006095243 0.054505400 -0.998494923 -175.663330078 -0.054026220 0.997073054 0.054097984 6.649046421 0.998520911 0.053615160 0.009022123 18.184167862
0.007534682 0.055919182 -0.998406827 -176.802825928 -0.055264141 0.996932507 0.055419542 6.693760395 0.998443365 0.054758534 0.010601897 18.192464828
0.008585597 0.058227062 -0.998266459 -177.940460205 -0.054982573 0.996820390 0.057669841 6.725667477 0.998450458 0.054392129 0.011759774 18.201812744
0.009389711 0.059563968 -0.998180270 -179.032943726 -0.056332335 0.996670604 0.058943976 6.758991241 0.998367846 0.055676363 0.012713827 18.201904297
0.009477125 0.060660545 -0.998113394 -180.108978271 -0.056446459 0.996599257 0.060032550 6.797120571 0.998360574 0.055771038 0.012868969 18.208091736
0.009125643 0.061778970 -0.998048127 -181.151794434 -0.055796035 0.996566176 0.061177060 6.831370831 0.998400509 0.055128846 0.012541329 18.216362000
0.009709072 0.060468826 -0.998122811 -182.178192139 -0.056336455 0.996617556 0.059829630 6.873739243 0.998364568 0.055649821 0.013082831 18.216493607
0.011051671 0.060894109 -0.998083055 -183.152145386 -0.056875713 0.996566296 0.060171798 6.900233746 0.998320103 0.056101691 0.014477121 18.229345322
0.012422990 0.061802797 -0.998011053 -184.110733032 -0.057552323 0.996477664 0.060991440 6.936713696 0.998265147 0.056680162 0.015936125 18.239488602
0.011794328 0.060101349 -0.998122573 -185.054855347 -0.056165788 0.996655941 0.059349351 6.969316006 0.998351812 0.055360358 0.015130525 18.248590469
0.008523086 0.057271924 -0.998322248 -185.989822388 -0.053565852 0.996951222 0.056735959 6.998087406 0.998527944 0.052992415 0.011564920 18.256376266
0.003625477 0.053638555 -0.998553813 -186.909179688 -0.053446539 0.997143567 0.053368751 7.029037476 0.998564124 0.053175766 0.006481916 18.257286072
-0.001604239 0.050540060 -0.998720706 -187.836517334 -0.055349007 0.997186542 0.050551333 7.063630104 0.998465836 0.055359293 0.001197617 18.248538971
-0.005366893 0.049590793 -0.998755217 -188.788391113 -0.057226978 0.997117519 0.049816988 7.101694107 0.998346746 0.057423096 -0.002513492 18.242465973
-0.007835427 0.050575919 -0.998689532 -189.701461792 -0.059153251 0.996947706 0.050951812 7.127314091 0.998218179 0.059474960 -0.004819780 18.219318390
-0.009833896 0.052178569 -0.998589396 -190.640869141 -0.057853281 0.996935189 0.052661851 7.163312912 0.998276651 0.058289532 -0.006785055 18.205774307
-0.012004322 0.053913869 -0.998473465 -191.561676025 -0.054717191 0.997013748 0.054492898 7.189302921 0.998429716 0.055287812 -0.009018459 18.202655792
-0.012406018 0.054484751 -0.998437583 -192.482269287 -0.053113643 0.997068882 0.055070017 7.222054958 0.998511374 0.053713854 -0.009475769 18.180664062
-0.013492002 0.053221904 -0.998491526 -193.370910645 -0.054291110 0.997070372 0.053879753 7.255281925 0.998433948 0.054936159 -0.010563001 18.166519165
-0.014692340 0.051987246 -0.998539627 -194.275650024 -0.056212977 0.997025013 0.052735500 7.289130688 0.998310685 0.056905691 -0.011726274 18.152185440
-0.015224276 0.050869722 -0.998589218 -195.184829712 -0.059560381 0.996885359 0.051690973 7.326967716 0.998108566 0.060263310 -0.012147038 18.136934280
-0.015153626 0.049466606 -0.998660862 -196.087799072 -0.062522314 0.996774077 0.050321862 7.351224422 0.997928560 0.063201137 -0.012011977 18.123558044
-0.012844500 0.047226980 -0.998801708 -197.012420654 -0.062056642 0.996920764 0.047936104 7.378732681 0.997989953 0.062597997 -0.009874201 18.089136124
-0.011861064 0.044726551 -0.998928905 -197.926559448 -0.061939087 0.997047842 0.045377780 7.409125805 0.998009443 0.062410973 -0.009055727 18.067188263
-0.011150798 0.044261541 -0.998957813 -198.844879150 -0.062146600 0.997057915 0.044871062 7.439791203 0.998004735 0.062582180 -0.008367287 18.052947998
-0.009973487 0.047382440 -0.998827040 -199.766479492 -0.059755877 0.997063279 0.047895454 7.463312149 0.998163164 0.060163464 -0.007112818 18.032768250
-0.010400482 0.048170414 -0.998784959 -200.694702148 -0.059280522 0.997052491 0.048704159 7.497954369 0.998187184 0.059715040 -0.007514257 18.029291153
-0.009559690 0.044197354 -0.998977065 -201.634399414 -0.054157943 0.997533500 0.044651750 7.529769421 0.998486638 0.054529406 -0.007142473 18.021783829
-0.009375742 0.041420989 -0.999097764 -202.574676514 -0.052491732 0.997743607 0.041857451 7.556382179 0.998577356 0.052836809 -0.007180328 18.013378143
-0.009155762 0.041317679 -0.999104083 -203.530731201 -0.057325132 0.997481048 0.041775886 7.594913483 0.998313606 0.057656262 -0.006764158 17.997442245
-0.007032390 0.045935310 -0.998919606 -204.488800049 -0.058331817 0.997224510 0.046268016 7.617480755 0.998272479 0.058594175 -0.004333381 17.974012375
-0.005059167 0.045342144 -0.998958707 -205.453430176 -0.055983882 0.997391939 0.045554556 7.650935173 0.998418808 0.056156050 -0.002507544 17.968566895
-0.003007678 0.046311837 -0.998922527 -206.430755615 -0.054495100 0.997435033 0.046406955 7.692359924 0.998509526 0.054575957 -0.000476195 17.971639633
-0.001466740 0.050739743 -0.998710871 -207.416229248 -0.055757444 0.997154057 0.050742541 7.732903004 0.998443305 0.055759985 0.001366553 17.965770721
-0.000006642 0.055263277 -0.998471856 -208.430786133 -0.052859511 0.997075915 0.055186372 7.765031815 0.998601973 0.052779105 0.002914567 17.968215942
0.001576347 0.055908311 -0.998434663 -209.430297852 -0.051936660 0.997092962 0.055751175 7.804829597 0.998649120 0.051767472 0.004475455 17.970832825
0.003257023 0.056143504 -0.998417437 -210.434280396 -0.055229008 0.996908903 0.055878513 7.856660366 0.998468399 0.054959603 0.006347706 17.972816467
0.006599466 0.058471419 -0.998267293 -211.452346802 -0.057984367 0.996631682 0.057992287 7.897874355 0.998295665 0.057501171 0.009967664 17.966276169
0.009976415 0.058865581 -0.998216093 -212.475067139 -0.059656989 0.996522605 0.058169492 7.940946102 0.998169065 0.058970243 0.013453467 17.969844818
0.013120536 0.056160618 -0.998335600 -213.501541138 -0.062475964 0.996516705 0.055237219 7.988174438 0.997960210 0.061647233 0.016583523 17.973871231
