1.000000000 0.000000000 0.000000000 0.000000000 0.000000000 1.000000000 0.000000000 0.000000000 0.000000000 0.000000000 1.000000000 0.000000000
0.999873757 0.001484643 0.015819304 0.010979510 -0.001469370 0.999998450 -0.000977005 -0.002582135 -0.015820729 0.000953637 0.999874413 0.128294066
0.999292910 0.004301785 0.037352268 0.027402325 -0.004289412 0.999990702 -0.000411404 -0.004280423 -0.037353691 0.000250894 0.999302089 0.273462176
0.997895181 0.005947303 0.064573966 0.056097951 -0.006023027 0.999981403 0.000978057 -0.004404101 -0.064566948 -0.001364929 0.997912467 0.436646163
0.995121658 0.005845806 0.098481923 0.103484511 -0.006192723 0.999975622 0.003217340 -0.003712290 -0.098460719 -0.003811517 0.995133638 0.613162637
0.990608811 0.002670671 0.136700228 0.163596153 -0.003421725 0.999980330 0.005259488 -0.005035497 -0.136683494 -0.005677845 0.990598440 0.799347222
0.984349012 -0.000189700 0.176229849 0.238995269 -0.000752544 0.999985814 0.005279825 -0.002251456 -0.176228344 -0.005329811 0.984334886 0.996483207
0.975515723 -0.000101228 0.219929636 0.320070148 -0.001344982 0.999978423 0.006426041 0.003593828 -0.219925568 -0.006564505 0.975494504 1.205440879
0.963442564 -0.000213660 0.267914891 0.414726675 -0.002431124 0.999951541 0.009539960 0.000909007 -0.267903954 -0.009842540 0.963395357 1.406072736
0.948955536 -0.003988973 0.315384567 0.531331420 -0.001323354 0.999860823 0.016628023 -0.002938801 -0.315407008 -0.016196620 0.948818266 1.619490743
0.931985795 -0.013422935 0.362246275 0.676525295 0.004825548 0.999685109 0.024627898 -0.006867614 -0.362462759 -0.021204816 0.931757033 1.839354038
0.910583735 -0.018279305 0.412920088 0.831017315 0.007014337 0.999561071 0.028780730 -0.003029448 -0.413264990 -0.023310903 0.910312295 2.059635401
0.885170460 -0.019416042 0.464861542 0.999754906 0.004814456 0.999457657 0.032577220 0.001467388 -0.465241939 -0.026598336 0.884783804 2.286429882
0.856987596 -0.022134472 0.514861345 1.186734676 0.003371492 0.999296606 0.037349030 0.001400470 -0.515325844 -0.030271811 0.856459379 2.495129585
0.824268579 -0.026179628 0.565593362 1.365521669 0.003357516 0.999138892 0.041354068 0.009052156 -0.566189051 -0.032187872 0.823646665 2.697653055
0.788088918 -0.031829562 0.614737928 1.591815948 0.005341408 0.998978198 0.044876900 0.009070680 -0.615538239 -0.032083422 0.787453711 2.909234047
0.749617159 -0.035518836 0.660917938 1.834718585 0.005678200 0.998867393 0.047240552 0.019155314 -0.661847293 -0.031659503 0.748969793 3.122015953
0.709485233 -0.038530190 0.703666210 2.104129314 0.006527004 0.998820662 0.048110791 0.031301875 -0.704690039 -0.029541068 0.708899975 3.328737020
0.667135715 -0.040557969 0.743831277 2.404948235 0.005737468 0.998766959 0.049312640 0.044080526 -0.744914114 -0.028630517 0.666545749 3.547026157
0.624139428 -0.040227205 0.780276716 2.719639778 0.000341056 0.998687625 0.051214591 0.062414292 -0.781312823 -0.031698924 0.623333991 3.761707306
0.582633913 -0.040411584 0.811729491 3.066795826 -0.002909425 0.998652935 0.051805779 0.079632640 -0.812729537 -0.032545470 0.581731439 3.966413736
0.541728199 -0.041921094 0.839507639 3.436015129 -0.004456056 0.998598278 0.052740797 0.098577745 -0.840541780 -0.032312073 0.540782094 4.176173210
0.502647400 -0.043319996 0.863405526 3.845195293 -0.007089395 0.998503506 0.054225545 0.121297851 -0.864462495 -0.033377349 0.501588047 4.386549950
0.465590507 -0.042914260 0.883959174 4.308026314 -0.009424597 0.998526573 0.053440288 0.152455479 -0.884950101 -0.033212248 0.464500099 4.615128040
0.428788781 -0.042383131 0.902410030 4.766904831 -0.010499953 0.998597622 0.051889889 0.169795498 -0.903343797 -0.031725064 0.427742451 4.809080601
0.395205289 -0.040916979 0.917681098 5.257899761 -0.009522338 0.998771310 0.048633430 0.191689536 -0.918543577 -0.027958656 0.394330055 4.989287853
0.365942001 -0.039202567 0.929811597 5.773135662 -0.007031677 0.998967290 0.044885732 0.214572087 -0.930611134 -0.022963703 0.365288466 5.159427643
0.340799928 -0.037289124 0.939396024 6.310082912 -0.005938671 0.999107778 0.041813836 0.236691937 -0.940117121 -0.019828914 0.340274364 5.331561565
0.320819348 -0.036413938 0.946440220 6.881672382 -0.004714962 0.999186873 0.040041607 0.263392091 -0.947128713 -0.017308548 0.320386767 5.505301952
0.306150675 -0.036842819 0.951269925 7.480643272 -0.003649041 0.999198139 0.039873470 0.288297147 -0.951976061 -0.015678512 0.305770695 5.690879345
0.294729948 -0.038445875 0.954806924 8.097169876 -0.002409851 0.999157250 0.040975541 0.308469355 -0.955577552 -0.014377660 0.294388920 5.866481304
0.283839047 -0.040267032 0.958026111 8.745276451 -0.003883914 0.999061346 0.043142505 0.330613077 -0.958864093 -0.015966417 0.283416182 6.057251930
0.273142636 -0.042057853 0.961053729 9.419843674 -0.005252070 0.998963714 0.045209579 0.356427580 -0.961959243 -0.017396182 0.272638679 6.248649120
0.263010889 -0.043653347 0.963804901 10.112958908 -0.006448088 0.998873949 0.047001336 0.383688301 -0.964771390 -0.018576561 0.262433261 6.435500145
0.253018171 -0.045558557 0.966388345 10.821339607 -0.006886479 0.998780489 0.048888639 0.414088547 -0.967437088 -0.019024724 0.252395898 6.613855839
0.242953613 -0.046943881 0.968901336 11.574813843 -0.007509477 0.998707294 0.050271019 0.441655725 -0.970008850 -0.019489465 0.242287070 6.797264576
0.232700765 -0.048262808 0.971350133 12.334710121 -0.007568232 0.998647690 0.051432204 0.476865113 -0.972518921 -0.019319715 0.232020870 6.974169731
0.222050875 -0.051686898 0.973664165 13.113739967 -0.008993239 0.998442888 0.055053245 0.501487732 -0.974993646 -0.020981016 0.221240297 7.157298565
0.211009249 -0.054791309 0.975947261 13.912336349 -0.010479713 0.998243570 0.058308888 0.542586565 -0.977427840 -0.022531357 0.210064456 7.330768108
0.199475333 -0.059040286 0.978122652 14.696223259 -0.011372376 0.997976542 0.062557936 0.570781469 -0.979836881 -0.023602344 0.198400304 7.474681377
0.185270354 -0.060654834 0.980813980 15.477285385 -0.012514345 0.997866631 0.064073287 0.617808819 -0.982607961 -0.024145123 0.184116066 7.634081841
0.171444774 -0.061541744 0.983269691 16.274253845 -0.013179350 0.997814476 0.064750060 0.645057082 -0.985105574 -0.024059916 0.170259029 7.771968842
0.156961575 -0.060392506 0.985756457 17.085657120 -0.014566801 0.997878373 0.063454621 0.685110807 -0.987497270 -0.024319258 0.155748844 7.900771141
0.141001225 -0.059077300 0.988245249 17.908079147 -0.014989500 0.997976124 0.061797693 0.724157393 -0.989895940 -0.023526855 0.139830321 8.005718231
0.120368987 -0.057764892 0.991047144 18.739704132 -0.018151602 0.998010695 0.060375392 0.756750166 -0.992563248 -0.025256418 0.119081005 8.109294891
0.094903953 -0.056408226 0.993887007 19.544828415 -0.021791453 0.998036325 0.058724541 0.792542040 -0.995247900 -0.027231431 0.093488365 8.182374954
0.064321890 -0.055847462 0.996365249 20.383884430 -0.025905024 0.998002946 0.057611596 0.829359531 -0.997592986 -0.029516554 0.062746689 8.234883308
0.031593487 -0.055869199 0.997938097 21.227497101 -0.028281655 0.997986674 0.056767285 0.859040380 -0.999100626 -0.030016821 0.029949816 8.249805450
-0.002982276 -0.055518202 0.998453259 22.080034256 -0.030362615 0.998002350 0.055402443 0.886802375 -0.999534488 -0.030150427 -0.004661989 8.242436409
-0.036360256 -0.054123696 0.997871995 22.894477844 -0.031418823 0.998100579 0.052991260 0.916521847 -0.998844743 -0.029425187 -0.037991703 8.199809074
-0.070435449 -0.052382328 0.996140003 23.747837067 -0.033746850 0.998173714 0.050103091 0.938662350 -0.996945322 -0.030087559 -0.072074570 8.146153450
-0.103361562 -0.049587589 0.993407011 24.596563339 -0.036054127 0.998286903 0.046079833 0.963832974 -0.993990242 -0.031053545 -0.104972325 8.057566643
-0.135707632 -0.045021094 0.989725471 25.436992645 -0.032809049 0.998623371 0.040927179 0.982822120 -0.990205467 -0.026917823 -0.136997908 7.929969311
-0.166974202 -0.039080702 0.985186398 26.257274628 -0.028249735 0.998993576 0.034840491 0.997215688 -0.985556424 -0.022013796 -0.167910174 7.770761013
-0.196489617 -0.032495935 0.979967237 27.072193146 -0.020095754 0.999374211 0.029110150 1.007324576 -0.980299890 -0.013973342 -0.197019652 7.580405712
-0.225601301 -0.026687399 0.973854125 27.898414612 -0.014011021 0.999610305 0.024147447 1.014701486 -0.974118948 -0.008196996 -0.225887269 7.371975422
-0.252844512 -0.020717787 0.967285097 28.711980820 -0.005610405 0.999785244 0.019947356 1.016873837 -0.967490673 -0.000383282 -0.252906501 7.133199692
-0.279151797 -0.010409302 0.960190594 29.519113541 0.000668370 0.999938905 0.011034519 1.009110808 -0.960246742 0.003722069 -0.279127777 6.878709793
-0.304476172 0.005052760 0.952506542 30.298147202 0.005063603 0.999980330 -0.003685973 0.992695570 -0.952506483 0.003700823 -0.304495722 6.617206097
-0.329411298 0.022470977 0.943919063 31.073320389 0.006350038 0.999746799 -0.021583965 0.970568717 -0.944165170 -0.001116080 -0.329470605 6.338235378
-0.354440212 0.037221000 0.934337616 31.851024628 0.006606556 0.999282181 -0.037301987 0.938510597 -0.935055315 -0.007048572 -0.354431689 6.036682129
-0.378919661 0.047312006 0.924219429 32.612831116 0.010246038 0.998845577 -0.046931457 0.892472923 -0.925372839 -0.008313664 -0.378966957 5.713552475
-0.402088881 0.051474944 0.914152622 33.365943909 0.013631878 0.998644233 -0.050236627 0.840287447 -0.915499091 -0.007737972 -0.402245492 5.363555431
-0.424880624 0.051502883 0.903783083 34.110202789 0.017101509 0.998658717 -0.048869807 0.793258309 -0.905087829 -0.005307776 -0.425191522 5.015659332
-0.445169836 0.047199920 0.894201279 34.840099335 0.019803999 0.998884499 -0.042866327 0.742949367 -0.895227134 -0.001374029 -0.445607990 4.641599178
-0.463140130 0.045890480 0.885096192 35.567443848 0.027927883 0.998918295 -0.037178241 0.691264868 -0.885844946 0.007500129 -0.463920712 4.243744373
-0.476602793 0.046274081 0.877900004 36.271694183 0.030089213 0.998887181 -0.036316194 0.645520568 -0.878603697 0.009106921 -0.477464736 3.849763393
-0.487645030 0.050224658 0.871596038 36.963672638 0.033937536 0.998679817 -0.038560152 0.596934855 -0.872382104 0.010776156 -0.488705754 3.453612804
-0.497734040 0.052644495 0.865730524 37.651203156 0.034641664 0.998566329 -0.040805638 0.551563680 -0.866637707 0.009679991 -0.498844147 3.055378437
-0.508280396 0.052150395 0.859611094 38.346290588 0.028733309 0.998636007 -0.043594923 0.502428353 -0.860712171 0.002541028 -0.509085536 2.651075363
-0.519244611 0.050872121 0.853110194 39.033824921 0.028248036 0.998703003 -0.042360876 0.456186146 -0.854158640 0.002103033 -0.520008147 2.235499382
-0.528083742 0.052046917 0.847595751 39.706306458 0.030300362 0.998639286 -0.042443536 0.410476267 -0.848651588 0.003268719 -0.528942168 1.815560937
-0.535395861 0.054883592 0.842816174 40.397052765 0.032642890 0.998485506 -0.044284392 0.365795225 -0.843970239 0.003802273 -0.536376595 1.372703075
-0.538692296 0.057701297 0.840524375 41.090610504 0.034461975 0.998326063 -0.046447568 0.316208154 -0.841797471 0.003945178 -0.539779127 0.924827397
-0.538916886 0.059741579 0.840237856 41.807598114 0.033107296 0.998213291 -0.049739208 0.276486844 -0.841708064 0.001012698 -0.539931953 0.479385078
-0.535204291 0.060014870 0.842588067 42.506118774 0.035647240 0.998188972 -0.048455030 0.223767087 -0.843970299 0.004102596 -0.536374390 0.025750753
-0.528856516 0.058999974 0.846657932 43.249416351 0.033311386 0.998255074 -0.048756503 0.173789129 -0.848057270 0.002418159 -0.529899001 -0.440310717
-0.521911502 0.057756357 0.851042032 44.011859894 0.031378265 0.998329759 -0.048509020 0.123380855 -0.852422357 0.001386807 -0.522852004 -0.898152292
-0.514736116 0.057548512 0.855415046 44.791786194 0.029808540 0.998342693 -0.049227111 0.072416425 -0.856830359 0.000159704 -0.515598416 -1.360501528
-0.508317411 0.056017738 0.859345853 45.576190948 0.027103528 0.998428404 -0.049051851 0.016334003 -0.860743046 -0.001642609 -0.509036899 -1.820123076
-0.504349470 0.053912684 0.861814857 46.375957489 0.022845870 0.998532712 -0.049095552 -0.034612294 -0.863197267 -0.005072410 -0.504841149 -2.271676779
-0.503786981 0.051254332 0.862305880 47.208385468 0.017826620 0.998642504 -0.048943106 -0.082148477 -0.863643885 -0.009284900 -0.504016817 -2.732094526
-0.503915727 0.047902063 0.862423539 48.044487000 0.014740549 0.998792648 -0.046863541 -0.150408417 -0.863627017 -0.010902683 -0.504013360 -3.213407040
-0.505058408 0.046610586 0.861825705 48.890773773 0.014244247 0.998854876 -0.045674011 -0.211712301 -0.862967551 -0.010791985 -0.505144000 -3.699956894
-0.505349219 0.045963809 0.861689866 49.751293182 0.013106533 0.998873949 -0.045594919 -0.262493253 -0.862815320 -0.011747591 -0.505382776 -4.201435089
-0.505508721 0.045707662 0.861609995 50.622653961 0.012983542 0.998885751 -0.045372542 -0.315710843 -0.862723827 -0.011749465 -0.505538940 -4.709191799
-0.505697846 0.044497862 0.861562312 51.493827820 0.013354287 0.998952985 -0.043755446 -0.376908630 -0.862607300 -0.010621482 -0.505762637 -5.212360859
-0.505632222 0.044455845 0.861603022 52.381668091 0.013237500 0.998953760 -0.043774258 -0.433799505 -0.862647593 -0.010728201 -0.505691648 -5.730867386
-0.506124496 0.043235119 0.861376047 53.276798248 0.011186838 0.998987794 -0.043569148 -0.488472581 -0.862387896 -0.012415338 -0.506095886 -6.248054504
-0.506238699 0.042059194 0.861367226 54.153968811 0.010660443 0.999038875 -0.042516183 -0.553764462 -0.862327576 -0.012340778 -0.506200373 -6.750320435
-0.505754173 0.041344352 0.861686349 55.043544769 0.009565456 0.999058187 -0.042321265 -0.614791870 -0.862624586 -0.013161730 -0.505673349 -7.264687061
-0.504571140 0.039626308 0.862460196 55.924240112 0.009045931 0.999134004 -0.040613670 -0.676324069 -0.863322675 -0.012690730 -0.504492760 -7.772962570
-0.502261698 0.037474386 0.863903284 56.812438965 0.009308851 0.999236941 -0.037932850 -0.736928105 -0.864665508 -0.011010271 -0.502227247 -8.290308952
-0.499890476 0.035918888 0.865343511 57.696521759 0.009689525 0.999309063 -0.035882134 -0.796565890 -0.866034389 -0.009552374 -0.499893159 -8.796111107
-0.497464657 0.035813145 0.866744697 58.586627960 0.009620373 0.999313712 -0.035769217 -0.848880827 -0.867430925 -0.009455512 -0.497467816 -9.299456596
-0.495376915 0.036053818 0.867929637 59.469562531 0.009607798 0.999304593 -0.036027420 -0.902260244 -0.868625045 -0.009508260 -0.495378852 -9.800955772
-0.494405121 0.036542043 0.868463159 60.345516205 0.009589605 0.999284446 -0.036587324 -0.960484564 -0.869178653 -0.009760744 -0.494401753 -10.295853615
-0.495429069 0.038015794 0.867816210 61.225646973 0.009154153 0.999214828 -0.038545851 -1.015712142 -0.868600190 -0.011152613 -0.495388120 -10.790580750
-0.498205662 0.039514784 0.866158009 62.099720001 0.007573193 0.999121249 -0.041224636 -1.077177525 -0.867025733 -0.013978767 -0.498067170 -11.284376144
-0.502788365 0.040104039 0.863478720 62.980236053 0.006489696 0.999070108 -0.042622712 -1.137836814 -0.864385128 -0.015826494 -0.502581179 -11.788125038
-0.508436441 0.038707111 0.860229194 63.843650818 0.008037854 0.999158978 -0.040207680 -1.196226001 -0.861061990 -0.013528652 -0.508319974 -12.293296814
-0.513625145 0.036484960 0.857238591 64.701629639 0.008990987 0.999269426 -0.037142873 -1.251549125 -0.857967615 -0.011370092 -0.513578057 -12.811667442
-0.519252658 0.033274561 0.853972733 65.557296753 0.006095345 0.999360502 -0.035233285 -1.320500851 -0.854598999 -0.013089714 -0.519123435 -13.312074661
-0.524363339 0.036834016 0.850697517 66.407066345 0.008585832 0.999241889 -0.037973534 -1.373721004 -0.851451337 -0.012607983 -0.524281979 -13.831837654
-0.529644608 0.038400192 0.847350001 67.251777649 0.008558198 0.999165773 -0.039930791 -1.423135757 -0.848176479 -0.013897338 -0.529531419 -14.348845482
-0.534656525 0.039150432 0.844162166 68.078544617 0.007178358 0.999100626 -0.041789681 -1.481222868 -0.845038950 -0.016283426 -0.534456730 -14.858093262
-0.537803054 0.039533190 0.842142940 68.876457214 0.006554676 0.999065876 -0.042713810 -1.537522793 -0.843044937 -0.017451646 -0.537559807 -15.379865646
-0.540936708 0.039277896 0.840145707 69.686210632 0.008080090 0.999105573 -0.041507021 -1.593008518 -0.841024518 -0.015664218 -0.540770113 -15.903493881
-0.543110013 0.032445621 0.839034438 70.515434265 0.008661365 0.999416471 -0.033041097 -1.639219403 -0.839616835 -0.010677769 -0.543074131 -16.436271667
-0.545547128 0.022840783 0.837768853 71.328994751 0.006897044 0.999716997 -0.022764824 -1.695510030 -0.838051736 -0.006641157 -0.545550346 -16.965831757
-0.547497928 0.021565834 0.836529136 72.142936707 0.007884857 0.999756396 -0.020613318 -1.735577226 -0.836769819 -0.004689839 -0.547534704 -17.490161896
-0.548168182 0.026390670 0.835951805 72.936164856 0.008314308 0.999624670 -0.026105724 -1.776660442 -0.836326838 -0.007359967 -0.548181832 -18.011875153
-0.550445318 0.032379676 0.834243119 73.740959167 0.008902461 0.999418437 -0.032916695 -1.815002441 -0.834823668 -0.010692026 -0.550413489 -18.515447617
-0.549513459 0.036402073 0.834691465 74.508293152 0.015922597 0.999325156 -0.033099454 -1.868691921 -0.835333109 -0.004898139 -0.549722314 -19.056783676
-0.549161673 0.038025923 0.834850550 75.299377441 0.019377628 0.999275088 -0.032768622 -1.914906621 -0.835491419 -0.001817849 -0.549500465 -19.589935303
-0.548786998 0.034474682 0.835251033 76.103233337 0.017883098 0.999404728 -0.029500296 -1.958749652 -0.835770965 -0.001252503 -0.549076915 -20.109939575
-0.548098505 0.029915789 0.835878611 76.893714905 0.016276857 0.999552369 -0.025100628 -1.992955446 -0.836255431 -0.000152138 -0.548340082 -20.629220963
-0.547909021 0.022785375 0.836227477 77.700195312 0.013660474 0.999739349 -0.018290166 -2.041090727 -0.836426318 0.001401918 -0.548077524 -21.132339478
-0.546997964 0.017172104 0.836957872 78.513343811 0.005581217 0.999842167 -0.016866419 -2.082996368 -0.837115288 -0.004554653 -0.547007561 -21.657526016
-0.545142949 0.012169118 0.838254809 79.310653687 -0.002379191 0.999868095 -0.016062558 -2.105015516 -0.838339686 -0.010750758 -0.545042157 -22.161188126
-0.543011725 0.013043076 0.839623809 80.092369080 0.001521005 0.999893010 -0.014549084 -2.141636133 -0.839723706 -0.006623250 -0.542973518 -22.669462204
-0.540270805 0.015980279 0.841339409 80.876449585 0.006219779 0.999868095 -0.014997286 -2.186506033 -0.841468155 -0.002869651 -0.540298998 -23.166635513
-0.534493864 0.019064194 0.844957292 81.677177429 0.008020596 0.999814868 -0.017484562 -2.209865093 -0.845134258 -0.002568328 -0.534547865 -23.676269531
-0.526427150 0.022067999 0.849933743 82.473144531 0.013793345 0.999753177 -0.017414728 -2.236470938 -0.850108385 0.002555847 -0.526601553 -24.187282562
-0.518331051 0.025738338 0.854792595 83.264511108 0.021516515 0.999623060 -0.017052040 -2.271714926 -0.854909301 0.009553557 -0.518689454 -24.673933029
-0.509034753 0.024844456 0.860387266 84.063819885 0.018244036 0.999670208 -0.018072575 -2.294316053 -0.860552609 0.006497371 -0.509320080 -25.133056641
-0.497860283 0.022161890 0.866974056 84.892791748 0.014457899 0.999746561 -0.017253412 -2.316817284 -0.867136776 0.003944836 -0.498054594 -25.602964401
-0.486848593 0.018490152 0.873290777 85.678367615 0.016199430 0.999795079 -0.012137648 -2.363943577 -0.873336136 0.008237614 -0.487048417 -26.027851105
-0.475364119 0.017686106 0.879611373 86.492706299 0.015923647 0.999807060 -0.011497311 -2.395022154 -0.879644990 0.008541211 -0.475554109 -26.469675064
-0.464383423 0.016835488 0.885474265 87.301155090 0.016025448 0.999815345 -0.010604968 -2.417389154 -0.885489225 0.009265350 -0.464567482 -26.870075226
-0.451915264 0.018417913 0.891870737 88.141853333 0.017567562 0.999776661 -0.011744698 -2.440249920 -0.891887844 0.010360387 -0.452137887 -27.301128387
-0.440312058 0.021560319 0.897585869 88.974372864 0.015261752 0.999746859 -0.016527589 -2.470105886 -0.897715032 0.006421437 -0.440529644 -27.702735901
-0.429042161 0.031141218 0.902747571 89.797515869 0.018207697 0.999500573 -0.025825383 -2.500391960 -0.903100967 0.005356778 -0.429394871 -28.087848663
-0.416950911 0.035501208 0.908235431 90.627342224 0.017867722 0.999363959 -0.030860575 -2.536601782 -0.908753335 0.003360755 -0.417320073 -28.454465866
-0.404622465 0.031717550 0.913933516 91.482170105 0.014546137 0.999495089 -0.028246952 -2.573572397 -0.914368093 0.001864852 -0.404879570 -28.846656799
-0.393676460 0.027526099 0.918836832 92.320907593 0.011657327 0.999620676 -0.024951588 -2.610198259 -0.919175088 0.000888328 -0.393848062 -29.187940598
-0.383421361 0.028083012 0.923146486 93.157814026 0.009054571 0.999603868 -0.026648177 -2.654156923 -0.923529088 -0.001858785 -0.383523762 -29.529502869
-0.376643926 0.032017343 0.925804675 94.007095337 0.004321987 0.999452412 -0.032806013 -2.702852964 -0.926347971 -0.008354870 -0.376576066 -29.861736298
-0.372056454 0.037036277 0.927470922 94.844795227 -0.001993623 0.999169409 -0.040699132 -2.745169878 -0.928207994 -0.016991399 -0.371673614 -30.183042526
-0.368598729 0.039396074 0.928753436 95.689094543 -0.005024415 0.999002516 -0.044369977 -2.791646719 -0.929575026 -0.021021159 -0.368033141 -30.508541107
-0.364229590 0.039152712 0.930485785 96.534400940 -0.005099284 0.999017119 -0.044032410 -2.850209951 -0.931295216 -0.020782720 -0.363671899 -30.837564468
-0.360486388 0.038739339 0.931959689 97.354568481 -0.007192593 0.998991966 -0.044307850 -2.901167631 -0.932736754 -0.022675581 -0.359844416 -31.133417130
-0.354440480 0.034702249 0.934434474 98.202171326 -0.009645871 0.999122262 -0.040763356 -2.951948404 -0.935028791 -0.023461616 -0.353794694 -31.449766159
-0.349253565 0.030639533 0.936527193 99.057250977 -0.010322936 0.999278784 -0.036542200 -3.003572702 -0.936971426 -0.022430204 -0.348685354 -31.762144089
-0.343412876 0.027571915 0.938779771 99.900825500 -0.012803554 0.999338686 -0.034034170 -3.050897598 -0.939097285 -0.023707487 -0.342832774 -32.062435150
-0.337497860 0.025719166 0.940974832 100.757072449 -0.020914795 0.999175072 -0.034811396 -3.101810455 -0.941093922 -0.031429067 -0.336681575 -32.354728699
-0.331564665 0.025948215 0.943075597 101.612823486 -0.027741496 0.998921275 -0.037238080 -3.146869898 -0.943024516 -0.038509160 -0.330487162 -32.634826660
-0.324763089 0.030050253 0.945317924 102.454505920 -0.025906546 0.998837531 -0.040651727 -3.196324587 -0.945440531 -0.037692107 -0.323607057 -32.918750763
-0.317910165 0.033480775 0.947529495 103.298660278 -0.024634708 0.998747170 -0.043555852 -3.241822004 -0.947800636 -0.037188966 -0.316687137 -33.198982239
-0.311079264 0.031794235 0.949851990 104.174903870 -0.025764428 0.998790920 -0.041870277 -3.290820360 -0.950034678 -0.037497371 -0.309883952 -33.481853485
-0.304602504 0.027040165 0.952095687 105.029037476 -0.026404575 0.998973072 -0.036819093 -3.339012623 -0.952113569 -0.036354870 -0.303575695 -33.742164612
-0.296735883 0.024244407 0.954651773 105.901031494 -0.027166042 0.999058783 -0.033816233 -3.391976357 -0.954573035 -0.035968605 -0.295798004 -34.018531799
-0.290453106 0.027543001 0.956492782 106.755325317 -0.029902069 0.998836279 -0.037842520 -3.433727741 -0.956421912 -0.039592590 -0.289291501 -34.268989563
-0.284281999 0.030133588 0.958266973 107.611366272 -0.029172778 0.998771191 -0.040061750 -3.484552860 -0.958296776 -0.039344147 -0.283053607 -34.511959076
-0.277576834 0.030564526 0.960217059 108.465934753 -0.031450339 0.998668969 -0.040880054 -3.532242298 -0.960188508 -0.041546509 -0.276246130 -34.747951508
-0.270484269 0.030174069 0.962251425 109.327705383 -0.031466298 0.998697579 -0.040161967 -3.581591845 -0.962210059 -0.041141670 -0.269182473 -34.985858917
-0.262320071 0.030112321 0.964510918 110.186378479 -0.026962087 0.998894095 -0.038518708 -3.632311583 -0.964604199 -0.036109462 -0.261218011 -35.219753265
-0.254570752 0.031284004 0.966548026 111.046310425 -0.024026161 0.998963416 -0.038661227 -3.681325674 -0.966755569 -0.033064455 -0.253555238 -35.446041107
-0.247860909 0.031953681 0.968268573 111.906700134 -0.023078110 0.998977542 -0.038874719 -3.729227543 -0.968520641 -0.031981334 -0.246870056 -35.662296295
-0.241457522 0.030594938 0.969928980 112.783256531 -0.029191099 0.998821557 -0.038773246 -3.779354095 -0.969972253 -0.037675384 -0.240279898 -35.860591888
-0.235371679 0.028365988 0.971491456 113.646682739 -0.034005504 0.998721600 -0.037399877 -3.832442045 -0.971310377 -0.041838918 -0.234106183 -36.059238434
-0.231284827 0.028789604 0.972460032 114.516731262 -0.031620000 0.998811603 -0.037090078 -3.871165514 -0.972372055 -0.039327554 -0.230099648 -36.252273560
-0.226350322 0.029073702 0.973611951 115.393730164 -0.028754236 0.998919308 -0.036514353 -3.920535326 -0.973621368 -0.036260504 -0.225269735 -36.459438324
-0.221310154 0.030616030 0.974722743 116.263725281 -0.028191594 0.998888552 -0.037775960 -3.962718248 -0.974795818 -0.035839200 -0.220201075 -36.655406952
-0.215340763 0.029841207 0.976082921 117.131690979 -0.022353336 0.999120414 -0.035477053 -4.005687714 -0.976283073 -0.029458368 -0.214484319 -36.846923828
-0.210706964 0.028917389 0.977121472 118.006805420 -0.015498272 0.999337912 -0.032916930 -4.044239521 -0.977426410 -0.022079520 -0.210119262 -37.032718658
-0.206235811 0.028170783 0.978096724 118.883117676 -0.013424710 0.999409974 -0.031615287 -4.089874268 -0.978410184 -0.019650873 -0.205735922 -37.204021454
-0.201119363 0.029934440 0.979109228 119.804069519 -0.015391559 0.999312997 -0.033713724 -4.126755714 -0.979445815 -0.021850500 -0.200520456 -37.415386200
-0.197577909 0.031424288 0.979783416 120.674842834 -0.017005071 0.999225795 -0.035477012 -4.170109272 -0.980139673 -0.023670755 -0.196890563 -37.583683014
-0.195288733 0.031137615 0.980251372 121.544075012 -0.019649545 0.999171019 -0.035653245 -4.215673923 -0.980548978 -0.026224170 -0.194515005 -37.753791809
-0.194449708 0.030217858 0.980446935 122.423660278 -0.019659745 0.999204576 -0.034695048 -4.259244442 -0.980715513 -0.026021777 -0.193700954 -37.920143127
-0.194070891 0.025530092 0.980655253 123.315505981 -0.018745787 0.999382257 -0.029727407 -4.298902035 -0.980808318 -0.024152379 -0.193472430 -38.082580566
-0.193206117 0.020545483 0.980943084 124.188240051 -0.020321643 0.999482453 -0.024936326 -4.339014053 -0.980947673 -0.024752222 -0.192688599 -38.247688293
-0.192051813 0.018887080 0.981203079 125.047393799 -0.019489298 0.999544263 -0.023054790 -4.376535892 -0.981191218 -0.023550671 -0.191596180 -38.415405273
-0.190930471 0.023116531 0.981331348 125.927505493 -0.020532129 0.999409914 -0.027537182 -4.414678574 -0.981388807 -0.025406513 -0.190343201 -38.579994202
-0.191063777 0.027345350 0.981196702 126.779586792 -0.020197220 0.999290764 -0.031782530 -4.448778152 -0.981369793 -0.025889935 -0.190375969 -38.739383698
-0.191435680 0.026002236 0.981160700 127.640167236 -0.024271755 0.999217868 -0.031216480 -4.488854885 -0.981204987 -0.029790441 -0.190654844 -38.893302917
-0.191074803 0.025031315 0.981256366 128.477279663 -0.026082380 0.999192357 -0.030567745 -4.533778191 -0.981228888 -0.031434227 -0.190267622 -39.046340942
-0.189808786 0.026198305 0.981471479 129.328750610 -0.020340357 0.999324441 -0.030608516 -4.578834057 -0.981610298 -0.025773246 -0.189147696 -39.221515656
-0.188578397 0.028801458 0.981635749 130.161117554 -0.022181334 0.999189913 -0.033577681 -4.616485119 -0.981807530 -0.028106017 -0.187786803 -39.382991791
-0.189345360 0.029734390 0.981460273 130.997695923 -0.029703261 0.998910487 -0.035993479 -4.661320686 -0.981461108 -0.035967775 -0.188255876 -39.523658752
-0.188665837 0.030715931 0.981560886 131.835968018 -0.036693927 0.998592257 -0.038301833 -4.709266186 -0.981355548 -0.043243568 -0.187273160 -39.669906616
-0.188045919 0.034374584 0.981558502 132.660507202 -0.033431660 0.998584092 -0.041375633 -4.755344391 -0.981590986 -0.040595647 -0.186630487 -39.826770782
-0.187802747 0.035408527 0.981568336 133.494537354 -0.032019001 0.998598158 -0.042149022 -4.805928230 -0.981684744 -0.039344538 -0.186405733 -39.982975006
-0.185606107 0.036554344 0.981944084 134.316696167 -0.032922976 0.998515368 -0.043394309 -4.852687359 -0.982072473 -0.040382769 -0.184127077 -40.137542725
-0.184002995 0.036109317 0.982262194 135.143234253 -0.024175964 0.998856425 -0.041248124 -4.900325298 -0.982628345 -0.031336915 -0.182919577 -40.293270111
-0.180274755 0.033103950 0.983059049 135.957870483 -0.018440962 0.999144077 -0.037027333 -4.946388245 -0.983443439 -0.024803653 -0.179509982 -40.452766418
-0.178619683 0.028006040 0.983519495 136.770401001 -0.015126201 0.999398530 -0.031205308 -4.993303299 -0.983801961 -0.020450799 -0.178088635 -40.598255157
-0.174993500 0.027638637 0.984181583 137.579528809 -0.012882140 0.999455988 -0.030358111 -5.035327911 -0.984485269 -0.017990837 -0.174542248 -40.741935730
-0.169886038 0.032771762 0.984918714 138.380752563 -0.011297633 0.999316335 -0.035199530 -5.080726624 -0.985398948 -0.017107153 -0.169399664 -40.881061554
-0.163520917 0.035747156 0.985891998 139.178298950 -0.011041980 0.999214411 -0.038061641 -5.123017311 -0.986478090 -0.017110076 -0.162997738 -41.005378723
-0.155512646 0.036756180 0.987149835 139.978713989 -0.011419573 0.999173880 -0.039002895 -5.158877850 -0.987767875 -0.017338274 -0.154964432 -41.124305725
-0.145779938 0.032159396 0.988794208 140.779525757 -0.009396135 0.999381363 -0.033889029 -5.202133656 -0.989272416 -0.014231187 -0.145387620 -41.238391876
-0.134048879 0.030571947 0.990503013 141.571807861 -0.006395762 0.999476492 -0.031714480 -5.245515347 -0.990954101 -0.010586313 -0.133783177 -41.343955994
-0.120026909 0.033370424 0.992209613 142.364303589 -0.001674656 0.999426663 -0.033815734 -5.282758713 -0.992769241 -0.005720409 -0.119902223 -41.440120697
-0.105822228 0.034539890 0.993785024 143.151138306 -0.002182319 0.999386072 -0.034966942 -5.321197033 -0.994382739 -0.005869036 -0.105681889 -41.519626617
-0.091813900 0.034526613 0.995177448 143.938598633 -0.000972935 0.999395132 -0.034762703 -5.362343788 -0.995775700 -0.004159942 -0.091724783 -41.589336395
-0.078323841 0.036282483 0.996267557 144.718933105 -0.000289521 0.999336660 -0.036417015 -5.404636860 -0.996927977 -0.003140761 -0.078261383 -41.646163940
-0.064591393 0.042391732 0.997011006 145.487792969 -0.003264436 0.999082983 -0.042691328 -5.455255032 -0.997906387 -0.006012171 -0.064393774 -41.685794830
-0.051870041 0.051644083 0.997317612 146.251785278 -0.010363068 0.998580337 -0.052248456 -5.499922752 -0.998600066 -0.013045399 -0.051261216 -41.709472656
-0.038321730 0.059565522 0.997488499 147.011810303 -0.014727510 0.998079717 -0.060166623 -5.548375607 -0.999156892 -0.016996210 -0.037370887 -41.722396851
-0.025241258 0.060247835 0.997864246 147.775970459 -0.015421072 0.998040080 -0.060648527 -5.599190235 -0.999562383 -0.016918981 -0.024262695 -41.733993530
-0.013253204 0.056555271 0.998311520 148.544509888 -0.019019051 0.998204410 -0.056801673 -5.653801918 -0.999731302 -0.019739743 -0.012153777 -41.731166840
-0.002482984 0.054017048 0.998536944 149.308547974 -0.022680532 0.998280048 -0.054059550 -5.712903976 -0.999739707 -0.022781579 -0.001253579 -41.719688416
0.005978516 0.060574129 0.998145819 150.064971924 -0.027500333 0.997796059 -0.060388189 -5.772469997 -0.999603927 -0.027088314 0.007631149 -41.697940826
0.012933812 0.068642005 0.997557580 150.811828613 -0.030599777 0.997200906 -0.068220735 -5.826206207 -0.999448001 -0.029642686 0.014998039 -41.679065704
0.015870210 0.071341410 0.997325718 151.563598633 -0.032872349 0.996949315 -0.070791386 -5.882150650 -0.999333501 -0.031660970 0.018166952 -41.657432556
0.015829079 0.066609234 0.997653663 152.317520142 -0.035164353 0.997198462 -0.066020921 -5.942929268 -0.999256134 -0.034036785 0.018127002 -41.637489319
0.014312289 0.062299769 0.997954905 153.071975708 -0.036978006 0.997407317 -0.061735261 -6.010091782 -0.999213576 -0.036018807 0.016578902 -41.622684479
0.010833937 0.059674550 0.998159111 153.825256348 -0.036864650 0.997562885 -0.059238780 -6.060874462 -0.999261558 -0.036154997 0.013007415 -41.608108521
0.008373202 0.060192574 0.998151660 154.571746826 -0.034886025 0.997596622 -0.059866447 -6.112015247 -0.999356270 -0.034320273 0.010452959 -41.604255676
0.004329465 0.060164712 0.998179138 155.311676025 -0.033725500 0.997629285 -0.059985299 -6.168799877 -0.999421775 -0.033404388 0.006348288 -41.595767975
0.000102758 0.058836080 0.998267651 156.047180176 -0.032985482 0.997724593 -0.058800694 -6.224437237 -0.999455810 -0.032922294 0.002043261 -41.592971802
-0.005065077 0.058939092 0.998248756 156.785186768 -0.033587813 0.997688234 -0.059076428 -6.275470257 -0.999422967 -0.033828210 -0.003073733 -41.593711853
-0.010627389 0.056929257 0.998321712 157.527816772 -0.035073776 0.997742474 -0.057269603 -6.328696728 -0.999328256 -0.035623532 -0.008606674 -41.599498749
-0.016637968 0.054556780 0.998372018 158.280090332 -0.033173636 0.997930408 -0.055085480 -6.388221741 -0.999311090 -0.034036133 -0.014793688 -41.614295959
-0.022067904 0.054597866 0.998264492 159.012725830 -0.033896133 0.997892737 -0.055326845 -6.437593937 -0.999181747 -0.035058253 -0.020170745 -41.627925873
-0.028241122 0.056093797 0.998025954 159.724914551 -0.036329299 0.997707069 -0.057103876 -6.484718323 -0.998940766 -0.037870262 -0.026138520 -41.627513885
-0.032318663 0.057997145 0.997793496 160.462234497 -0.035916552 0.997602761 -0.059149399 -6.545538902 -0.998832107 -0.037748925 -0.030158132 -41.647953033
-0.033929352 0.060028646 0.997619867 161.198379517 -0.033839054 0.997553229 -0.061175514 -6.604593277 -0.998851180 -0.035834160 -0.031815030 -41.679107666
-0.035145741 0.061714087 0.997474909 161.910537720 -0.031246765 0.997535646 -0.062818810 -6.653903961 -0.998893499 -0.033375680 -0.033130769 -41.707324982
-0.034783117 0.060147163 0.997583330 162.629440308 -0.028342009 0.997726440 -0.061144006 -6.707421780 -0.998992860 -0.030400295 -0.032999348 -41.730552673
-0.029975135 0.056521364 0.997951329 163.348403931 -0.025278101 0.998037815 -0.057285525 -6.764634609 -0.999230981 -0.026943455 -0.028487565 -41.758235931
-0.023436649 0.056015458 0.998154819 164.038055420 -0.025602616 0.998068035 -0.056611724 -6.819822311 -0.999397397 -0.026882164 -0.021957228 -41.758350372
-0.012364968 0.057135314 0.998289943 164.729476929 -0.023728451 0.998068213 -0.057416528 -6.867099762 -0.999642015 -0.024397822 -0.010985349 -41.760574341
0.002245027 0.056770939 0.998384774 165.419082642 -0.020751921 0.998174846 -0.056712344 -6.921177864 -0.999782145 -0.020591078 0.003419033 -41.755405426
0.017572623 0.054528244 0.998357654 166.109069824 -0.021117913 0.998309374 -0.054153889 -6.967838287 -0.999622464 -0.020131601 0.018694432 -41.732212067
0.033479135 0.049109332 0.998232126 166.795761108 -0.025774920 0.998502195 -0.048258174 -7.019876957 -0.999107003 -0.024113715 0.034694783 -41.694721222
0.049937155 0.042293340 0.997856438 167.476058960 -0.026771488 0.998800635 -0.040993601 -7.063458443 -0.998393476 -0.024666997 0.051009521 -41.649372101
0.067225911 0.034951333 0.997125387 168.153671265 -0.026854264 0.999087572 -0.033209600 -7.100757122 -0.997376263 -0.024544524 0.068103172 -41.592826843
0.084346592 0.028284546 0.996034980 168.818496704 -0.028552437 0.999255180 -0.025958102 -7.131392956 -0.996027291 -0.026249748 0.085091367 -41.523551941
0.101019971 0.022476915 0.994630516 169.480361938 -0.030401342 0.999347568 -0.019495791 -7.162821293 -0.994419813 -0.028268635 0.101637408 -41.438777924
0.119356841 0.020208396 0.992645741 170.130081177 -0.031942554 0.999353409 -0.016504139 -7.191922188 -0.992337406 -0.029737759 0.119925179 -41.349887848
0.137264222 0.018788509 0.990356266 170.769485474 -0.030424325 0.999428332 -0.014743782 -7.212518215 -0.990067124 -0.028107125 0.137757406 -41.253780365
0.154795766 0.018404579 0.987775087 171.408142090 -0.030910200 0.999427199 -0.013777701 -7.228951454 -0.987462819 -0.028399592 0.155275956 -41.141143799
0.170206413 0.017416766 0.985254526 172.035766602 -0.036533039 0.999267936 -0.011353269 -7.246472836 -0.984731019 -0.034061946 0.170718089 -41.008216858
0.185069665 0.013956406 0.982626259 172.652862549 -0.038936622 0.999218106 -0.006858667 -7.267513275 -0.981953681 -0.036990818 0.185468391 -40.881263733
0.197035193 0.009899435 0.980346441 173.277648926 -0.035385326 0.999369264 -0.002979597 -7.282673359 -0.979757667 -0.034102794 0.197261199 -40.748203278
0.207887173 0.009016464 0.978111267 173.894927979 -0.033870317 0.999424160 -0.002014156 -7.297225475 -0.977566242 -0.032710209 0.208072871 -40.613906860
0.218021423 0.013127406 0.975855708 174.498825073 -0.038442668 0.999248981 -0.004853403 -7.312864780 -0.975186527 -0.036456350 0.218362361 -40.467384338
0.227067813 0.019787090 0.973677933 175.079483032 -0.042524591 0.999041438 -0.010385525 -7.336694717 -0.972950101 -0.039047036 0.227691650 -40.318706512
0.236167893 0.029337024 0.971269310 175.668258667 -0.042041339 0.998916805 -0.019949593 -7.353798866 -0.970802426 -0.036122013 0.237145439 -40.168994904
0.244543985 0.035255302 0.968997061 176.253402710 -0.037143651 0.998946011 -0.026971063 -7.370051861 -0.968926549 -0.029396478 0.245595723 -40.026802063
0.250594616 0.033293631 0.967519462 176.843597412 -0.036428157 0.999025047 -0.024942614 -7.386802197 -0.967406511 -0.028994469 0.251563102 -39.862678528
0.256481469 0.026028465 0.966198623 177.450942993 -0.039059374 0.999099910 -0.016546318 -7.400391579 -0.965759635 -0.033495296 0.257267237 -39.691230774
0.260848761 0.015179728 0.965260386 178.052322388 -0.043131102 0.999061167 -0.004055672 -7.421925545 -0.964415729 -0.040574826 0.261258543 -39.515628815
0.262975186 0.007104234 0.964776456 178.661575317 -0.043619689 0.999038041 0.004533170 -7.445774555 -0.963816047 -0.043275364 0.263031989 -39.344188690
0.264087141 0.006333446 0.964478016 179.265518188 -0.040200427 0.999181747 0.004446086 -7.459170818 -0.963660657 -0.039946582 0.264125586 -39.183845520
0.265443265 0.008331832 0.964090526 179.866851807 -0.036410168 0.999336004 0.001388389 -7.464846134 -0.963438749 -0.035471238 0.265570283 -39.019344330
0.267314643 0.008101797 0.963575244 180.466354370 -0.033189237 0.999448776 0.000803924 -7.467368603 -0.963037550 -0.032195233 0.267436236 -38.854801178
0.268687755 0.005966790 0.963208854 181.075546265 -0.035485178 0.999363363 0.003707855 -7.470016479 -0.962573528 -0.035175890 0.268728405 -38.673656464
0.271335691 0.002644272 0.962481141 181.683715820 -0.035879962 0.999328852 0.007369509 -7.474101067 -0.961815774 -0.036533389 0.271248490 -38.493816376
0.274572819 -0.002621653 0.961562753 182.297775269 -0.035478074 0.999287784 0.012855222 -7.484667778 -0.960911572 -0.037644092 0.274284303 -38.315582275
0.279198974 -0.005662292 0.960216582 182.933105469 -0.033343643 0.999322295 0.015588113 -7.485030174 -0.959654152 -0.036369298 0.278820992 -38.137081146
0.285734385 -0.007975872 0.958275676 183.550811768 -0.031161349 0.999359190 0.017609369 -7.482369423 -0.957802057 -0.034892760 0.285302758 -37.952964783
0.293136060 -0.010963395 0.956007898 184.166900635 -0.029866476 0.999341190 0.020618148 -7.479988098 -0.955604136 -0.034596507 0.292615503 -37.754283905
0.302861929 -0.012343230 0.952954471 184.788986206 -0.028281732 0.999359369 0.021932615 -7.477499485 -0.952614665 -0.033593759 0.302318841 -37.550933838
0.314022720 -0.010591112 0.949356437 185.402496338 -0.029500172 0.999346137 0.020906704 -7.479336262 -0.948957026 -0.034571353 0.313504964 -37.338165283
0.325531393 -0.006673040 0.945507765 186.016174316 -0.030552667 0.999378681 0.017572301 -7.475805283 -0.945037484 -0.034608118 0.325125247 -37.116264343
0.336953670 -0.003775034 0.941513658 186.638824463 -0.031645190 0.999381602 0.015332397 -7.472223282 -0.940989196 -0.034960691 0.336625814 -36.885303497
0.349359542 -0.003456650 0.936982393 187.247711182 -0.029386610 0.999460816 0.014644117 -7.462778568 -0.936527729 -0.032650799 0.349069566 -36.660060883
0.360730350 -0.006582132 0.932646930 187.875717163 -0.028455688 0.999431849 0.018059591 -7.460397243 -0.932235956 -0.033053748 0.360338092 -36.411491394
