1.000000000 -0.000000000 -0.000000000 0.000000000 -0.000000000 1.000000000 0.000000000 0.000000000 -0.000000000 0.000000000 1.000000000 0.000000000
0.999979198 0.000345475 -0.006445321 -0.008088213 -0.000343091 0.999999881 0.000370932 -0.001496234 0.006445448 -0.000368713 0.999979138 0.091071151
0.999907315 0.000932433 -0.013583816 -0.016119253 -0.000930953 0.999999583 0.000115230 -0.001340434 0.013583917 -0.000102573 0.999907732 0.187981606
0.999772727 0.001383082 -0.021272896 -0.026093345 -0.001395843 0.999998868 -0.000585044 -0.001954889 0.021272063 0.000614605 0.999773562 0.285563082
0.999542117 0.001741849 -0.030208552 -0.043106791 -0.001802151 0.999996424 -0.001969062 -0.002155110 0.030205013 0.002022601 0.999541700 0.389540493
0.999126852 0.001963847 -0.041733194 -0.059571810 -0.002108204 0.999991953 -0.003415317 -0.005365575 0.041726150 0.003500317 0.999122977 0.501448512
0.998463929 0.001521594 -0.055384349 -0.079257101 -0.001739377 0.999990940 -0.003884210 -0.010777896 0.055377938 0.003974578 0.998457551 0.625166655
0.997425735 0.001788399 -0.071684420 -0.108325444 -0.002113325 0.999987841 -0.004457140 -0.004287000 0.071675576 0.004597159 0.997417390 0.760270655
0.995904088 0.000293716 -0.090415381 -0.134989262 -0.000678594 0.999990821 -0.004226066 -0.008586248 0.090413310 0.004270112 0.995895147 0.916275084
0.993912756 -0.000683116 -0.110168003 -0.176683024 0.000199995 0.999990344 -0.004396303 -0.012352536 0.110169940 0.004347509 0.993903279 1.076604128
0.991238773 -0.001128410 -0.132077336 -0.227244183 0.000503896 0.999988556 -0.004761725 -0.014964558 0.132081196 0.004653453 0.991227984 1.238801003
0.987681508 0.002761443 -0.156453446 -0.273340702 -0.003836022 0.999971092 -0.006566840 -0.013097212 0.156430811 0.007086105 0.987663448 1.404925466
0.983301163 0.006914954 -0.181854337 -0.339065343 -0.008505776 0.999932051 -0.007969323 -0.018316563 0.181786880 0.009383056 0.983293176 1.579445720
0.977920413 0.009972401 -0.208739564 -0.412498027 -0.012154377 0.999884009 -0.009172996 -0.020283148 0.208623901 0.011507560 0.977928162 1.757869005
0.971171796 0.010325469 -0.238157168 -0.488507032 -0.012947843 0.999871492 -0.009449379 -0.022422047 0.238029003 0.012260591 0.971180677 1.945123911
0.963166535 0.012578376 -0.268611252 -0.581849813 -0.015538108 0.999839664 -0.008895486 -0.025952710 0.268456280 0.012741545 0.963207543 2.138027430
0.953633189 0.014440222 -0.300624579 -0.678005576 -0.017626422 0.999813497 -0.007888942 -0.028876355 0.300454617 0.012822093 0.953709900 2.331658363
0.942416370 0.016315961 -0.334043771 -0.773837328 -0.019706251 0.999782920 -0.006762810 -0.030704033 0.333860964 0.012956133 0.942533255 2.510607243
0.929924011 0.018929197 -0.367264301 -0.853286266 -0.022707464 0.999724329 -0.005969105 -0.040479206 0.367050052 0.013890455 0.930097461 2.649098396
0.915946305 0.021687668 -0.400714308 -0.956313908 -0.025998760 0.999647737 -0.005324085 -0.041294198 0.400457710 0.015294650 0.916187584 2.811220169
0.899872065 0.022433737 -0.435576677 -1.079991221 -0.027126271 0.999621630 -0.004557004 -0.041859765 0.435309649 0.015916292 0.900140047 2.995359182
0.881356359 0.017897876 -0.472112834 -1.207476497 -0.023039706 0.999721467 -0.005111706 -0.042747919 0.471889824 0.015382576 0.881523311 3.187987566
0.860312700 0.012531387 -0.509612560 -1.365450025 -0.017795494 0.999826729 -0.005456059 -0.046405528 0.509455800 0.013762725 0.860386729 3.386764765
0.835139334 0.014054974 -0.549858868 -1.524713993 -0.018367393 0.999828637 -0.002340188 -0.049575336 0.549731612 0.012053855 0.835254371 3.568676233
0.806073725 0.019588493 -0.591490865 -1.700425506 -0.022930890 0.999735236 0.001858551 -0.057762790 0.591370702 0.012065279 0.806309640 3.728455305
0.773566127 0.022694487 -0.633309066 -1.898807406 -0.026408603 0.999644876 0.003564804 -0.059076890 0.633164942 0.013967196 0.773890853 3.897168159
0.737430811 0.021518975 -0.675079763 -2.109802246 -0.025329264 0.999670267 0.004196986 -0.060016759 0.674947500 0.014004285 0.737732887 4.068938255
0.697675228 0.017020483 -0.716211975 -2.326781988 -0.019039677 0.999805093 0.005213053 -0.058037795 0.716161072 0.009999424 0.697863400 4.235097408
0.655113935 0.013191003 -0.755414844 -2.570735693 -0.014194190 0.999885917 0.005150395 -0.052246891 0.755396724 0.007348405 0.655226529 4.397746086
0.610580206 0.012754499 -0.791851759 -2.837278366 -0.011478994 0.999907672 0.007254481 -0.053852588 0.791871190 0.004660218 0.610670388 4.546318531
0.562272370 0.013552775 -0.826840997 -3.116909027 -0.009448460 0.999905646 0.009964290 -0.052582107 0.826898098 0.002209728 0.562347531 4.688943386
0.511880040 0.014451050 -0.858935297 -3.421936035 -0.007525431 0.999895573 0.012337854 -0.049854606 0.859023869 0.000148356 0.511935294 4.813492775
0.459201306 0.015879223 -0.888190329 -3.738022804 -0.006966535 0.999873817 0.014274165 -0.044394728 0.888304889 -0.000367106 0.459253967 4.920522213
0.404785246 0.017844073 -0.914237678 -4.070819855 -0.006425819 0.999840379 0.016669786 -0.035814770 0.914389193 -0.000872957 0.404835254 5.014301777
0.349468112 0.020099208 -0.936732590 -4.428838253 -0.005482324 0.999796569 0.019407053 -0.035372827 0.936932087 -0.001646674 0.349507242 5.100864410
0.294130445 0.024098376 -0.955461383 -4.787574291 -0.003044044 0.999700665 0.024277076 -0.041487083 0.955760360 -0.004232161 0.294115752 5.171185970
0.239358827 0.025082311 -0.970607102 -5.144949436 0.002280035 0.999648988 0.026395075 -0.035573393 0.970928431 -0.008530911 0.239217624 5.239471912
0.188543260 0.025587859 -0.981731474 -5.554263115 0.004368352 0.999628782 0.026893280 -0.029794594 0.982055128 -0.009359096 0.188361466 5.279469967
0.141359657 0.026404405 -0.989606082 -5.948371410 0.002408263 0.999632120 0.027015917 -0.025326015 0.989955366 -0.006202193 0.141244054 5.296221733
0.099156417 0.026091948 -0.994729698 -6.376030445 0.000022131 0.999656141 0.026223373 -0.009153498 0.995071888 -0.002622230 0.099121749 5.296728134
0.060633644 0.025003353 -0.997846842 -6.827113628 -0.001190769 0.999687314 0.024977110 -0.001742372 0.998159349 -0.000326250 0.060644444 5.297943115
0.026963186 0.022203356 -0.999389827 -7.279284477 -0.001222215 0.999753296 0.022178452 0.006513826 0.999635637 0.000623468 0.026983643 5.273266315
-0.004482379 0.019499959 -0.999799728 -7.755974293 -0.000665598 0.999809623 0.019503130 0.008930560 0.999989688 0.000752884 -0.004468564 5.246750832
-0.031340621 0.017896954 -0.999348521 -8.225661278 -0.000010709 0.999839664 0.017906088 0.012501630 0.999508798 0.000571889 -0.031335402 5.219080925
-0.051995691 0.015263354 -0.998530686 -8.732964516 -0.000555397 0.999882579 0.015312944 0.023524199 0.998647153 0.001350788 -0.051981110 5.172030926
-0.068274289 0.014465581 -0.997561753 -9.248724937 -0.000018218 0.999894798 0.014500660 0.032205053 0.997666657 0.001008196 -0.068266839 5.123700142
-0.081413291 0.014931946 -0.996568561 -9.795483589 0.000223946 0.999888003 0.014963389 0.041331496 0.996680319 0.000995041 -0.081407502 5.068416119
-0.091054641 0.016030703 -0.995716870 -10.345076561 0.000551799 0.999871135 0.016047128 0.048902269 0.995845735 0.000911730 -0.091051750 5.010676384
-0.097910322 0.017621163 -0.995039165 -10.912647247 -0.001669045 0.999838889 0.017870393 0.044088982 0.995193779 0.003410461 -0.097865127 4.946220875
-0.102301903 0.018444709 -0.994582415 -11.505824089 -0.001899523 0.999822617 0.018737273 0.050939206 0.994751513 0.003806091 -0.102248713 4.877891541
-0.103848167 0.018895753 -0.994413733 -12.109200478 0.000618190 0.999820590 0.018933937 0.064479828 0.994592905 0.001351518 -0.103841200 4.815895557
-0.102553807 0.021168802 -0.994502187 -12.729479790 0.002527006 0.999775887 0.021020470 0.070776895 0.994724214 -0.000357385 -0.102584310 4.746797562
-0.100857884 0.023583107 -0.994621336 -13.355217934 0.001770667 0.999721706 0.023524486 0.076497786 0.994899273 0.000611488 -0.100871578 4.679531097
-0.099297874 0.023668913 -0.994776189 -14.017455101 -0.000153663 0.999716699 0.023801802 0.079745710 0.995057702 0.002516329 -0.099266104 4.609115124
-0.097794883 0.021065218 -0.994983673 -14.682837486 -0.001678030 0.999770999 0.021331506 0.089995749 0.995205104 0.003755724 -0.097737148 4.543700695
-0.096321411 0.020812342 -0.995132685 -15.364889145 -0.001905288 0.999775648 0.021093866 0.103543520 0.995348513 0.003927805 -0.096260168 4.471550941
-0.094477177 0.023387212 -0.995252311 -16.069799423 -0.001966465 0.999717712 0.023678817 0.117892429 0.995525062 0.004194237 -0.094404519 4.399898529
-0.092966154 0.027299564 -0.995294929 -16.774877548 -0.003290956 0.999610066 0.027725320 0.117634103 0.995663822 0.005852988 -0.092840090 4.336806297
-0.091087855 0.029234380 -0.995413601 -17.503849030 -0.003359512 0.999554157 0.029663408 0.129609883 0.995837271 0.006046079 -0.090949051 4.264020920
-0.089540958 0.028443679 -0.995576859 -18.241365433 -0.004863509 0.999567628 0.028995117 0.142503485 0.995971322 0.007438248 -0.089363925 4.194595337
-0.087672152 0.025342444 -0.995826960 -18.998479843 -0.007468766 0.999631405 0.026096813 0.160760686 0.996121407 0.009725560 -0.087450579 4.114665031
-0.086012408 0.024669677 -0.995988548 -19.776832581 -0.008294367 0.999640882 0.025476439 0.174142227 0.996259570 0.010452384 -0.085776910 4.039337635
-0.084754281 0.027436260 -0.996024013 -20.543838501 -0.006135376 0.999587476 0.028056495 0.181053594 0.996382952 0.008488890 -0.084551007 3.985817432
-0.083765298 0.029474512 -0.996049404 -21.334720612 -0.004097142 0.999543786 0.029922472 0.194244280 0.996477067 0.006587422 -0.083606333 3.920676470
-0.082438931 0.031453546 -0.996099532 -22.131723404 -0.002985985 0.999489486 0.031807713 0.202445269 0.996591628 0.005596532 -0.082302935 3.853075743
-0.081638657 0.026837675 -0.996300519 -22.934429169 -0.002603548 0.999628186 0.027140653 0.213213027 0.996658564 0.004809642 -0.081538439 3.779421329
-0.081424557 0.019417038 -0.996490240 -23.739068985 -0.001642524 0.999806225 0.019615863 0.225465044 0.996678054 0.003233972 -0.081376895 3.713947773
-0.081536293 0.015114592 -0.996555746 -24.565807343 0.001650106 0.999885619 0.015030089 0.233378932 0.996668994 -0.000418925 -0.081551909 3.645706177
-0.081544846 0.015758649 -0.996545017 -25.393440247 0.002848351 0.999874592 0.015578227 0.244398415 0.996665597 -0.001568186 -0.081579499 3.571318150
-0.081534222 0.023322726 -0.996397555 -26.224021912 0.002503080 0.999727786 0.023195852 0.247964770 0.996667325 -0.000602807 -0.081570409 3.495974064
-0.082667388 0.030615129 -0.996106803 -27.080432892 0.001141393 0.999530196 0.030625626 0.255048156 0.996576548 0.001394791 -0.082663499 3.435615778
-0.082728334 0.035926376 -0.995924294 -27.915271759 -0.001088727 0.999346137 0.036140248 0.263951629 0.996571481 0.004074113 -0.082635120 3.348982573
-0.083162345 0.036199126 -0.995878339 -28.760669708 -0.003003139 0.999326468 0.036575239 0.275384247 0.996531487 0.006032444 -0.082997613 3.272161007
-0.083383135 0.032727104 -0.995979965 -29.600448608 -0.003326421 0.999445915 0.033119470 0.289445132 0.996511996 0.006074655 -0.083228067 3.193061352
-0.083513886 0.030285349 -0.996046245 -30.433725357 -0.003000075 0.999525964 0.030642683 0.305178076 0.996502101 0.005547304 -0.083383434 3.115546227
-0.083747812 0.031343017 -0.995994031 -31.274154663 -0.004589355 0.999482453 0.031838689 0.316888094 0.996476412 0.007237391 -0.083560616 3.035826683
-0.083735518 0.033453461 -0.995926321 -32.113636017 -0.005582993 0.999404967 0.034039710 0.328188479 0.996472359 0.008410583 -0.083498910 2.963511467
-0.083574504 0.032368712 -0.995975673 -32.942417145 -0.006623901 0.999432325 0.033036858 0.332756281 0.996479511 0.009358285 -0.083312646 2.886298180
-0.083389975 0.027188966 -0.996146023 -33.765918732 -0.007033841 0.999586761 0.027871694 0.345347136 0.996492147 0.009330952 -0.083164267 2.816737652
-0.082936555 0.022895614 -0.996291816 -34.599967957 -0.008953816 0.999678552 0.023718802 0.356859088 0.996514559 0.010887769 -0.082704894 2.734402657
-0.082480296 0.023664836 -0.996311665 -35.427028656 -0.008571833 0.999664187 0.024454096 0.362535834 0.996555805 0.010557197 -0.082249746 2.665326118
-0.081742540 0.026232935 -0.996308088 -36.256866455 -0.007208186 0.999611795 0.026911320 0.368332446 0.996627390 0.009381373 -0.081521720 2.593009233
-0.081220068 0.031321432 -0.996203840 -37.107395172 -0.006562445 0.999467552 0.031959079 0.379250705 0.996674538 0.009133250 -0.080971286 2.513345003
-0.080886371 0.036873680 -0.996041000 -37.932323456 -0.006164210 0.999277890 0.037494086 0.393961847 0.996704221 0.009172567 -0.080600657 2.454033375
-0.080954343 0.039677657 -0.995927751 -38.790771484 -0.006732671 0.999162734 0.040353801 0.412252158 0.996694982 0.009972068 -0.080619447 2.374825478
-0.080749914 0.039632682 -0.995946169 -39.624828339 -0.005847995 0.999173164 0.040235244 0.432814300 0.996717215 0.009073279 -0.080451369 2.303926229
-0.080983959 0.035151787 -0.996095419 -40.440998077 -0.006517660 0.999337852 0.035796106 0.448886067 0.996694028 0.009391120 -0.080701232 2.241911411
-0.080238178 0.030784633 -0.996300280 -41.271781921 -0.007152704 0.999479413 0.031458918 0.464767665 0.996750057 0.009650446 -0.079976216 2.160363197
-0.079988874 0.028380178 -0.996391654 -42.085594177 -0.011984759 0.999494970 0.029430686 0.467794895 0.996723652 0.014295640 -0.079608351 2.079892397
-0.080501661 0.026044358 -0.996414125 -42.913002014 -0.014841062 0.999516428 0.027324470 0.488324881 0.996643960 0.016987508 -0.080076203 2.002936602
-0.081304073 0.024735255 -0.996382356 -43.730262756 -0.012504383 0.999588013 0.025835188 0.485765845 0.996610880 0.014559650 -0.080961265 1.938845634
-0.082409769 0.020884635 -0.996379673 -44.560749054 -0.008995116 0.999724090 0.021698715 0.495035559 0.996557891 0.010750735 -0.082199171 1.870521426
-0.082984179 0.019099781 -0.996367812 -45.384300232 -0.004647285 0.999798059 0.019552594 0.506131113 0.996540070 0.006252962 -0.082878657 1.795936346
-0.085391790 0.022859905 -0.996085167 -46.209323883 -0.004413049 0.999718189 0.023321610 0.508068562 0.996337652 0.006387244 -0.085266851 1.726844430
-0.087002210 0.029302010 -0.995777130 -47.029144287 -0.001852441 0.999560773 0.029575204 0.510653675 0.996206403 0.004417726 -0.086909726 1.648354530
-0.088580243 0.033209670 -0.995515287 -47.837303162 -0.000633849 0.999441922 0.033397060 0.515529394 0.996068776 0.003589325 -0.088509761 1.567735434
-0.089670420 0.032407559 -0.995444119 -48.641029358 -0.000342194 0.999469459 0.032569434 0.522652984 0.995971441 0.003261150 -0.089611754 1.494285941
-0.090700746 0.028424004 -0.995472491 -49.441082001 -0.003717401 0.999576032 0.028879872 0.531883717 0.995871305 0.006319996 -0.090556629 1.410944104
-0.091896735 0.024724577 -0.995461524 -50.231349945 -0.008332801 0.999637663 0.025597543 0.540268064 0.995733678 0.010647313 -0.091657400 1.324539781
-0.093230918 0.023371419 -0.995370209 -51.020961761 -0.012713614 0.999615014 0.024661899 0.545569956 0.995563388 0.014954002 -0.092897899 1.236746907
-0.094180830 0.024382094 -0.995256424 -51.806850433 -0.014467241 0.999560952 0.025856579 0.552102745 0.995449960 0.016833808 -0.093786746 1.155120015
-0.095246650 0.026076961 -0.995112062 -52.594623566 -0.014484651 0.999514699 0.027578725 0.557751179 0.995348334 0.017040635 -0.094822720 1.075498223
-0.096082918 0.025473038 -0.995047271 -53.372894287 -0.016185597 0.999500453 0.027149931 0.564354002 0.995241702 0.018714078 -0.095622614 0.993485928
-0.096571341 0.025326338 -0.995003700 -54.150802612 -0.016938793 0.999489605 0.027084535 0.571055174 0.995181918 0.019469751 -0.096093051 0.910489619
-0.097272091 0.027094487 -0.994888902 -54.926528931 -0.015260976 0.999471188 0.028711373 0.579363406 0.995140791 0.017975789 -0.096807167 0.835007370
-0.097405732 0.029841896 -0.994797289 -55.693450928 -0.014217003 0.999406695 0.031372234 0.589854777 0.995143175 0.017198874 -0.096923687 0.756502211
-0.097664751 0.034224313 -0.994630694 -56.478805542 -0.014430775 0.999254763 0.035800412 0.597899556 0.995114744 0.017849728 -0.097098075 0.673340797
-0.098208763 0.036184020 -0.994507730 -57.233989716 -0.014699169 0.999176979 0.037805460 0.612049103 0.995057225 0.018331267 -0.097596057 0.597683549
-0.098931678 0.036365591 -0.994429529 -57.995384216 -0.014378831 0.999175370 0.037969634 0.619225681 0.994990289 0.018055134 -0.098327212 0.518335164
-0.099298835 0.034387745 -0.994463265 -58.732879639 -0.013678337 0.999261022 0.035919450 0.628005683 0.994963646 0.017169364 -0.098755091 0.443744898
-0.099222422 0.030649884 -0.994593084 -59.463172913 -0.013214224 0.999396741 0.032116190 0.643924952 0.994977534 0.016329421 -0.098757543 0.365470529
-0.099018835 0.027799116 -0.994697094 -60.190460205 -0.013785813 0.999475420 0.029304985 0.651989043 0.994990051 0.016614459 -0.098583654 0.286184520
-0.097831242 0.025486860 -0.994876623 -60.896469116 -0.014089395 0.999536335 0.026991718 0.660151780 0.995103240 0.016657842 -0.097426787 0.213986993
-0.095478877 0.024717564 -0.995124519 -61.589702606 -0.016889200 0.999507546 0.026446894 0.664058089 0.995288193 0.019331977 -0.095014401 0.140462056
-0.090939157 0.025550982 -0.995528579 -62.293834686 -0.017147195 0.999482393 0.027218813 0.670642257 0.995708823 0.019545777 -0.090453960 0.062312063
-0.085408643 0.027386541 -0.995969594 -62.940551758 -0.016739970 0.999441564 0.028917540 0.670126736 0.996205389 0.019142307 -0.084902495 0.014407063
-0.078022964 0.029006096 -0.996529460 -63.590438843 -0.015283499 0.999424398 0.030286973 0.673679829 0.996834397 0.017593538 -0.077534735 -0.032881919
-0.069753274 0.030184450 -0.997107506 -64.198158264 -0.016623355 0.999368012 0.031415783 0.676978052 0.997425675 0.018766627 -0.069207445 -0.067529321
-0.057625994 0.031750552 -0.997833192 -64.826263428 -0.018490108 0.999288678 0.032864690 0.686744869 0.998167038 0.020343903 -0.056997929 -0.110998541
-0.042735025 0.033438578 -0.998526692 -65.428375244 -0.022179468 0.999161661 0.034409076 0.691779196 0.998840153 0.023617264 -0.041957557 -0.137629405
-0.024258766 0.034518220 -0.999109685 -66.020736694 -0.023606975 0.999105215 0.035091259 0.698057175 0.999426961 0.024437226 -0.023422197 -0.148937404
-0.001914301 0.035308033 -0.999374628 -66.588699341 -0.023930795 0.999088526 0.035343762 0.707518876 0.999711812 0.023983488 -0.001067611 -0.143042177
0.023664953 0.036203157 -0.999064267 -67.133598328 -0.023361426 0.999091089 0.035650771 0.704854667 0.999446869 0.022495890 0.024489190 -0.118005432
0.052822225 0.035741124 -0.997964144 -67.635444641 -0.022432823 0.999149501 0.034596208 0.714446127 0.998351932 0.020559704 0.053579066 -0.066629343
0.086974993 0.036002938 -0.995559692 -68.128570557 -0.021161575 0.999188006 0.034285411 0.715443134 0.995985687 0.018085636 0.087666228 -0.010834213
0.125405774 0.035926219 -0.991454840 -68.607635498 -0.020867173 0.999218464 0.033568125 0.724644661 0.991886020 0.016479224 0.126057431 0.059152722
0.166529298 0.036272820 -0.985369086 -69.012229919 -0.020874415 0.999228895 0.033255201 0.719063699 0.985815525 0.015031039 0.167158067 0.146712631
0.212025940 0.036804825 -0.976570725 -69.469581604 -0.020164996 0.999242604 0.033281196 0.730263829 0.977056026 0.012636067 0.212607518 0.267007142
0.260782599 0.035025824 -0.964761913 -69.900672913 -0.016691469 0.999355853 0.031769924 0.739280641 0.965253294 0.007818248 0.261199296 0.414718300
0.308926076 0.029982474 -0.950613320 -70.288101196 -0.008880412 0.999550402 0.028640034 0.736266553 0.951044619 -0.000405814 0.309053421 0.610204518
0.359785050 0.024471633 -0.932714164 -70.691871643 -0.003047953 0.999681532 0.025052931 0.739989817 0.933030307 -0.006170803 0.359745055 0.812156320
0.411968112 0.019489538 -0.910989702 -71.079322815 0.002267453 0.999746263 0.022413755 0.746873379 0.911195457 -0.011299381 0.411819398 1.031310916
0.462735713 0.019392962 -0.886284113 -71.456787109 0.001345476 0.999744177 0.022578083 0.752683699 0.886495292 -0.011640164 0.462591290 1.270861030
0.511260629 0.018954584 -0.859216630 -71.814704895 0.002937382 0.999712408 0.023801792 0.747039795 0.859420717 -0.014692768 0.511057973 1.519487858
0.557036817 0.014205881 -0.830366313 -72.188446045 0.010867771 0.999643385 0.024392322 0.758622348 0.830416679 -0.022611653 0.556683898 1.801136851
0.601108909 0.008777543 -0.799118876 -72.458389282 0.019806307 0.999469042 0.025876794 0.749300003 0.798921645 -0.031382367 0.600615799 2.084183455
0.644020855 0.003389246 -0.765000463 -72.776824951 0.021557277 0.999512672 0.022576364 0.754676878 0.764704168 -0.031030972 0.643633842 2.393295765
0.685133755 -0.001023939 -0.728416622 -73.071678162 0.018602736 0.999697566 0.016092069 0.753208637 0.728179872 -0.024575759 0.684945405 2.714545965
0.725733697 -0.007529544 -0.687934518 -73.351577759 0.014667186 0.999882281 0.004529231 0.758432746 0.687819421 -0.013377083 0.725758553 3.052006483
0.764799297 -0.009775094 -0.644194484 -73.613945007 0.009970371 0.999944746 -0.003336293 0.755916238 0.644191504 -0.003871261 0.764854431 3.413133621
0.802179039 -0.011284943 -0.596976995 -73.891372681 0.008598176 0.999936044 -0.007348605 0.763172984 0.597021818 0.000761984 0.802224696 3.815719128
0.835713446 -0.011978442 -0.549035072 -74.104347229 0.008863273 0.999926090 -0.008324423 0.753315806 0.549094200 0.002090584 0.835757852 4.219022751
0.866391897 -0.010732650 -0.499249250 -74.328521729 0.006078028 0.999921739 -0.010948147 0.750697076 0.499327540 0.006450935 0.866389334 4.665385246
0.892284989 -0.009232580 -0.451378107 -74.536605835 0.005603814 0.999940336 -0.009375356 0.737240195 0.451437742 0.005836051 0.892283559 5.139872074
0.913230598 -0.003798639 -0.407425314 -74.728530884 0.000435576 0.999965131 -0.008346870 0.728273749 0.407442808 0.007445151 0.913200378 5.638256550
0.930678427 0.001487022 -0.365835160 -74.919815063 -0.005402795 0.999938607 -0.009680132 0.717420459 0.365798205 0.010985621 0.930629313 6.157878399
0.944385171 0.006502287 -0.328777075 -75.100517273 -0.009867556 0.999914587 -0.008568250 0.712150991 0.328693300 0.011335955 0.944368660 6.672646999
0.954288006 0.007226233 -0.298801005 -75.256446838 -0.009687371 0.999930263 -0.006756381 0.701732457 0.298731357 0.009342131 0.954291523 7.237057686
0.961564898 0.006437034 -0.274502397 -75.407928467 -0.008261651 0.999950767 -0.005491378 0.692566633 0.274453580 0.007548160 0.961570680 7.817223072
0.967240751 0.006362666 -0.253780663 -75.544998169 -0.007518955 0.999965310 -0.003586547 0.684008598 0.253749073 0.005377223 0.967255175 8.419257164
0.971751213 0.009410819 -0.235819995 -75.687255859 -0.009862012 0.999951124 -0.000733877 0.671964943 0.235801607 0.003038808 0.971796393 9.041441917
0.975382447 0.014327550 -0.220054105 -75.841773987 -0.014549715 0.999894023 0.000611185 0.668906689 0.220039546 0.002605587 0.975487411 9.685105324
0.978399336 0.017600572 -0.205973342 -76.010917664 -0.017534006 0.999843955 0.002148643 0.663345635 0.205979005 0.001509307 0.978555202 10.349850655
0.981028199 0.015920414 -0.193210825 -76.130706787 -0.015871700 0.999872386 0.001800111 0.658390641 0.193214819 0.001300625 0.981155574 11.013697624
0.983639777 0.015970616 -0.179437399 -76.251510620 -0.015996551 0.999871135 0.001302475 0.651529551 0.179435104 0.001589214 0.983768463 11.691319466
0.986174822 0.016784262 -0.164856404 -76.361785889 -0.016663790 0.999858916 0.002113868 0.642233968 0.164868608 0.000662489 0.986315250 12.389811516
0.988328218 0.017890627 -0.151285663 -76.464042664 -0.017682713 0.999839962 0.002719594 0.638092399 0.151310101 -0.000012710 0.988486230 13.105913162
0.990182757 0.017860372 -0.138633952 -76.564201355 -0.018029323 0.999837518 0.000037107 0.624428988 0.138612077 0.002462734 0.990343630 13.822742462
0.991726160 0.018094193 -0.127089515 -76.664215088 -0.018930407 0.999806523 -0.005374908 0.616599858 0.126967639 0.007736295 0.991876721 14.563430786
0.992970347 0.016219262 -0.117246859 -76.751449585 -0.017671151 0.999779403 -0.011354216 0.606729090 0.117036842 0.013346287 0.993037939 15.302609444
0.993875206 0.016051289 -0.109335817 -76.833221436 -0.017426042 0.999780536 -0.011629724 0.597250640 0.109125145 0.013463786 0.993936837 16.058469772
0.994596660 0.017516607 -0.102326594 -76.917884827 -0.018139295 0.999822199 -0.005157896 0.581261218 0.102218047 0.006986159 0.994737566 16.828109741
0.994964242 0.022261137 -0.097727001 -76.993507385 -0.022111455 0.999752104 0.002614557 0.565427899 0.097760990 -0.000440504 0.995209873 17.598102570
0.995313346 0.022660067 -0.094009593 -77.056015015 -0.022116302 0.999732196 0.006822136 0.549930811 0.094138995 -0.004711017 0.995548010 18.353853226
0.995708406 0.022816194 -0.089688309 -77.151611328 -0.022416839 0.999733746 0.005457637 0.533639133 0.089788936 -0.003423688 0.995954931 19.150009155
0.996021390 0.022426995 -0.086246081 -77.225189209 -0.022141062 0.999745727 0.004270588 0.528154850 0.086319923 -0.002344017 0.996264696 19.914472580
0.996318817 0.021367075 -0.083019309 -77.293540955 -0.020887425 0.999759734 0.006641889 0.517359376 0.083141282 -0.004883379 0.996525824 20.684539795
0.996562719 0.018816883 -0.080675900 -77.362998962 -0.018170284 0.999796629 0.008741497 0.514209688 0.080823973 -0.007245546 0.996702075 21.467498779
0.996828914 0.016465165 -0.077851862 -77.417030334 -0.015710354 0.999823511 0.010298036 0.506392837 0.078007668 -0.009042301 0.996911764 22.223033905
0.997021735 0.015593721 -0.075527430 -77.470069885 -0.015089096 0.999859810 0.007247450 0.493444681 0.075629853 -0.006086224 0.997117341 22.974420547
0.997109890 0.018417625 -0.073705018 -77.534645081 -0.018455409 0.999829710 0.000168423 0.482482880 0.073695570 0.001192320 0.997280002 23.726480484
0.997238278 0.019060332 -0.071779840 -77.595008850 -0.019650619 0.999778509 -0.007526330 0.470167249 0.071620502 0.008916063 0.997392058 24.474065781
0.997259557 0.020242317 -0.071158618 -77.644775391 -0.021122657 0.999709189 -0.011640849 0.453868657 0.070902281 0.013112007 0.997397065 25.229585648
0.997374475 0.022359010 -0.068877779 -77.705398560 -0.023081888 0.999686360 -0.009716996 0.432005852 0.068638913 0.011281313 0.997577727 25.981565475
0.997482121 0.025501736 -0.066174246 -77.767890930 -0.025931526 0.999647796 -0.005643864 0.412265033 0.066007018 0.007345653 0.997792065 26.742998123
0.997564077 0.028733285 -0.063562557 -77.830650330 -0.028830312 0.999584079 -0.000609670 0.395825535 0.063518599 0.002440714 0.997977674 27.504325867
0.997795701 0.027131910 -0.060559131 -77.887825012 -0.027107898 0.999631763 0.001218210 0.384527087 0.060569875 0.000426108 0.998163819 28.260320663
0.997914493 0.023299141 -0.060197223 -77.921447754 -0.023264363 0.999728680 0.001278641 0.364103556 0.060210682 0.000124476 0.998185694 29.001966476
0.998041034 0.021181850 -0.058865916 -77.966300964 -0.021164620 0.999775589 0.000916275 0.353482872 0.058872115 0.000331395 0.998265505 29.752141953
0.998127460 0.020960020 -0.057463136 -78.020523071 -0.021043612 0.999778211 -0.000849906 0.342393458 0.057432573 0.002057547 0.998347342 30.510583878
0.998182535 0.019173453 -0.057131734 -78.055229187 -0.019307494 0.999812126 -0.001795045 0.327335030 0.057086572 0.002894853 0.998365045 31.246349335
0.998219311 0.018085372 -0.056842230 -78.097831726 -0.018206198 0.999833047 -0.001608473 0.313636273 0.056803640 0.002640489 0.998381913 32.007774353
0.998224735 0.021347648 -0.055600993 -78.155044556 -0.021423902 0.999770224 -0.000775711 0.304028839 0.055571653 0.001965523 0.998452783 32.779865265
0.998228490 0.021354262 -0.055532452 -78.205604553 -0.021488288 0.999767542 -0.001817455 0.294037163 0.055480722 0.003007533 0.998455226 33.552413940
0.998157263 0.020871367 -0.056980573 -78.250518799 -0.020999251 0.999778092 -0.001646399 0.277425081 0.056933574 0.002839915 0.998373926 34.305000305
0.998076797 0.018714974 -0.059098136 -78.297729492 -0.018813942 0.999822319 -0.001118620 0.265979886 0.059066705 0.002228338 0.998251617 35.087535858
0.997874439 0.020184677 -0.061961837 -78.357063293 -0.020311793 0.999792635 -0.001422201 0.255065054 0.061920285 0.002677734 0.998077512 35.878868103
0.997604847 0.023986232 -0.064879313 -78.417388916 -0.024141539 0.999707162 -0.001610785 0.239483505 0.064821683 0.003173213 0.997891903 36.665584564
0.997426033 0.024322862 -0.067451380 -78.483505249 -0.024810113 0.999671757 -0.006395306 0.225667968 0.067273699 0.008052322 0.997702062 37.468238831
0.997263014 0.025068851 -0.069555469 -78.553161621 -0.025829373 0.999615848 -0.010056151 0.215340823 0.069276661 0.011825203 0.997527421 38.274475098
0.997143865 0.024316106 -0.071503825 -78.613403320 -0.025225515 0.999611676 -0.011842798 0.202321216 0.071188085 0.013612695 0.997370064 39.079322815
0.996990561 0.024323279 -0.073608831 -78.683952332 -0.025134305 0.999632955 -0.010111707 0.179181576 0.073335871 0.011931384 0.997235954 39.910453796
0.996832967 0.023125380 -0.076085545 -78.748977661 -0.023928680 0.999667048 -0.009663107 0.163885817 0.075836740 0.011453133 0.997054517 40.735031128
0.996703506 0.022237660 -0.078022987 -78.814628601 -0.022883629 0.999710798 -0.007394867 0.145319462 0.077835970 0.009155938 0.996924102 41.550533295
0.996641517 0.021772387 -0.078941070 -78.888282776 -0.022125764 0.999748647 -0.003604422 0.129428566 0.078842752 0.005338947 0.996872783 42.388587952
0.996563911 0.021338422 -0.080031715 -78.956748962 -0.021307865 0.999772191 0.001235902 0.117728427 0.080039844 0.000473649 0.996791542 43.231655121
0.996654928 0.022083260 -0.078683794 -79.037284851 -0.021873681 0.999754548 0.003524577 0.102169171 0.078742303 -0.001791682 0.996893406 44.068237305
0.996683002 0.024602443 -0.077573515 -79.103065491 -0.024436422 0.999696553 0.003088883 0.097080246 0.077625975 -0.001183019 0.996981800 44.954082489
0.996857882 0.024525013 -0.075317740 -79.173484802 -0.024479864 0.999699175 0.001522737 0.090738453 0.075332426 0.000325816 0.997158408 45.813259125
0.997007608 0.022363085 -0.073997572 -79.240859985 -0.022482015 0.999746859 -0.000774569 0.079753593 0.073961511 0.002435865 0.997258067 46.675624847
0.997192085 0.018963510 -0.072444014 -79.300117493 -0.019182563 0.999813199 -0.002329161 0.064967096 0.072386302 0.003712283 0.997369766 47.554759979
0.997369230 0.017118515 -0.070438616 -79.363334656 -0.017321033 0.999847412 -0.002265202 0.049642272 0.070389085 0.003479312 0.997513533 48.422332764
0.997459173 0.015092698 -0.069622688 -79.423637390 -0.015124634 0.999885619 0.000068448 0.036952663 0.069615744 0.000984744 0.997573376 49.305183411
0.997577786 0.012426843 -0.068438925 -79.491096497 -0.012272960 0.999921024 0.002668503 0.021725770 0.068466686 -0.001822092 0.997651637 50.157321930
0.997648776 0.011828888 -0.067504123 -79.552024841 -0.011650726 0.999927461 0.003032346 0.007176446 0.067535095 -0.002238744 0.997714341 51.028369904
0.997694135 0.013161189 -0.066581368 -79.615203857 -0.013194549 0.999912858 -0.000061291 -0.008803738 0.066574760 0.000939661 0.997780919 51.894767761
0.997680306 0.015684210 -0.066240974 -79.680503845 -0.016105590 0.999853253 -0.005832070 -0.024682654 0.066139780 0.006885391 0.997786582 52.765289307
0.997734725 0.017837690 -0.064862750 -79.746505737 -0.018650198 0.999754727 -0.011942639 -0.036637176 0.064633831 0.013125289 0.997822642 53.607780457
0.997689903 0.022479247 -0.064105421 -79.812210083 -0.023642469 0.999568284 -0.017444884 -0.063850008 0.063685603 0.018920196 0.997790635 54.459476471
0.997731388 0.022621617 -0.063405670 -79.864746094 -0.023826333 0.999548435 -0.018308720 -0.091075391 0.062962875 0.019777907 0.997819841 55.312313080
0.997813225 0.019428633 -0.063176952 -79.923126221 -0.020260224 0.999715984 -0.012548971 -0.109776936 0.062915213 0.013801509 0.997923434 56.164955139
0.997794986 0.019302415 -0.063501284 -79.986259460 -0.019580020 0.999801278 -0.003752189 -0.132522330 0.063416250 0.004987274 0.997974634 57.013175964
0.997684598 0.018918192 -0.065325707 -80.041793823 -0.018706998 0.999817669 0.003843177 -0.158085749 0.065386496 -0.002612229 0.997856498 57.884490967
0.997632384 0.015294285 -0.067049034 -80.108871460 -0.015187672 0.999882340 0.002099518 -0.173879415 0.067073248 -0.001076228 0.997747421 58.746242523
0.997554839 0.010112632 -0.069151573 -80.158210754 -0.010236234 0.999946594 -0.001433315 -0.187735513 0.069133364 0.002137662 0.997605085 59.583297729
0.997434616 0.008906263 -0.071027063 -80.233161926 -0.009147808 0.999953389 -0.003076208 -0.202873766 0.070996344 0.003718059 0.997469604 60.422180176
0.997144341 0.011020289 -0.074710988 -80.290199280 -0.011456739 0.999919653 -0.005415811 -0.221069619 0.074645296 0.006256290 0.997190475 61.254043579
0.996913552 0.012816949 -0.077453978 -80.370231628 -0.013533100 0.999870300 -0.008728354 -0.245372981 0.077332050 0.009749606 0.996957660 62.075016022
0.996550739 0.013629192 -0.081858814 -80.436599731 -0.014664557 0.999819696 -0.012060291 -0.263031453 0.081679672 0.013219114 0.996570885 62.867630005
0.996272087 0.015558757 -0.084851965 -80.514320374 -0.016939482 0.999735117 -0.015576511 -0.290467978 0.084587142 0.016955789 0.996271789 63.674774170
0.995924652 0.020605274 -0.087804683 -80.602523804 -0.022054214 0.999635577 -0.015563781 -0.318241656 0.087451987 0.017436817 0.996016026 64.471069336
0.995566070 0.023973983 -0.090958446 -80.695175171 -0.025327757 0.999584496 -0.013758306 -0.339582205 0.090590812 0.016001076 0.995759606 65.274749756
0.995087087 0.027206756 -0.095191240 -80.774337769 -0.028102038 0.999572396 -0.008076940 -0.359624535 0.094930790 0.010712327 0.995426238 66.072151184
0.994653106 0.027534317 -0.099533565 -80.860473633 -0.027925501 0.999606788 -0.002538843 -0.380049109 0.099424526 0.005304794 0.995030940 66.872848511
0.994204521 0.027008133 -0.104057409 -80.953178406 -0.027037142 0.999633789 0.001132002 -0.397633046 0.104049876 0.001687976 0.994570613 67.662406921
0.993470490 0.026034461 -0.111079417 -81.038871765 -0.025958113 0.999660730 0.002133714 -0.410245717 0.111097261 0.000763630 0.993809164 68.463142395
0.992872238 0.023676509 -0.116808094 -81.136123657 -0.023134405 0.999714434 0.005994777 -0.421683490 0.116916649 -0.003249762 0.993136406 69.248741150
0.992075324 0.024659310 -0.123200819 -81.241149902 -0.024157085 0.999692678 0.005568837 -0.434462935 0.123300269 -0.002548534 0.992366135 70.031234741
0.991223514 0.029601714 -0.128839612 -81.360832214 -0.029214749 0.999561191 0.004892716 -0.446305871 0.128927886 -0.001085758 0.991653383 70.800544739
0.990360618 0.031422544 -0.134901389 -81.476799011 -0.031559940 0.999501228 0.001120360 -0.456053555 0.134869292 0.003147920 0.990858376 71.567871094
0.989542842 0.030514639 -0.140974849 -81.588134766 -0.031059947 0.999516189 -0.001668914 -0.466548681 0.140855715 0.006030133 0.990011752 72.326446533
0.988738596 0.031228881 -0.146358326 -81.705398560 -0.031980321 0.999484539 -0.002783492 -0.481991678 0.146195963 0.007432730 0.989227712 73.083854675
0.987987339 0.033187464 -0.150928631 -81.832672119 -0.033248134 0.999444783 0.002122229 -0.490531445 0.150915280 0.002921360 0.988542378 73.852821350
0.987018704 0.034613404 -0.156831130 -81.960372925 -0.033990569 0.999399960 0.006652468 -0.505835354 0.156967297 -0.001235334 0.987603009 74.604896545
0.986103177 0.033269443 -0.162768841 -82.099784851 -0.032237764 0.999439895 0.008976229 -0.521249592 0.162976310 -0.003604182 0.986623406 75.368896484
0.984897494 0.031249039 -0.170295060 -82.230491638 -0.030866640 0.999511600 0.004893242 -0.526509106 0.170364797 0.000437094 0.985380948 76.123649597
0.983461380 0.029250963 -0.178740397 -82.370903015 -0.030117910 0.999544084 -0.002138163 -0.537228465 0.178596348 0.007486089 0.983893991 76.864524841
0.981892645 0.026147598 -0.187624693 -82.517448425 -0.027299594 0.999620974 -0.003558071 -0.552272201 0.187460542 0.008615721 0.982234240 77.596176147
0.979868054 0.025450446 -0.198016927 -82.679100037 -0.026126502 0.999658406 -0.000801848 -0.563425422 0.197928861 0.005959197 0.980198205 78.337051392
0.977537513 0.026082028 -0.209141120 -82.845336914 -0.025399411 0.999659777 0.005949432 -0.576180637 0.209225103 -0.000503732 0.977867305 79.074638367
0.974966466 0.027722474 -0.220616668 -83.029502869 -0.025386397 0.999587655 0.013417633 -0.579317093 0.220897660 -0.007481079 0.975268185 79.806922913
0.972352624 0.028932687 -0.231717885 -83.203201294 -0.025735665 0.999527395 0.016808683 -0.585979581 0.232094690 -0.010380552 0.972637773 80.519607544
0.969379187 0.032052048 -0.243467987 -83.398040771 -0.029975856 0.999475837 0.012228602 -0.593135536 0.243732288 -0.004555991 0.969831824 81.232757568
0.966375232 0.032154292 -0.255117834 -83.603797913 -0.032426775 0.999469280 0.003138924 -0.599531710 0.255083323 0.005239269 0.966904879 81.932662964
0.963054776 0.029655827 -0.267667919 -83.809371948 -0.031245092 0.999510348 -0.001679046 -0.601502061 0.267487019 0.009980321 0.963509738 82.646545410
0.959745169 0.027805230 -0.279492855 -84.018913269 -0.027915843 0.999603808 0.003585499 -0.616588414 0.279481858 0.004361114 0.960141122 83.346916199
0.956329703 0.029157652 -0.290832102 -84.248382568 -0.027157724 0.999571621 0.010911519 -0.623476684 0.291025668 -0.002536671 0.956711948 84.071495056
0.952651024 0.029074518 -0.302672565 -84.487281799 -0.025387095 0.999547899 0.016110895 -0.626436770 0.303004175 -0.007664086 0.952958465 84.781967163
0.948528945 0.026523899 -0.315577805 -84.725219727 -0.023124417 0.999627233 0.014512539 -0.631756186 0.315845102 -0.006468012 0.948788822 85.490989685
0.944699228 0.024577472 -0.327015698 -84.981315613 -0.022435002 0.999695003 0.010322577 -0.636391163 0.327169716 -0.002415133 0.944962621 86.189163208
0.941792190 0.020717664 -0.335556477 -85.240280151 -0.020686327 0.999779224 0.003668149 -0.648984134 0.335558414 0.003486797 0.942012906 86.895332336
0.939015090 0.016628392 -0.343473583 -85.501213074 -0.018489918 0.999826729 -0.002145151 -0.655485392 0.343378395 0.008365128 0.939159870 87.598716736
0.936357915 0.016189329 -0.350673139 -85.771850586 -0.018963551 0.999810159 -0.004478286 -0.662006319 0.350534052 0.010843286 0.936487198 88.301048279
0.933409393 0.021880373 -0.358145237 -86.066215515 -0.025085138 0.999676049 -0.004303894 -0.678591013 0.357935071 0.013001419 0.933655918 89.005699158
0.930238605 0.022282153 -0.366278201 -86.338699341 -0.024646334 0.999694645 -0.001779044 -0.694490373 0.366126686 0.010682352 0.930503666 89.701751709
0.927148521 0.022630712 -0.374010026 -86.628829956 -0.022471819 0.999736011 0.004786026 -0.697979987 0.374019623 0.003967330 0.927412212 90.406837463
0.924442172 0.024594856 -0.380528390 -86.921348572 -0.021070523 0.999687850 0.013425278 -0.708126366 0.380739778 -0.004392962 0.924671769 91.114082336
0.921876490 0.035392940 -0.385864168 -87.245170593 -0.029966570 0.999349296 0.020070367 -0.717929602 0.386323452 -0.006939375 0.922337174 91.814346313
0.919144094 0.041620485 -0.391716570 -87.557128906 -0.037966032 0.999133110 0.017073952 -0.717047393 0.392087698 -0.000821498 0.919927478 92.499862671
0.916719377 0.038141284 -0.397706866 -87.861007690 -0.037304465 0.999255419 0.009844342 -0.719091475 0.397786260 0.005811740 0.917459667 93.188140869
0.914680481 0.030572452 -0.403019965 -88.160949707 -0.032243062 0.999476552 0.002640949 -0.725712538 0.402889818 0.010578971 0.915187359 93.878753662
0.912771285 0.030872118 -0.407302886 -88.471206665 -0.033097401 0.999450862 0.001583115 -0.725366890 0.407128125 0.012035645 0.913291693 94.576438904
0.910855651 0.037556473 -0.411012769 -88.818328857 -0.037989050 0.999252796 0.007118677 -0.736404717 0.410973042 0.009129895 0.911601782 95.271949768
0.908440530 0.040164076 -0.416080087 -89.152687073 -0.039150752 0.999173045 0.010970809 -0.738900065 0.416176707 0.006323524 0.909261763 95.983604431
0.906509936 0.036192339 -0.420630366 -89.486022949 -0.035917934 0.999317944 0.008576864 -0.743680060 0.420653880 0.007333162 0.907191575 96.677207947
0.904064000 0.034862954 -0.425972879 -89.817779541 -0.037125021 0.999306202 0.002993997 -0.759982765 0.425781757 0.013107491 0.904730976 97.365402222
0.901895702 0.032469623 -0.430731863 -90.162765503 -0.037589088 0.999287546 -0.003377841 -0.767994702 0.430315346 0.019237280 0.902473629 98.063949585
