1.000000000 0.000000000 0.000000000 0.000000000 0.000000000 1.000000000 0.000000000 0.000000000 0.000000000 0.000000000 1.000000000 0.000000000
0.999934077 -0.002417869 0.011226312 0.015585167 0.002407237 0.999996662 0.000960466 -0.003153234 -0.011228597 -0.000933378 0.999936521 0.294632316
0.999827504 -0.004521850 0.018015601 0.024372099 0.004503067 0.999989271 0.001083068 -0.007262192 -0.018020306 -0.001001755 0.999837101 0.583262205
0.999778211 -0.007371136 0.019727670 0.038638003 0.007375716 0.999972761 -0.000159404 -0.010451828 -0.019725958 0.000304874 0.999805391 0.887618005
0.999814153 -0.008623976 0.017241362 0.048094165 0.008657289 0.999960780 -0.001858451 -0.009497410 -0.017224658 0.002007369 0.999849617 1.202326059
0.999883115 -0.011407278 0.010181062 0.053698801 0.011440791 0.999929309 -0.003239632 -0.012689943 -0.010143386 0.003355732 0.999942899 1.513506651
0.999908686 -0.013203016 -0.002876199 0.065231442 0.013186469 0.999896765 -0.005698139 -0.008391910 0.002951135 0.005659692 0.999979615 1.855064034
0.999726772 -0.012460775 -0.019776136 0.050500561 0.012344173 0.999905705 -0.006007266 -0.013251783 0.019849127 0.005761505 0.999786377 2.189307690
0.999229491 -0.007537039 -0.038515951 0.003137161 0.007333277 0.999958336 -0.005428850 -0.026114561 0.038555264 0.005142219 0.999243259 2.536827087
0.998289585 -0.004075744 -0.058320746 -0.040757634 0.003644078 0.999965131 -0.007506021 -0.021093588 0.058349308 0.007280658 0.998269737 2.884532452
0.996853352 -0.003972515 -0.079168104 -0.070002407 0.003354773 0.999962807 -0.007934375 -0.027237091 0.079196677 0.007643817 0.996829748 3.245308161
0.994905472 -0.005400599 -0.100667633 -0.114237554 0.004655151 0.999960005 -0.007638472 -0.028822465 0.100704864 0.007130935 0.994890809 3.623666048
0.992724180 -0.007317720 -0.120187722 -0.173322782 0.006573764 0.999956667 -0.006585277 -0.037711021 0.120230712 0.005747277 0.992729366 4.008083820
0.990260780 -0.006369374 -0.139079049 -0.227558345 0.005551147 0.999964893 -0.006270303 -0.039175782 0.139114112 0.005437186 0.990261436 4.412241459
0.987896979 -0.005348530 -0.155019253 -0.303977013 0.004528125 0.999973834 -0.005644900 -0.044794869 0.155045375 0.004874633 0.987895310 4.821090698
0.985643506 -0.004778260 -0.168771833 -0.385824323 0.003846357 0.999975562 -0.005848171 -0.052637395 0.168795645 0.005115055 0.985637784 5.239254475
0.983470142 -0.006031894 -0.180969775 -0.473396152 0.004862351 0.999964356 -0.006905581 -0.057982445 0.181004971 0.005911494 0.983464420 5.672988892
0.981647313 -0.009986007 -0.190443754 -0.567021787 0.008390100 0.999922633 -0.009184418 -0.066278309 0.190520719 0.007418017 0.981655180 6.112927437
0.980086386 -0.009486098 -0.198344767 -0.665177643 0.007447290 0.999911547 -0.011022582 -0.071007468 0.198431790 0.009325950 0.980070353 6.582083702
0.978574693 -0.008536523 -0.205715090 -0.772107422 0.006125552 0.999904871 -0.012353988 -0.085617661 0.205800965 0.010829180 0.978533864 7.057115078
0.976816475 -0.009356768 -0.213873863 -0.885345638 0.006348799 0.999871016 -0.014746779 -0.100117207 0.213984266 0.013047053 0.976749957 7.541290760
0.975029886 -0.013363942 -0.221671298 -1.000577211 0.009926525 0.999812663 -0.016613698 -0.109251678 0.221851811 0.013998423 0.974979877 8.038123131
0.972993195 -0.019515358 -0.230007187 -1.114216089 0.015691284 0.999706745 -0.018443435 -0.117861450 0.230299681 0.014336230 0.973014116 8.560010910
0.970863998 -0.019868556 -0.238805786 -1.235334635 0.015279565 0.999661624 -0.021052472 -0.133684352 0.239143267 0.016790241 0.970839083 9.061603546
0.968613207 -0.016152686 -0.248047426 -1.381472111 0.010039946 0.999614418 -0.025888728 -0.140257940 0.248369962 0.022585781 0.968401909 9.590443611
0.966449976 -0.012815854 -0.256534785 -1.542592883 0.005588093 0.999567091 -0.028883778 -0.158616111 0.256793916 0.026481189 0.966103256 10.128449440
0.964159429 -0.015435833 -0.264874101 -1.700648904 0.007659018 0.999509394 -0.030368185 -0.181670606 0.265212923 0.027251095 0.963804722 10.696975708
0.961675286 -0.018466007 -0.273568153 -1.862330317 0.009885380 0.999415994 -0.032711033 -0.200344503 0.274012417 0.028753066 0.961296260 11.267758369
0.959501088 -0.017957222 -0.281132072 -2.042840004 0.008430541 0.999349594 -0.035059784 -0.223648325 0.281578809 0.031269800 0.959028482 11.840030670
0.957166374 -0.016926484 -0.289043307 -2.232086897 0.005941817 0.999227881 -0.038838837 -0.252910882 0.289477497 0.035457794 0.956527829 12.420622826
0.954671681 -0.017879425 -0.297123164 -2.421821117 0.004993805 0.999016047 -0.044070553 -0.281561971 0.297618687 0.040589150 0.953821599 13.021348953
0.952870011 -0.019376861 -0.302759379 -2.623091936 0.003909704 0.998659611 -0.051610131 -0.315572441 0.303353578 0.047994051 0.951668620 13.631538391
0.951515436 -0.019915989 -0.306955785 -2.831005573 0.001500677 0.998190403 -0.060113005 -0.350217849 0.307597488 0.056737807 0.949823499 14.239581108
0.950388193 -0.019604331 -0.310448438 -3.050096512 -0.001850716 0.997638047 -0.068664953 -0.390327364 0.311061323 0.065832898 0.948107004 14.856366158
0.949022055 -0.018921623 -0.314641476 -3.275372267 -0.005785377 0.996982932 -0.077405512 -0.442793787 0.315156817 0.075279847 0.946049213 15.495425224
0.947672367 -0.018685153 -0.318697453 -3.501173258 -0.008787643 0.996380627 -0.084548317 -0.495791703 0.319123745 0.082924701 0.944078147 16.127994537
0.946036756 -0.016423319 -0.323642910 -3.737176418 -0.013908315 0.995736837 -0.091184080 -0.554652870 0.323760718 0.090764828 0.941775322 16.780439377
0.944296479 -0.015803402 -0.328716427 -3.980002642 -0.017225230 0.995103717 -0.097323254 -0.618868113 0.328644931 0.097564220 0.939400733 17.451921463
0.942789197 -0.013831648 -0.333102405 -4.228847027 -0.021636348 0.994494200 -0.102533087 -0.694309115 0.332686573 0.103874207 0.937299192 18.101551056
0.940697253 -0.011582658 -0.339049339 -4.478883743 -0.025778281 0.994086921 -0.105482370 -0.769029975 0.338266283 0.107967064 0.934836328 18.823392868
0.938898265 -0.010743620 -0.344027102 -4.749939442 -0.027855214 0.993862391 -0.107058108 -0.846484303 0.343065828 0.110099614 0.932836473 19.526008606
0.936557353 -0.010603626 -0.350353926 -5.018906116 -0.028482990 0.993934512 -0.106221914 -0.930384457 0.349355221 0.109462060 0.930574536 20.226299286
0.934333742 -0.010257953 -0.356251687 -5.299901485 -0.028993210 0.994084954 -0.104663670 -1.014872074 0.355218083 0.108119696 0.928509653 20.938554764
0.931646645 -0.010915457 -0.363201618 -5.585854053 -0.028326791 0.994325101 -0.102543794 -1.098789692 0.362259805 0.105822913 0.926050425 21.654735565
0.928273976 -0.010104164 -0.371759742 -5.884326458 -0.029125791 0.994585335 -0.099758439 -1.179211617 0.370754749 0.103430957 0.922953367 22.391887665
0.925085664 -0.008137340 -0.379671425 -6.199037552 -0.029716266 0.995153725 -0.093733691 -1.260883927 0.378594190 0.097994097 0.920360625 23.115776062
0.921507657 -0.003874354 -0.388340920 -6.531195164 -0.033374861 0.995460868 -0.089127764 -1.337041259 0.386923432 0.095092744 0.917195499 23.863052368
0.917983413 0.000197861 -0.396618843 -6.871687412 -0.036890212 0.995707452 -0.084886506 -1.419785619 0.394899487 0.092555761 0.914050221 24.612092972
0.913817883 0.001149653 -0.406122476 -7.211560726 -0.038301930 0.995782733 -0.083364464 -1.492290258 0.404313892 0.091735214 0.910008192 25.363821030
0.909872293 0.000726308 -0.414887786 -7.565421104 -0.038488813 0.995833874 -0.082664847 -1.561812162 0.413099259 0.091182984 0.906109571 26.120532990
0.905876398 0.000923965 -0.423541069 -7.934944630 -0.039132494 0.995902836 -0.081524633 -1.632841706 0.421730399 0.090425462 0.902200997 26.894964218
0.901713669 0.001626744 -0.432330698 -8.318860054 -0.040313728 0.995952249 -0.080334984 -1.698593497 0.430450141 0.089868002 0.898129344 27.677827835
0.898007452 0.000957931 -0.439979166 -8.705138206 -0.039204814 0.996194005 -0.077848986 -1.773972034 0.438230038 0.087158285 0.894627213 28.434572220
0.894111514 0.001298810 -0.447842449 -9.107061386 -0.038176820 0.996576846 -0.073329307 -1.849134445 0.446214169 0.082661778 0.891100407 29.230396271
0.890350103 0.004093044 -0.455258131 -9.524254799 -0.039414126 0.996898293 -0.068119638 -1.914971828 0.453567207 0.078593932 0.887749732 30.008369446
0.886529267 0.004228112 -0.462653220 -9.951784134 -0.038164910 0.997218728 -0.064017616 -1.980926991 0.461095721 0.074410617 0.884224832 30.811555862
0.882764578 0.003062628 -0.469805747 -10.384593010 -0.036586355 0.997390151 -0.062243808 -2.043363094 0.468389004 0.072135106 0.880572677 31.616884232
0.879318178 0.002946662 -0.476225644 -10.828775406 -0.036448780 0.997464120 -0.061128337 -2.110383749 0.474837840 0.071109094 0.877195835 32.435787201
0.876340270 0.003483631 -0.481680095 -11.294860840 -0.036340706 0.997602046 -0.058901213 -2.174168587 0.480319917 0.069122091 0.874365509 33.258056641
0.873092055 0.001094544 -0.487554222 -11.751913071 -0.033461936 0.997774005 -0.057682287 -2.229101181 0.486405760 0.066676460 0.871185184 34.089534760
0.870467722 0.000444643 -0.492225289 -12.250308037 -0.033041697 0.997796774 -0.057530705 -2.295397758 0.491115212 0.066342577 0.868564546 34.935371399
0.868149877 -0.001339061 -0.496300280 -12.719826698 -0.031746130 0.997798681 -0.058223844 -2.351969004 0.495285720 0.066302642 0.866196275 35.774486542
0.866723716 -0.001084895 -0.498787463 -13.226054192 -0.032373622 0.997766793 -0.058424585 -2.415660858 0.497736990 0.066785537 0.864752889 36.637741089
0.866350055 -0.000852815 -0.499436438 -13.735583305 -0.032333668 0.997804940 -0.057791568 -2.478719950 0.498389393 0.066216342 0.864420831 37.495803833
0.866101384 -0.000538121 -0.499867946 -14.249263763 -0.031508990 0.997952044 -0.055668693 -2.547292471 0.498874187 0.063965075 0.864310741 38.380348206
0.865871251 -0.001495858 -0.500264645 -14.774968147 -0.030360144 0.997995138 -0.055532273 -2.608395815 0.499344766 0.063271895 0.864089966 39.260864258
0.865175009 -0.003751785 -0.501456022 -15.302683830 -0.028026499 0.998047233 -0.055822033 -2.677576542 0.500686228 0.062349871 0.863380492 40.167343140
0.864010513 -0.006366238 -0.503433406 -15.825853348 -0.025507824 0.998082399 -0.056398828 -2.741404295 0.502827048 0.061570678 0.862191319 41.061614990
0.862311423 -0.006824433 -0.506332219 -16.370775223 -0.024009760 0.998233557 -0.054344308 -2.806613684 0.505808651 0.059018627 0.860624492 41.998485565
0.860151172 -0.005837505 -0.510005713 -16.920658112 -0.023308197 0.998439908 -0.050738599 -2.870521784 0.509506166 0.055530179 0.858673275 42.908134460
0.857502043 -0.005796438 -0.514447868 -17.481376648 -0.021330047 0.998676181 -0.046806142 -2.933857918 0.514038146 0.051109564 0.856243312 43.821498871
0.853469551 -0.005960183 -0.521108568 -18.053010941 -0.020185692 0.998806119 -0.044483908 -3.005679131 0.520751536 0.048484594 0.852330387 44.737182617
0.848258495 -0.009311615 -0.529500365 -18.621511459 -0.018362498 0.998727024 -0.046979960 -3.065349340 0.529263854 0.049574103 0.847007811 45.638267517
0.842075348 -0.013507757 -0.539190769 -19.195497513 -0.016066408 0.998614550 -0.050108731 -3.129071236 0.539120615 0.050858185 0.840691626 46.537178040
0.836215973 -0.013461646 -0.548235059 -19.788894653 -0.016194560 0.998656571 -0.049222883 -3.192112207 0.548161149 0.050039388 0.834874511 47.420578003
0.830035567 -0.010062875 -0.557619572 -20.384662628 -0.017482655 0.998876393 -0.044049378 -3.251472235 0.557436168 0.046311226 0.828927100 48.302028656
0.824743509 -0.004900669 -0.565485716 -20.997711182 -0.021340594 0.998980522 -0.039782062 -3.310770512 0.565104127 0.044877801 0.823798120 49.180492401
0.820892334 -0.005589454 -0.571055591 -21.616685867 -0.021840092 0.998913348 -0.041172441 -3.364062548 0.570665181 0.046270046 0.819878280 50.046497345
0.817072690 -0.008128646 -0.576477349 -22.222658157 -0.021957938 0.998736382 -0.045204900 -3.429678679 0.576116443 0.049593940 0.815861702 50.904277802
0.814025939 -0.010408371 -0.580735266 -22.851772308 -0.024327619 0.998351216 -0.051993605 -3.493316889 0.580318868 0.056452047 0.812430382 51.770118713
0.810463607 -0.011985279 -0.585666418 -23.485212326 -0.024038844 0.998268008 -0.053694602 -3.558799982 0.585295558 0.057596263 0.808771729 52.665596008
0.807174444 -0.010334837 -0.590222597 -24.128273010 -0.023577658 0.998484492 -0.049727771 -3.624285221 0.589841902 0.054055050 0.805707395 53.525432587
0.804411113 -0.007472488 -0.594026148 -24.775842667 -0.023486437 0.998739123 -0.044368107 -3.687834024 0.593608618 0.049641751 0.803221285 54.373565674
0.801335871 -0.005340492 -0.598190784 -25.417732239 -0.024185082 0.998853385 -0.041315820 -3.749113560 0.597725451 0.047575142 0.800287962 55.202068329
0.798181593 -0.005018222 -0.602396071 -26.076076508 -0.025556866 0.998782992 -0.042183436 -3.799143076 0.601874530 0.049065396 0.797081888 56.062091827
0.794404149 -0.006269323 -0.607357204 -26.732164383 -0.025420459 0.998727441 -0.043558322 -3.858462572 0.606857359 0.050042212 0.793233812 56.923141479
0.790146589 -0.009346924 -0.612846732 -27.399726868 -0.024140300 0.998633265 -0.046355020 -3.916414976 0.612442374 0.051421560 0.788840950 57.790149689
0.786113083 -0.010043603 -0.618001103 -28.057901382 -0.023730652 0.998640299 -0.046415649 -3.978756189 0.617626965 0.051153522 0.784805834 58.607582092
0.781377256 -0.010961004 -0.623962641 -28.730482101 -0.022074398 0.998734534 -0.045187917 -4.047504902 0.623668313 0.049082410 0.780146599 59.442066193
0.776512623 -0.010742714 -0.630010188 -29.415487289 -0.022244986 0.998763978 -0.044448409 -4.106834888 0.629708946 0.048529319 0.775313854 60.271026611
0.771214187 -0.011949429 -0.636463642 -30.124681473 -0.022237526 0.998707831 -0.045696069 -4.167828083 0.636187255 0.049394827 0.769951880 61.123935699
0.765472054 -0.013625141 -0.643324912 -30.834447861 -0.020986788 0.998715281 -0.046123568 -4.238474846 0.643126845 0.048807628 0.764202595 61.967636108
0.759884775 -0.014921283 -0.649886608 -31.549860001 -0.020511206 0.998688459 -0.046912596 -4.299951553 0.649734139 0.048978124 0.758581936 62.794639587
0.754152298 -0.016249863 -0.656498432 -32.278514862 -0.020396320 0.998631835 -0.048148725 -4.362589359 0.656382680 0.049701627 0.752789140 63.620761871
0.748132944 -0.017970165 -0.663305402 -33.009288788 -0.019785816 0.998584509 -0.049369641 -4.425865650 0.663253784 0.050059102 0.746718466 64.436614990
0.741618872 -0.019276114 -0.670544446 -33.748359680 -0.018608363 0.998611271 -0.049287796 -4.493494987 0.670563281 0.049030501 0.740230262 65.256225586
0.735256076 -0.019039162 -0.677522063 -34.509731293 -0.017750563 0.998721719 -0.047328398 -4.562804222 0.677556992 0.046824887 0.733978152 66.076789856
0.728684485 -0.019218963 -0.684579790 -35.275310516 -0.017573852 0.998752236 -0.046745151 -4.621749401 0.684623897 0.046093170 0.727437556 66.891593933
0.722039938 -0.021127371 -0.691528618 -36.035102844 -0.016381968 0.998731256 -0.047617696 -4.686915398 0.691657305 0.045710478 0.720777810 67.685951233
0.715258658 -0.023582758 -0.698461831 -36.820434570 -0.015324713 0.998660922 -0.049411871 -4.748413563 0.698691785 0.046046004 0.713939488 68.497589111
0.709135890 -0.022854850 -0.704701424 -37.628906250 -0.016888594 0.998637140 -0.049382634 -4.809951782 0.704869568 0.046920411 0.707783461 69.297424316
0.703571856 -0.022387497 -0.710271358 -38.455055237 -0.017041834 0.998684585 -0.048359267 -4.880677700 0.710419714 0.046128556 0.702264905 70.103424072
0.698426962 -0.022085993 -0.715340436 -39.273696899 -0.017714800 0.998683929 -0.048130114 -4.946006775 0.715462029 0.046287481 0.697116613 70.900009155
0.693218350 -0.022896321 -0.720363796 -40.108039856 -0.018596400 0.998594224 -0.049635343 -5.005123615 0.720487595 0.047804311 0.691818178 71.698364258
0.687937319 -0.024771422 -0.725347161 -40.948062897 -0.018872533 0.998468757 -0.051998012 -5.083136559 0.725524664 0.049460512 0.686416447 72.486938477
0.683047652 -0.027913634 -0.729840219 -41.793537140 -0.017383592 0.998364925 -0.054452766 -5.150720596 0.730166852 0.049881082 0.681445599 73.266632080
0.677788794 -0.028061349 -0.734721065 -42.653354645 -0.018517347 0.998302996 -0.055210862 -5.225273132 0.735023439 0.051026389 0.676119030 74.056114197
0.672769785 -0.027584523 -0.739337504 -43.523124695 -0.017927799 0.998403430 -0.053563852 -5.300764084 0.739634693 0.049290836 0.671201169 74.841102600
0.667400122 -0.027663983 -0.744185269 -44.415790558 -0.017360415 0.998460233 -0.052685447 -5.376439095 0.744496942 0.048081648 0.665892184 75.631935120
0.662121534 -0.029447939 -0.748817563 -45.286521912 -0.016327614 0.998423517 -0.053701170 -5.440756321 0.749218583 0.047783110 0.660596967 76.405303955
0.657364547 -0.029730670 -0.752986014 -46.183612823 -0.015753057 0.998460889 -0.053175505 -5.523211956 0.753408074 0.046817522 0.655884445 77.159858704
0.652462304 -0.031035954 -0.757185340 -47.075294495 -0.014156582 0.998487592 -0.053125225 -5.593425274 0.757688880 0.045381371 0.651036143 77.940948486
0.648656011 -0.031542789 -0.760427833 -48.005100250 -0.013280050 0.998519599 -0.052747000 -5.671752453 0.760965824 0.044313170 0.647276998 78.715026855
0.645093501 -0.034059804 -0.763344228 -48.908630371 -0.011467891 0.998461962 -0.054241955 -5.742290020 0.764017582 0.043745074 0.643710732 79.457588196
0.640289068 -0.038730875 -0.767156959 -49.836547852 -0.008149245 0.998329282 -0.057203460 -5.824285030 0.768090785 0.042878501 0.638903737 80.241104126
0.635308385 -0.043281876 -0.771044731 -50.756122589 -0.003855596 0.998237967 -0.059212003 -5.894295692 0.772248983 0.040590718 0.634022057 81.007797241
0.628784239 -0.046523452 -0.776186764 -51.689456940 0.000645404 0.998239398 -0.059310105 -5.974608898 0.777579546 0.036792312 0.627707243 81.757019043
0.620038092 -0.050346278 -0.782954752 -52.630481720 0.005219650 0.998181581 -0.060052443 -6.053270817 0.784554362 0.033148058 0.619173348 82.505569458
0.611213684 -0.051118959 -0.789812982 -53.592342377 0.008442352 0.998276353 -0.058078006 -6.143246174 0.791420639 0.028830193 0.610591829 83.243240356
0.602235854 -0.049571365 -0.796777666 -54.571315765 0.008503654 0.998411953 -0.055688605 -6.221865654 0.798273027 0.026762150 0.601700962 83.979324341
0.593573272 -0.049262617 -0.803270757 -55.533660889 0.007863391 0.998432100 -0.055420760 -6.305089474 0.804741502 0.026579855 0.593029916 84.668411255
0.583846569 -0.050817434 -0.810271978 -56.527931213 0.007072994 0.998319566 -0.057514630 -6.380005836 0.811833203 0.027848676 0.583224952 85.383872986
0.573513567 -0.052976917 -0.817481279 -57.531158447 0.007040268 0.998188615 -0.059748489 -6.460565567 0.819165826 0.028511280 0.572847605 86.094490051
0.563425004 -0.054781724 -0.824348927 -58.555160522 0.007818503 0.998108029 -0.060985025 -6.547193527 0.826130211 0.027915312 0.562787294 86.804374695
0.552856207 -0.055632006 -0.831417501 -59.585426331 0.010981313 0.998168647 -0.059487604 -6.637776375 0.833204329 0.023758035 0.552454650 87.497032166
0.543771446 -0.055765729 -0.837378502 -60.643039703 0.011785143 0.998198867 -0.058822703 -6.718464375 0.839150608 0.022117481 0.543449283 88.155113220
0.532319129 -0.056693122 -0.844643235 -61.684688568 0.011627290 0.998150468 -0.059668794 -6.797258377 0.846463919 0.021941928 0.531993806 88.828941345
0.521592498 -0.057293676 -0.851269007 -62.754684448 0.011192072 0.998116374 -0.060319439 -6.895215034 0.853121340 0.021934697 0.521251321 89.490127563
0.511740148 -0.057521295 -0.857212543 -63.833145142 0.009599099 0.998076737 -0.061243176 -6.983589172 0.859086633 0.023112126 0.511308193 90.125396729
0.502264619 -0.058637351 -0.862723589 -64.920333862 0.008615760 0.997988045 -0.062815003 -7.073946476 0.864670992 0.024116734 0.501759350 90.742530823
0.493082613 -0.058663875 -0.868002355 -66.035293579 0.007561110 0.997975230 -0.063152872 -7.162595749 0.869949639 0.024576526 0.492527783 91.353157043
0.483959556 -0.056188516 -0.873284578 -67.153198242 0.006941267 0.998151541 -0.060375925 -7.257705212 0.875062823 0.023157807 0.483455032 91.974075317
0.475814700 -0.055036273 -0.877821982 -68.262023926 0.007749693 0.998263836 -0.058386907 -7.347296715 0.879511356 0.020978499 0.475415140 92.575500488
0.468402058 -0.055336505 -0.881780803 -69.367668152 0.007515088 0.998250127 -0.058653567 -7.430370331 0.883483469 0.020846792 0.467998266 93.142105103
0.460323423 -0.058855008 -0.885798216 -70.501487732 0.009848054 0.998077154 -0.061197393 -7.517740250 0.887696683 0.019447207 0.460017860 93.736076355
0.453688502 -0.062019143 -0.888999581 -71.634307861 0.012392147 0.997918069 -0.063293435 -7.608519554 0.891074181 0.017698895 0.453512490 94.301940918
0.447666258 -0.064605154 -0.891863823 -72.749977112 0.013197140 0.997755468 -0.065651506 -7.707603931 0.894103289 0.017619923 0.447514057 94.864784241
0.442194670 -0.068063125 -0.894332826 -73.898628235 0.014932071 0.997537017 -0.068534441 -7.808753014 0.896794736 0.016951326 0.442121893 95.427352905
0.436872184 -0.068919815 -0.896879435 -75.048240662 0.018080069 0.997531891 -0.067847505 -7.915426254 0.899341881 0.013425048 0.437040001 95.993179321
0.432842553 -0.066113852 -0.899041891 -76.201354980 0.019660771 0.997762084 -0.063907899 -8.018583298 0.901255071 0.009986199 0.433173686 96.547523499
0.428484231 -0.064382039 -0.901252627 -77.342720032 0.023144377 0.997913003 -0.060283504 -8.120244026 0.903252840 0.004971598 0.429080069 97.097335815
0.425572067 -0.063602343 -0.902686596 -78.476715088 0.023667214 0.997967958 -0.059157856 -8.210848808 0.904614985 0.003811853 0.426212579 97.618949890
0.422784477 -0.063481420 -0.904004097 -79.607589722 0.025437314 0.997981668 -0.058184240 -8.302595139 0.905873179 0.001603958 0.423546016 98.145179749
0.420828462 -0.061876193 -0.905027509 -80.737083435 0.026208503 0.998083770 -0.056051716 -8.403706551 0.906761527 -0.000131257 0.421643794 98.655677795
0.418980986 -0.061077055 -0.905938387 -81.872344971 0.027995430 0.998129606 -0.054345049 -8.488174438 0.907563329 -0.002592593 0.419907212 99.160583496
0.415888160 -0.062374376 -0.907274187 -83.016929626 0.030926278 0.998038054 -0.054437939 -8.569676399 0.908889771 -0.005418518 0.417001218 99.698547363
0.414328963 -0.062416364 -0.907984376 -84.096626282 0.032208156 0.998026311 -0.053908844 -8.655550003 0.909557104 -0.006908504 0.415521473 100.190193176
0.412198901 -0.061690032 -0.909002960 -85.201683044 0.035647292 0.998033106 -0.051567398 -8.735480309 0.910396159 -0.011147467 0.413587213 100.698608398
0.409525424 -0.061526082 -0.910221696 -86.299064636 0.038052570 0.998006940 -0.050339364 -8.811698914 0.911504805 -0.014021027 0.411050409 101.200416565
0.407953560 -0.063509814 -0.910791099 -87.402374268 0.040587977 0.997852981 -0.051400866 -8.885592461 0.912100077 -0.015998006 0.409655392 101.694007874
0.406720489 -0.063585378 -0.911337137 -88.453300476 0.041482568 0.997831285 -0.051106960 -8.981993675 0.912610352 -0.017018354 0.408476025 102.171379089
0.406109363 -0.064408273 -0.911551833 -89.520606995 0.041278146 0.997787774 -0.052111521 -9.066416740 0.912891746 -0.016464191 0.407869607 102.645477295
0.406695783 -0.065383680 -0.911220968 -90.571937561 0.040578056 0.997744083 -0.053481273 -9.143043518 0.912661910 -0.015224967 0.408431381 103.114906311
0.408996969 -0.065182596 -0.910204709 -91.615753174 0.038892228 0.997784376 -0.053978395 -9.231057167 0.911706567 -0.013322903 0.410625815 103.579872131
0.413107157 -0.065161653 -0.908348083 -92.654296875 0.036914296 0.997815192 -0.054791469 -9.313852310 0.909933984 -0.010896288 0.414609939 104.052474976
0.418470889 -0.065510392 -0.905864477 -93.695800781 0.035199314 0.997815669 -0.055899557 -9.399061203 0.907547891 -0.008493474 0.419862688 104.517066956
0.424515784 -0.065662324 -0.903036416 -94.732734680 0.034941886 0.997811973 -0.056127600 -9.476882935 0.904745996 -0.007726738 0.425881326 105.000434875
0.431312293 -0.064940728 -0.899862409 -95.743942261 0.033756591 0.997869194 -0.055833783 -9.549359322 0.901570976 -0.006294493 0.432585478 105.487106323
0.439541668 -0.063021928 -0.896008551 -96.750373840 0.032849334 0.997996092 -0.054080933 -9.634927750 0.897621393 -0.005662461 0.440731049 105.966743469
0.448733300 -0.062691763 -0.891464055 -97.726936340 0.032456245 0.998021543 -0.053847969 -9.714423180 0.893076062 -0.004770205 0.449880272 106.449745178
0.458426595 -0.062301431 -0.886545897 -98.716430664 0.031326402 0.998052716 -0.053938843 -9.785547256 0.888180017 -0.003045296 0.459485590 106.952720642
0.467658490 -0.062801316 -0.881675422 -99.691528320 0.030557193 0.998025179 -0.054880705 -9.871348381 0.883380890 -0.001276101 0.468654007 107.474517822
0.477910250 -0.065520406 -0.875961661 -100.655685425 0.029793702 0.997849584 -0.058382466 -9.933325768 0.877903223 0.001803434 0.478834659 107.999626160
0.489640832 -0.066700198 -0.869369209 -101.613700867 0.027957086 0.997758031 -0.060804695 -10.007624626 0.871475935 0.005467429 0.490407854 108.530883789
0.501642823 -0.064780027 -0.862645924 -102.556266785 0.025894251 0.997869849 -0.059876677 -10.091657639 0.864687264 0.007699131 0.502251685 109.081939697
0.514723480 -0.062771380 -0.855055273 -103.489898682 0.024747185 0.997988403 -0.058367163 -10.164918900 0.856999040 0.008882735 0.515241504 109.629829407
0.527882814 -0.059455413 -0.847233534 -104.441673279 0.023235269 0.998184323 -0.055571411 -10.252759933 0.848999321 0.009649489 0.528305829 110.204109192
0.540214717 -0.059293073 -0.839435697 -105.362510681 0.023755997 0.998191714 -0.055218652 -10.324865341 0.841191828 0.009888293 0.540646315 110.780601501
0.550720513 -0.057880551 -0.832680404 -106.247726440 0.023215974 0.998268962 -0.054036159 -10.423920631 0.834366679 0.010427335 0.551111102 111.385169983
0.562505186 -0.060471520 -0.824579418 -107.128013611 0.023817006 0.998092949 -0.056949049 -10.480333328 0.826450825 0.012395118 0.562872648 111.971977234
0.573457778 -0.061930943 -0.816890955 -107.982368469 0.026472451 0.998018742 -0.057079107 -10.562370300 0.818807364 0.011107353 0.573961020 112.570251465
0.584290504 -0.061135437 -0.809238613 -108.841827393 0.026530210 0.998064458 -0.056245167 -10.648442268 0.811110854 0.011394246 0.584781528 113.193466187
0.594967186 -0.058840740 -0.801593304 -109.683700562 0.025150431 0.998191178 -0.054604542 -10.719968796 0.803356409 0.012327489 0.595370948 113.808990479
0.604984999 -0.056149982 -0.794254601 -110.497917175 0.025082249 0.998359263 -0.051474012 -10.787072182 0.795841753 0.011219311 0.605400741 114.430107117
0.614977002 -0.055101167 -0.786617637 -111.303695679 0.024344834 0.998406768 -0.050903853 -10.854386330 0.788169265 0.012154620 0.615338564 115.056884766
0.625247896 -0.054722648 -0.778505266 -112.091613770 0.023404079 0.998404741 -0.051383082 -10.932715416 0.780075192 0.013906966 0.625531197 115.684120178
0.634969652 -0.054340694 -0.770623565 -112.863273621 0.021809937 0.998386323 -0.052430741 -10.998850822 0.772229195 0.016484678 0.635130167 116.310646057
0.644593298 -0.054127935 -0.762607157 -113.636047363 0.021785330 0.998385966 -0.052448876 -11.061962128 0.764215291 0.017194541 0.644731998 116.944641113
0.653115511 -0.051219378 -0.755524218 -114.366706848 0.020844588 0.998547852 -0.049675543 -11.139982224 0.756971419 0.016695276 0.653234720 117.604354858
0.662354171 -0.050792240 -0.747466981 -115.092201233 0.022515485 0.998598099 -0.047905527 -11.191027641 0.748852432 0.014900846 0.662569344 118.235359192
0.670455158 -0.050185401 -0.740250826 -115.808860779 0.022879509 0.998633742 -0.046980225 -11.255038261 0.741597235 0.014561559 0.670687377 118.886962891
0.678417623 -0.049210537 -0.733026445 -116.509086609 0.021622645 0.998659372 -0.047031555 -11.313711166 0.734358251 0.016057067 0.678572178 119.525543213
0.685873508 -0.048508175 -0.726102233 -117.194969177 0.021183336 0.998684049 -0.046708632 -11.368246078 0.727412403 0.016654951 0.685998380 120.179756165
0.693032742 -0.046050888 -0.719433784 -117.875801086 0.020607321 0.998815417 -0.044082981 -11.422359467 0.720611513 0.015725344 0.693160713 120.835327148
0.700453877 -0.042928234 -0.712405443 -118.545478821 0.019295618 0.998963654 -0.041223790 -11.480127335 0.713436782 0.015129055 0.700556278 121.490577698
0.707988203 -0.041511934 -0.705003202 -119.188285828 0.018521152 0.999018967 -0.040224567 -11.535493851 0.705981374 0.015421041 0.708062470 122.138572693
0.715501010 -0.040746324 -0.697422445 -119.826698303 0.017840520 0.999037743 -0.040064964 -11.585052490 0.698383808 0.016224142 0.715539515 122.797500610
0.723647892 -0.037529979 -0.689148009 -120.448028564 0.015209734 0.999145091 -0.038440790 -11.639939308 0.690001607 0.017335845 0.723600268 123.436996460
0.732720435 -0.034991104 -0.679629564 -121.054794312 0.014734565 0.999258816 -0.035561800 -11.684450150 0.680370152 0.016042810 0.732693017 124.089576721
0.742224872 -0.030730112 -0.669445992 -121.651679993 0.012494978 0.999409020 -0.032023296 -11.738924980 0.670034409 0.015403774 0.742170215 124.746185303
0.752391875 -0.028655808 -0.658092260 -122.226852417 0.010703906 0.999453366 -0.031282250 -11.779902458 0.658628821 0.016492352 0.752287269 125.398132324
0.762594700 -0.027680498 -0.646284103 -122.778999329 0.009246686 0.999448419 -0.031895813 -11.825431824 0.646810532 0.018347589 0.762430012 126.039039612
0.772440135 -0.028925529 -0.634428442 -123.316642761 0.009514726 0.999377191 -0.033980124 -11.863961220 0.635016263 0.020211199 0.772234321 126.700347900
0.782593131 -0.028014397 -0.621902883 -123.852279663 0.009349830 0.999403119 -0.033253692 -11.903939247 0.622463167 0.020209426 0.782388151 127.370353699
0.792700887 -0.026526343 -0.609033465 -124.371498108 0.009021765 0.999453902 -0.031788561 -11.941358566 0.609543979 0.019704267 0.792507291 128.060714722
0.802921832 -0.024178624 -0.595593750 -124.876396179 0.008827591 0.999549687 -0.028677057 -11.980544090 0.596018851 0.017767774 0.802773774 128.737106323
0.812791407 -0.022539657 -0.582118571 -125.381317139 0.008738257 0.999610543 -0.026504038 -12.017226219 0.582489192 0.016455555 0.812671840 129.434066772
0.821814597 -0.021020569 -0.569367170 -125.861923218 0.009421065 0.999684036 -0.023309313 -12.056426048 0.569677114 0.013791888 0.821753025 130.145843506
0.830177605 -0.020312564 -0.557128847 -126.344436646 0.010160215 0.999721229 -0.021309473 -12.083739281 0.557406306 0.012030100 0.830152690 130.852096558
0.837602198 -0.020845534 -0.545882761 -126.804893494 0.012021103 0.999733031 -0.019731469 -12.113861084 0.546148300 0.009965012 0.837629259 131.561431885
0.844100118 -0.020277217 -0.535802066 -127.243049622 0.011804180 0.999745190 -0.019238714 -12.151490211 0.536055684 0.009914697 0.844124377 132.278198242
0.850826144 -0.019826958 -0.525073051 -127.693733215 0.011173814 0.999744594 -0.019644737 -12.164665222 0.525328457 0.010847189 0.850830495 132.995544434
0.857508421 -0.017761236 -0.514163256 -128.129226685 0.009654755 0.999783397 -0.018434530 -12.201835632 0.514379263 0.010843645 0.857494235 133.743179321
0.863724649 -0.017059380 -0.503675222 -128.561477661 0.009349663 0.999797344 -0.017829718 -12.225931168 0.503877282 0.010690775 0.863709092 134.497497559
0.869832814 -0.017754229 -0.493027002 -128.987304688 0.010204780 0.999785960 -0.017998964 -12.251085281 0.493240982 0.010624858 0.869827867 135.239349365
0.874641538 -0.019256832 -0.484387606 -129.393218994 0.011455004 0.999752641 -0.019061279 -12.275086403 0.484634846 0.011123125 0.874645829 135.996047974
0.879397213 -0.019305380 -0.475697160 -129.801696777 0.011457098 0.999746323 -0.019392889 -12.303022385 0.475950897 0.011603944 0.879395247 136.750183105
0.882997632 -0.018528782 -0.469011545 -130.211166382 0.011030036 0.999763787 -0.018730683 -12.325347900 0.469247848 0.011365933 0.882993340 137.517654419
0.886437774 -0.016931687 -0.462537944 -130.645538330 0.010940674 0.999817967 -0.015631964 -12.343391418 0.462718457 0.008796287 0.886461675 138.305709839
0.889394820 -0.012384197 -0.456972003 -131.036483765 0.008135294 0.999903440 -0.011264400 -12.368167877 0.457067430 0.006300896 0.889409721 139.102584839
0.892879188 -0.010108374 -0.450182855 -131.455001831 0.007022166 0.999939024 -0.008525003 -12.386010170 0.450241506 0.004450538 0.892895699 139.907745361
0.896292925 -0.007354640 -0.443401486 -131.873199463 0.005171641 0.999967933 -0.006132358 -12.402472496 0.443432331 0.003203276 0.896302104 140.727630615
0.899569809 -0.005952728 -0.436736256 -132.271530151 0.004671694 0.999981046 -0.004007220 -12.414216042 0.436751842 0.001564476 0.899580598 141.557815552
0.903036654 -0.004168976 -0.429543138 -132.686874390 0.004031478 0.999991179 -0.001230060 -12.424706459 0.429544479 -0.000620905 0.903045475 142.408096313
0.906459391 -0.004281495 -0.422271192 -133.081665039 0.005067880 0.999986827 0.000739786 -12.436531067 0.422262520 -0.002810606 0.906469166 143.261062622
0.910096824 -0.004548733 -0.414370477 -133.499954224 0.005787376 0.999981761 0.001733768 -12.438901901 0.414355040 -0.003976014 0.910106540 144.172988892
0.913918734 -0.005345294 -0.405861855 -133.898117065 0.006618273 0.999976516 0.001733091 -12.453764915 0.405843109 -0.004270009 0.913932741 145.060394287
0.917756975 -0.007701726 -0.397067517 -134.295089722 0.008889780 0.999959946 0.001151550 -12.453582764 0.397042722 -0.004586686 0.917788625 145.983444214
0.921702504 -0.008816615 -0.387797147 -134.676269531 0.009646450 0.999953508 0.000193279 -12.464981079 0.387777358 -0.003919011 0.921744764 146.914901733
0.926423848 -0.010704538 -0.376330078 -135.056442261 0.010621546 0.999940932 -0.002295468 -12.472913742 0.376332432 -0.001870630 0.926482797 147.842987061
0.931833506 -0.008847841 -0.362778544 -135.438446045 0.008264301 0.999960840 -0.003160448 -12.477873802 0.362792283 -0.000053100 0.931870043 148.808135986
0.937915504 -0.004338788 -0.346837074 -135.797485352 0.004079316 0.999990582 -0.001478200 -12.494987488 0.346840203 -0.000028431 0.937924147 149.790100098
0.944533944 -0.001051110 -0.328412086 -136.149383545 0.001641896 0.999997497 0.001521622 -12.502956390 0.328409642 -0.001976442 0.944533288 150.793502808
0.951326251 0.001851201 -0.308180064 -136.483886719 -0.000939760 0.999994695 0.003105889 -12.514482498 0.308184117 -0.002665098 0.951322973 151.790374756
0.957912564 0.003815713 -0.287034988 -136.812942505 -0.002757219 0.999987841 0.004091805 -12.521692276 0.287047058 -0.003128173 0.957911313 152.846313477
0.964047194 0.006029057 -0.265662700 -137.102615356 -0.004704572 0.999973118 0.005621661 -12.525389671 0.265689462 -0.004169717 0.964049637 153.877883911
0.969727218 0.006871312 -0.244094044 -137.378295898 -0.005012257 0.999953508 0.008236462 -12.525199890 0.244139269 -0.006763660 0.969716609 154.956237793
0.974972129 0.009111479 -0.222140044 -137.630935669 -0.006593866 0.999905527 0.012072471 -12.535771370 0.222229019 -0.010305564 0.974939942 156.033615112
0.979809761 0.012113044 -0.199564829 -137.860275269 -0.009118067 0.999831736 0.015919814 -12.527023315 0.199724093 -0.013778745 0.979755282 157.119186401
0.984090507 0.013521746 -0.177152470 -138.077789307 -0.010200691 0.999755085 0.019644260 -12.526412964 0.177374691 -0.017524656 0.983987272 158.263015747
0.987867951 0.014770242 -0.154591918 -138.267822266 -0.011909246 0.999740541 0.019416600 -12.518527985 0.154838622 -0.017339965 0.987787604 159.406372070
0.990978777 0.014379790 -0.133245140 -138.415161133 -0.012145534 0.999771953 0.017565699 -12.507252693 0.133467332 -0.015788905 0.990927398 160.551956177
0.993617415 0.014995267 -0.111801624 -138.561782837 -0.013227869 0.999775946 0.016533418 -12.497710228 0.112024486 -0.014948994 0.993592978 161.728652954
0.995666742 0.013058125 -0.092071913 -138.657669067 -0.011424462 0.999768317 0.018248139 -12.484809875 0.092288859 -0.017117189 0.995585084 162.928375244
0.997347057 0.013759905 -0.071480699 -138.758605957 -0.012349282 0.999721050 0.020138934 -12.478155136 0.071737863 -0.019202771 0.997238696 164.117538452
0.998563886 0.014675609 -0.051524892 -138.818984985 -0.013588405 0.999678850 0.021387843 -12.474331856 0.051822226 -0.020656984 0.998442650 165.337997437
0.999386013 0.016386678 -0.030969603 -138.863388062 -0.015711118 0.999635994 0.021932516 -12.458519936 0.031317730 -0.021432485 0.999279618 166.575180054
0.999812543 0.016286239 -0.010463238 -138.885543823 -0.016048726 0.999620259 0.022396453 -12.443035126 0.010824018 -0.022224333 0.999694407 167.783706665
0.999776900 0.018594291 0.010021553 -138.882995605 -0.018811509 0.999580145 0.022035312 -12.433119774 -0.009607615 -0.022218917 0.999706984 169.043716431
0.999347627 0.019951005 0.030103013 -138.857894897 -0.020575671 0.999576390 0.020585930 -12.415112495 -0.029679548 -0.021191889 0.999334812 170.319595337
0.998566449 0.020134589 0.049595106 -138.799972534 -0.021087822 0.999601364 0.018772582 -12.413630486 -0.049197357 -0.019791523 0.998592973 171.587585449
0.997416317 0.022275284 0.068295926 -138.717559814 -0.023397082 0.999603450 0.015669845 -12.396045685 -0.067919783 -0.017227286 0.997542024 172.878799438
0.995921493 0.022101311 0.087476373 -138.611022949 -0.023410959 0.999628186 0.013973814 -12.388408661 -0.087135009 -0.015964724 0.996068597 174.174728394
0.994035006 0.022482103 0.106718943 -138.484970093 -0.023785466 0.999657035 0.010955825 -12.387274742 -0.106436037 -0.013428834 0.994228840 175.494949341
0.991783202 0.023827357 0.125691429 -138.339385986 -0.024716357 0.999679267 0.005517888 -12.378254890 -0.125519633 -0.008579182 0.992053986 176.813888550
0.989345014 0.025609011 0.143319875 -138.158920288 -0.025743147 0.999668181 -0.000918630 -12.397517204 -0.143295854 -0.002780662 0.989675999 178.129898071
0.986563146 0.027646909 0.161024302 -137.956176758 -0.027068639 0.999616861 -0.005784173 -12.420484543 -0.161122516 0.001347742 0.986933470 179.452850342
0.983449697 0.030111354 0.178661689 -137.723861694 -0.028743653 0.999534369 -0.010239444 -12.439439774 -0.178886861 0.004934589 0.983857274 180.809555054
0.980061948 0.031697202 0.196147576 -137.470550537 -0.029770907 0.999475420 -0.012761993 -12.470942497 -0.196449205 0.006668055 0.980491340 182.126708984
0.976422906 0.031086257 0.213616133 -137.178710938 -0.029110536 0.999499440 -0.012389037 -12.512246132 -0.213894308 0.005878460 0.976839125 183.491317749
0.972426176 0.030568898 0.231198952 -136.882080078 -0.028314337 0.999513805 -0.013064196 -12.537641525 -0.231485903 0.006157720 0.972818732 184.858489990
0.968266964 0.030982489 0.247990236 -136.533142090 -0.027314341 0.999460876 -0.018219311 -12.565051079 -0.248421028 0.010867465 0.968591154 186.214660645
0.963947952 0.031539127 0.264215052 -136.174911499 -0.026476659 0.999391675 -0.022700544 -12.604221344 -0.264770299 0.014886612 0.964196622 187.546249390
0.959088445 0.034091856 0.281046361 -135.785018921 -0.028847707 0.999324381 -0.022776712 -12.652358055 -0.281633019 0.013737341 0.959423840 188.926803589
0.953713655 0.036318570 0.298515022 -135.367263794 -0.030753721 0.999254882 -0.023319641 -12.701332092 -0.299139559 0.013059810 0.954119921 190.322235107
0.947927535 0.040117014 0.315949470 -134.930282593 -0.033485383 0.999090612 -0.026392898 -12.750699043 -0.316720903 0.014438869 0.948408842 191.696426392
0.941962719 0.040725037 0.333238244 -134.460800171 -0.032444973 0.999011815 -0.030377204 -12.805143356 -0.334146053 0.017802291 0.942353189 193.073333740
0.935638070 0.041853514 0.350470632 -133.967285156 -0.032517787 0.998943150 -0.032483187 -12.866928101 -0.351459771 0.018995976 0.936010242 194.445816040
0.928934753 0.042399209 0.367807716 -133.441055298 -0.030601226 0.998814702 -0.037852407 -12.931741714 -0.368976742 0.023907045 0.929131150 195.814682007
0.921191335 0.045530926 0.386436671 -132.882888794 -0.030988893 0.998560548 -0.043781247 -13.009882927 -0.387873799 0.028355666 0.921276212 197.174697876
0.911769271 0.049195148 0.407745689 -132.299438477 -0.032761414 0.998348296 -0.047193732 -13.091202736 -0.409393966 0.029671472 0.911875069 198.537796021
0.900467038 0.052010000 0.431803346 -131.693862915 -0.034441475 0.998233438 -0.048412573 -13.179770470 -0.433558434 0.028721983 0.900667608 199.879531860
