1.000000000 0.000000000 0.000000000 0.000000000 0.000000000 1.000000000 0.000000000 0.000000000 0.000000000 0.000000000 1.000000000 0.000000000
0.999997616 -0.001653504 -0.001414167 -0.002804936 0.001652218 0.999998212 -0.000910397 -0.008320738 0.001415669 0.000908058 0.999998569 0.564059854
0.999995530 -0.001800245 -0.002395847 -0.007689447 0.001794043 0.999995053 -0.002588293 -0.018229738 0.002400495 0.002583984 0.999993801 1.119666338
0.999986887 -0.002562667 -0.004428005 -0.010616082 0.002546951 0.999990463 -0.003551365 -0.035707369 0.004437064 0.003540041 0.999983907 1.680739999
0.999970615 -0.004262038 -0.006367506 -0.018954391 0.004226908 0.999975801 -0.005520271 -0.042107958 0.006390879 0.005493194 0.999964476 2.249655008
0.999944806 -0.006922919 -0.007900244 -0.023283711 0.006863927 0.999948502 -0.007469996 -0.057724211 0.007951550 0.007415358 0.999940932 2.811576128
0.999921739 -0.008036772 -0.009577795 -0.029733831 0.007958896 0.999935210 -0.008141467 -0.068506606 0.009642605 0.008064604 0.999921024 3.389730215
0.999905884 -0.008159695 -0.011029506 -0.039966509 0.008077873 0.999939740 -0.007442968 -0.081211671 0.011089574 0.007353174 0.999911547 3.971850157
0.999892473 -0.008603493 -0.011866188 -0.053672202 0.008511108 0.999933302 -0.007814208 -0.096617252 0.011932624 0.007712374 0.999899149 4.560491085
0.999883473 -0.007704041 -0.013175682 -0.064737722 0.007563516 0.999914408 -0.010682258 -0.111987449 0.013256849 0.010581360 0.999856174 5.152666092
0.999872804 -0.006107066 -0.014728938 -0.076403826 0.005894688 0.999878764 -0.014419613 -0.129049525 0.014815211 0.014330960 0.999787629 5.774470329
0.999858379 -0.005089320 -0.016039087 -0.091212444 0.004798311 0.999824166 -0.018130345 -0.141132221 0.016128540 0.018050816 0.999707043 6.357546329
0.999852955 -0.002825565 -0.016914055 -0.090521827 0.002519485 0.999833167 -0.018090220 -0.155799165 0.016962344 0.018044949 0.999693274 6.972830296
0.999843001 -0.000198112 -0.017718507 -0.116554335 -0.000007997 0.999932349 -0.011631592 -0.162373826 0.017719610 0.011629910 0.999775350 7.621665955
0.999832511 0.000945785 -0.018276677 -0.132774055 -0.000964332 0.999999046 -0.001006018 -0.179749027 0.018275704 0.001023481 0.999832392 8.284831047
0.999816358 0.001523532 -0.019105684 -0.153284028 -0.001411697 0.999981880 0.005865635 -0.192212418 0.019114271 -0.005837580 0.999800265 8.962939262
0.999788225 0.004024366 -0.020185815 -0.175913572 -0.003926289 0.999980390 0.004895988 -0.208661437 0.020205120 -0.004815693 0.999784231 9.636301994
0.999757051 0.005882388 -0.021243209 -0.192504838 -0.005934537 0.999979615 -0.002392597 -0.212765470 0.021228699 0.002518087 0.999771476 10.320137978
0.999727786 0.005060413 -0.022774559 -0.190792307 -0.005246282 0.999953330 -0.008108952 -0.216703117 0.022732463 0.008226225 0.999707758 11.030468941
0.999709308 0.002929060 -0.023931701 -0.211511165 -0.003087945 0.999973416 -0.006604839 -0.219684079 0.023911720 0.006676817 0.999691784 11.766360283
0.999712825 0.002521481 -0.023830928 -0.236771435 -0.002455506 0.999993026 0.002797317 -0.230470970 0.023837816 -0.002737998 0.999712110 12.526625633
0.999703705 0.001796705 -0.024273273 -0.261435628 -0.001556890 0.999949753 0.009895033 -0.232009917 0.024289835 -0.009854313 0.999656379 13.293417931
0.999692082 0.000930324 -0.024798708 -0.286433190 -0.000615836 0.999919295 0.012686284 -0.238714635 0.024808511 -0.012667106 0.999611974 14.082382202
0.999671638 -0.001248233 -0.025600336 -0.278560877 0.001544705 0.999931991 0.011564279 -0.236012816 0.025584163 -0.011600025 0.999605358 14.886541367
0.999685764 -0.001672147 -0.025010802 -0.303948671 0.001898238 0.999957561 0.009018734 -0.232421175 0.024994658 -0.009063378 0.999646485 15.707713127
0.999697506 0.000681458 -0.024585102 -0.327693850 -0.000540482 0.999983430 0.005740372 -0.233776972 0.024588607 -0.005725347 0.999681175 16.547613144
0.999719203 -0.002295264 -0.023588037 -0.349578321 0.002299735 0.999997318 0.000162392 -0.240395889 0.023587603 -0.000216594 0.999721706 17.400842667
0.999716341 -0.005274362 -0.023225171 -0.360567838 0.005138957 0.999969482 -0.005885947 -0.252770156 0.023255508 0.005764923 0.999712884 18.273595810
0.999733686 -0.004036119 -0.022718791 -0.362464398 0.003772419 0.999925137 -0.011638035 -0.261244237 0.022764066 0.011549233 0.999674141 19.142065048
0.999760389 -0.002910727 -0.021690965 -0.397415906 0.002640908 0.999918818 -0.012457510 -0.275663257 0.021725466 0.012397244 0.999687135 20.042371750
0.999725878 -0.002951777 -0.023222782 -0.406764090 0.002673529 0.999924302 -0.012003605 -0.293505192 0.023256455 0.011938229 0.999658287 20.985225677
0.999736726 -0.001781264 -0.022875097 -0.437813103 0.001483582 0.999913990 -0.013023771 -0.322814912 0.022896335 0.012986407 0.999653518 21.919223785
0.999741077 0.002065212 -0.022655901 -0.478130341 -0.002412220 0.999879956 -0.015299837 -0.346717119 0.022621589 0.015350528 0.999626219 22.861196518
0.999724746 0.005166344 -0.022881521 -0.507563233 -0.005539897 0.999851882 -0.016292360 -0.368426502 0.022793967 0.016414639 0.999605358 23.825628281
0.999719739 0.006782185 -0.022676775 -0.538865507 -0.007149053 0.999844134 -0.016136415 -0.395978659 0.022563808 0.016294014 0.999612570 24.800918579
0.999709845 0.007912968 -0.022750897 -0.574610651 -0.008286304 0.999831676 -0.016362526 -0.420792431 0.022617595 0.016546300 0.999607265 25.778356552
0.999717414 0.009169149 -0.021929752 -0.645508111 -0.009518542 0.999828458 -0.015881443 -0.456525534 0.021780366 0.016085694 0.999633372 26.761198044
0.999697983 0.010290711 -0.022316936 -0.670612574 -0.010619658 0.999835789 -0.014671649 -0.485378236 0.022162290 0.014904215 0.999643326 27.761930466
0.999685585 0.010772658 -0.022645731 -0.696268499 -0.011060687 0.999858975 -0.012632342 -0.513051867 0.022506449 0.012878845 0.999663711 28.777055740
0.999706626 0.012703501 -0.020622810 -0.785597265 -0.012941070 0.999850988 -0.011427466 -0.550608039 0.020474570 0.011690995 0.999722004 29.745349884
0.999709606 0.012432728 -0.020643437 -0.811010599 -0.012685686 0.999845445 -0.012168181 -0.579384446 0.020488966 0.012426523 0.999712825 30.768180847
0.999671996 0.013980184 -0.021462217 -0.831246138 -0.014268316 0.999809325 -0.013331185 -0.604113102 0.021271758 0.013633043 0.999680698 31.802345276
0.999678671 0.013849645 -0.021230077 -0.872270167 -0.014120448 0.999820173 -0.012659287 -0.627552450 0.021050934 0.012954997 0.999694467 32.846698761
0.999639332 0.011416183 -0.024306992 -0.830443203 -0.011667460 0.999879658 -0.010221133 -0.652155757 0.024187382 0.010501049 0.999652267 33.918140411
0.999628067 0.011901690 -0.024538577 -0.864608288 -0.012072233 0.999903858 -0.006813629 -0.672068954 0.024455126 0.007107330 0.999675632 34.971977234
0.999608874 0.012211850 -0.025160732 -0.900692463 -0.012329322 0.999913812 -0.004519095 -0.692237139 0.025103379 0.004827544 0.999673247 36.026138306
0.999593318 0.011581099 -0.026057370 -0.920585990 -0.011679990 0.999925077 -0.003646129 -0.722751319 0.026013190 0.003948996 0.999653816 37.133361816
0.999577701 0.011128915 -0.026842380 -0.947328508 -0.011271064 0.999923110 -0.005150154 -0.740988314 0.026783003 0.005450521 0.999626458 38.211109161
0.999549329 0.011762853 -0.027617795 -0.984766722 -0.011928233 0.999911785 -0.005831091 -0.758161008 0.027546769 0.006157895 0.999601603 39.304256439
0.999539495 0.011513502 -0.028073443 -1.022215366 -0.011644811 0.999921918 -0.004518315 -0.782220006 0.028019229 0.004843144 0.999595702 40.370094299
0.999526143 0.010972480 -0.028757507 -1.059339166 -0.011041710 0.999936461 -0.002249625 -0.814590752 0.028730996 0.002566091 0.999583900 41.442577362
0.999509513 0.011113886 -0.029276470 -1.097683549 -0.011122474 0.999938130 -0.000130519 -0.830824673 0.029273208 0.000456082 0.999571323 42.525074005
0.999464393 0.012865962 -0.030092165 -1.132743478 -0.012870530 0.999917150 0.000041910 -0.854204834 0.030090213 0.000345415 0.999547124 43.599430084
0.999441504 0.013965188 -0.030360039 -1.170987606 -0.014086640 0.999893606 -0.003790207 -0.878654361 0.030303879 0.004215761 0.999531806 44.708629608
0.999426126 0.015074934 -0.030334475 -1.210724354 -0.015317340 0.999852419 -0.007774644 -0.896393955 0.030212797 0.008234826 0.999509573 45.787471771
0.999421239 0.015431993 -0.030315466 -1.250964642 -0.015687393 0.999843299 -0.008205022 -0.919181943 0.030184098 0.008675843 0.999506712 46.870414734
0.999428272 0.016299101 -0.029622708 -1.299582362 -0.016476721 0.999847591 -0.005761853 -0.941089332 0.029524280 0.006246644 0.999544561 47.938175201
0.999420106 0.016673511 -0.029687960 -1.334316969 -0.016774459 0.999854267 -0.003154464 -0.973485768 0.029631037 0.003650634 0.999554217 49.056243896
0.999440134 0.014819656 -0.029993104 -1.367471337 -0.014883362 0.999887407 -0.001901825 -0.993220925 0.029961541 0.002347158 0.999548316 50.150733948
0.999458730 0.014827413 -0.029364837 -1.408236384 -0.014911540 0.999885261 -0.002647928 -1.017185688 0.029322211 0.003084370 0.999565244 51.239593506
0.999470770 0.013715627 -0.029495778 -1.440067172 -0.013852918 0.999894142 -0.004455228 -1.036409020 0.029431552 0.004861474 0.999554992 52.327247620
0.999480307 0.014053477 -0.029011125 -1.477223635 -0.014255885 0.999875247 -0.006781817 -1.061009407 0.028912202 0.007191872 0.999556065 53.414669037
0.999493182 0.012829144 -0.029136207 -1.507760406 -0.013106568 0.999870360 -0.009350618 -1.085684657 0.029012471 0.009727755 0.999531746 54.511211395
0.999520063 0.011568920 -0.028739184 -1.547137856 -0.011930998 0.999851108 -0.012459338 -1.122122288 0.028590767 0.012796245 0.999509335 55.594524384
0.999544621 0.010180568 -0.028406065 -1.579098225 -0.010586541 0.999843359 -0.014178134 -1.155207276 0.028257273 0.014472398 0.999495924 56.677257538
0.999574959 0.008709187 -0.027823335 -1.617660046 -0.009029956 0.999893904 -0.011424017 -1.191168308 0.027720889 0.011670404 0.999547601 57.760372162
0.999582887 0.007616678 -0.027860364 -1.648787975 -0.007783628 0.999952316 -0.005888844 -1.215185761 0.027814182 0.006103242 0.999594510 58.855545044
0.999598265 0.005737624 -0.027756732 -1.675951958 -0.005747855 0.999983490 -0.000288822 -1.235128522 0.027754620 0.000448247 0.999614596 59.964576721
0.999601722 0.004111860 -0.027920049 -1.705421567 -0.004100141 0.999991596 0.000476991 -1.255386591 0.027921773 -0.000362324 0.999610007 61.055042267
0.999624133 0.001033825 -0.027396841 -1.739609241 -0.001108875 0.999995708 -0.002724327 -1.272265673 0.027393909 0.002753682 0.999620914 62.147247314
0.999626935 -0.000620280 -0.027306369 -1.775558591 0.000462949 0.999983251 -0.005767635 -1.297816038 0.027309490 0.005752841 0.999610424 63.238517761
0.999630809 0.001489426 -0.027132006 -1.816965818 -0.001747901 0.999953330 -0.009505318 -1.326984286 0.027116586 0.009549234 0.999586642 64.325790405
0.999629378 0.001495325 -0.027180048 -1.848153114 -0.001868129 0.999904513 -0.013695843 -1.354708672 0.027156968 0.013741544 0.999536693 65.408103943
0.999635398 0.004490483 -0.026623745 -1.889441848 -0.004883473 0.999879777 -0.014714274 -1.382226229 0.026554469 0.014838925 0.999537230 66.530998230
0.999639094 0.008468152 -0.025494514 -1.935449004 -0.008760096 0.999897003 -0.011361380 -1.409655452 0.025395678 0.011580614 0.999610424 67.634346008
0.999624133 0.010166351 -0.025463488 -1.974023700 -0.010398105 0.999905527 -0.008985657 -1.443535089 0.025369734 0.009247052 0.999635398 68.732116699
0.999624193 0.009668117 -0.025652185 -1.995505214 -0.009877996 0.999918640 -0.008067640 -1.470650911 0.025572097 0.008317998 0.999638379 69.833877563
0.999632061 0.007971039 -0.025928479 -2.020481348 -0.008159652 0.999940932 -0.007176721 -1.500177979 0.025869744 0.007385646 0.999638021 70.929725647
0.999652147 0.007217712 -0.025367515 -2.073221207 -0.007373589 0.999954462 -0.006056585 -1.521725059 0.025322642 0.006241527 0.999659896 72.017204285
0.999642909 0.005501125 -0.026148902 -2.090421200 -0.005601221 0.999977231 -0.003756263 -1.551608562 0.026127640 0.003901388 0.999651015 73.123985291
0.999624252 0.004105833 -0.027100753 -2.119377851 -0.004175687 0.999988139 -0.002521458 -1.570028782 0.027090076 0.002633675 0.999629498 74.212951660
0.999614596 0.003303613 -0.027561275 -2.148098230 -0.003393193 0.999989092 -0.003204083 -1.604087472 0.027550388 0.003296369 0.999615014 75.307617188
0.999597669 0.003615146 -0.028130740 -2.184200525 -0.003810463 0.999968946 -0.006892692 -1.629610062 0.028104946 0.006997110 0.999580503 76.389083862
0.999580562 0.004523637 -0.028605210 -2.219634771 -0.004786835 0.999946833 -0.009139306 -1.652358055 0.028562345 0.009272402 0.999549031 77.463554382
0.999547839 0.005820463 -0.029496443 -2.258515596 -0.006037671 0.999955297 -0.007280169 -1.684219241 0.029452743 0.007454967 0.999538422 78.558357239
0.999531567 0.006783873 -0.029843643 -2.300052404 -0.006893245 0.999969840 -0.003563476 -1.702033758 0.029818570 0.003767526 0.999548256 79.641921997
0.999507964 0.008022962 -0.030322684 -2.341078281 -0.007994722 0.999967635 0.001052424 -1.734272838 0.030330140 -0.000809485 0.999539614 80.716674805
0.999464750 0.009203467 -0.031394638 -2.377361774 -0.009163230 0.999957025 0.001425309 -1.749417782 0.031406406 -0.001136870 0.999506056 81.787788391
0.999453127 0.009248431 -0.031748727 -2.420152426 -0.009275536 0.999956727 -0.000706572 -1.768136024 0.031740818 0.001000672 0.999495625 82.849250793
0.999448121 0.008985117 -0.031980988 -2.468404055 -0.009033152 0.999958336 -0.001357798 -1.791859627 0.031967450 0.001645938 0.999487579 83.935356140
0.999434412 0.008643431 -0.032498680 -2.496042013 -0.008689773 0.999961376 -0.001284987 -1.820394158 0.032486316 0.001566666 0.999470949 84.977058411
0.999428034 0.007690109 -0.032930195 -2.539521217 -0.007724741 0.999969721 -0.000924608 -1.840598702 0.032922089 0.001178456 0.999457240 86.010208130
0.999397337 0.006426733 -0.034113348 -2.569667339 -0.006412586 0.999979317 0.000524116 -1.863755941 0.034116011 -0.000305046 0.999417841 87.047302246
0.999388218 0.006574304 -0.034354582 -2.614110708 -0.006477823 0.999974728 0.002918948 -1.884536028 0.034372907 -0.002694619 0.999405444 88.050804138
0.999350727 0.006053186 -0.035520740 -2.649941921 -0.005925130 0.999975562 0.003709289 -1.900921941 0.035542324 -0.003496415 0.999362111 89.024459839
0.999276280 0.004429300 -0.037781432 -2.692721844 -0.004273610 0.999982059 0.004200546 -1.922465444 0.037799358 -0.004036041 0.999277174 90.000038147
0.999172866 0.003716780 -0.040495042 -2.740532398 -0.003582724 0.999987841 0.003382507 -1.947803259 0.040507119 -0.003234626 0.999174058 90.922889709
0.999021709 0.003400562 -0.044092022 -2.783273220 -0.003277716 0.999990523 0.002858131 -1.969457984 0.044101320 -0.002710814 0.999023438 91.843322754
0.998917341 0.003520431 -0.046388198 -2.843954086 -0.003378837 0.999989390 0.003130440 -1.982516050 0.046398722 -0.002970312 0.998918653 92.723030090
0.998734951 0.004879974 -0.050046306 -2.886157274 -0.004681472 0.999980748 0.004082812 -2.001760721 0.050065264 -0.003843356 0.998738527 93.608329773
0.998555660 0.005442014 -0.053448811 -2.931760311 -0.005184364 0.999974310 0.004957946 -2.016955137 0.053474411 -0.004673687 0.998558223 94.449562073
0.998403490 0.006642875 -0.056092188 -2.990623236 -0.006281537 0.999958396 0.006615733 -2.033162117 0.056133803 -0.006252825 0.998403668 95.266242981
0.998251736 0.008109132 -0.058546703 -3.046315670 -0.007682620 0.999942362 0.007506413 -2.048681974 0.058604199 -0.007043497 0.998256445 96.056335449
0.998077691 0.010083951 -0.061149400 -3.097904682 -0.009609411 0.999921441 0.008049461 -2.064513206 0.061225772 -0.007446377 0.998096108 96.816375732
0.997868299 0.011867010 -0.064170964 -3.151025534 -0.011448191 0.999910772 0.006890402 -2.081077099 0.064247005 -0.006141072 0.997915149 97.549888611
0.997694016 0.013322826 -0.066551477 -3.213398218 -0.013131482 0.999908328 0.003311803 -2.097759724 0.066589504 -0.002430247 0.997777522 98.250228882
0.997480631 0.015690528 -0.069182113 -3.268478632 -0.015768569 0.999875546 -0.000582055 -2.109704971 0.069164358 0.001671492 0.997603953 98.914436340
0.997303605 0.017538983 -0.071259499 -3.321706295 -0.017817987 0.999835908 -0.003281506 -2.123162270 0.071190245 0.004542359 0.997452378 99.552764893
0.997214556 0.019604897 -0.071964167 -3.378147364 -0.019964663 0.999791503 -0.004283268 -2.137604713 0.071865179 0.005708077 0.997398019 100.179924011
0.997223496 0.021960655 -0.071153730 -3.429993629 -0.022276331 0.999745250 -0.003645918 -2.155011892 0.071055539 0.005220839 0.997458696 100.763778687
0.997378945 0.025892759 -0.067562610 -3.490259409 -0.026091967 0.999657512 -0.002067562 -2.173609257 0.067485921 0.003824984 0.997712970 101.337913513
0.997630954 0.028272834 -0.062713996 -3.510312319 -0.028350508 0.999598026 -0.000348821 -2.192816973 0.062678918 0.002125968 0.998031497 101.883804321
0.998052657 0.029338365 -0.055049263 -3.543255091 -0.029283026 0.999569535 0.001811901 -2.208075285 0.055078726 -0.000196364 0.998481989 102.416481018
0.998532116 0.029337399 -0.045530632 -3.558536053 -0.029184302 0.999565899 0.004023789 -2.215047359 0.045628916 -0.002689103 0.998954833 102.917778015
0.999013364 0.029156249 -0.033501130 -3.573401213 -0.028993553 0.999565363 0.005332141 -2.226675987 0.033642035 -0.004355563 0.999424458 103.392517090
0.999404490 0.028074436 -0.020061547 -3.577101469 -0.027972722 0.999594450 0.005332833 -2.237057924 0.020203125 -0.004768481 0.999784529 103.851158142
0.999596357 0.027908614 -0.005312475 -3.562855005 -0.027885571 0.999601543 0.004363331 -2.246374607 0.005432134 -0.004213428 0.999976337 104.297279358
0.999565780 0.026400035 0.013085888 -3.553715467 -0.026421102 0.999649942 0.001439800 -2.260083914 -0.013043294 -0.001784918 0.999913335 104.721710205
0.999077976 0.026148133 0.034051210 -3.521856546 -0.026056238 0.999655545 -0.003139817 -2.273800611 -0.034121584 0.002249675 0.999415159 105.135574341
0.998041689 0.023874355 0.057817418 -3.465962172 -0.023449542 0.999692917 -0.008014934 -2.283223152 -0.057991002 0.006643445 0.998295009 105.547019958
0.996162653 0.021346858 0.084878355 -3.406705379 -0.020526644 0.999733984 -0.010524504 -2.297949553 -0.085080437 0.008741848 0.996335685 105.973342896
0.993219018 0.018853560 0.114719890 -3.334120750 -0.017615795 0.999775350 -0.011793800 -2.310501575 -0.114916451 0.009692943 0.993327916 106.376983643
0.988933384 0.016461913 0.147443458 -3.255805969 -0.014590573 0.999798775 -0.013764543 -2.327027321 -0.147640377 0.011460933 0.988974690 106.725585938
0.982812405 0.014172028 0.184061989 -3.167448521 -0.011535734 0.999815106 -0.015385810 -2.339457035 -0.184245989 0.012998077 0.982794225 107.099143982
0.975084066 0.010864425 0.221569106 -3.041494608 -0.007478635 0.999842167 -0.016114216 -2.352704525 -0.221709207 0.014055683 0.975011528 107.454452515
0.965136588 0.008640920 0.261603951 -2.917723894 -0.004340359 0.999845803 -0.017012537 -2.366274118 -0.261710644 0.015283968 0.965025306 107.799621582
0.952766418 0.009054275 0.303568929 -2.792490721 -0.003900520 0.999837875 -0.017579271 -2.388671875 -0.303678900 0.015564864 0.952647209 108.121864319
0.937437832 0.011037542 0.347977549 -2.646763563 -0.005006541 0.999821365 -0.018226018 -2.401931286 -0.348116577 0.015343596 0.937325716 108.452560425
0.919870973 0.011219955 0.392060429 -2.472079277 -0.004721075 0.999835134 -0.017536389 -2.409019709 -0.392192513 0.014280271 0.919772327 108.763389587
0.899349391 0.010417676 0.437106431 -2.294378281 -0.003831665 0.999865472 -0.015946383 -2.423538923 -0.437213838 0.012666527 0.899268389 109.077651978
0.876282096 0.009421748 0.481706232 -2.099833250 -0.001643220 0.999861360 -0.016567189 -2.435615301 -0.481795549 0.013725980 0.876176119 109.352615356
0.851174235 0.010571704 0.524776638 -1.878297806 -0.000691729 0.999818921 -0.019019531 -2.447696447 -0.524882674 0.015825935 0.851027429 109.640022278
0.823017061 0.013299639 0.567860901 -1.654897332 -0.000308255 0.999736190 -0.022967651 -2.460784674 -0.568016529 0.018727724 0.822804093 109.927810669
0.791409671 0.017328849 0.611040354 -1.419358611 -0.001247096 0.999641776 -0.026734205 -2.489059925 -0.611284792 0.020395683 0.791147828 110.226135254
0.757084250 0.023804333 0.652883410 -1.167783856 -0.004772509 0.999510765 -0.030908270 -2.499740362 -0.653299809 0.020284271 0.756827474 110.483337402
0.719517350 0.028340360 0.693895876 -0.896430254 -0.006350990 0.999393642 -0.034232128 -2.506120205 -0.694445372 0.020223685 0.719261110 110.728546143
0.679967523 0.028690206 0.732680619 -0.604294121 -0.004656081 0.999382973 -0.034812607 -2.525632381 -0.733227372 0.020260025 0.679681540 110.951980591
0.639286816 0.025790056 0.768535733 -0.287723154 -0.000085526 0.999439836 -0.033467453 -2.538821697 -0.768968403 0.021329571 0.638930798 111.148880005
0.595710158 0.024095913 0.802837908 0.037207264 0.001363971 0.999518096 -0.031011034 -2.546825409 -0.803198218 0.019568637 0.595390260 111.330284119
0.549346268 0.022872787 0.835281670 0.380449861 0.001626074 0.999594152 -0.028441641 -2.565933943 -0.835593164 0.016982540 0.549086034 111.517890930
0.502369463 0.020363688 0.864413142 0.709658384 0.002918202 0.999676943 -0.025246175 -2.576687813 -0.864648104 0.015205442 0.502147794 111.638763428
0.448701799 0.017131524 0.893517375 1.044285297 0.004573668 0.999759138 -0.021465298 -2.596170187 -0.893669903 0.013718166 0.448515296 111.811676025
0.396111548 0.017101971 0.918043196 1.422131777 0.002235680 0.999805689 -0.019589741 -2.612583637 -0.918199718 0.009812173 0.395996273 111.952224731
0.345014513 0.021931114 0.938341141 1.799444437 -0.002293850 0.999743700 -0.022522815 -2.632255077 -0.938594639 0.005618283 0.344976366 112.058532715
0.295822531 0.026741555 0.954868615 2.179172516 -0.001946948 0.999622881 -0.027391749 -2.646991014 -0.955240965 0.006244015 0.295763016 112.125442505
0.248521253 0.029339768 0.968182027 2.592256784 -0.000519005 0.999544978 -0.030156974 -2.653120518 -0.968626320 0.006992157 0.248423442 112.210525513
0.207048342 0.028846150 0.977905393 2.986057520 0.005072965 0.999520123 -0.030557821 -2.685014248 -0.978317618 0.011287824 0.206802636 112.255226135
0.171501651 0.028976943 0.984757543 3.452171564 0.014653253 0.999381900 -0.031959210 -2.685905218 -0.985074818 0.019910963 0.170970976 112.320930481
0.140650749 0.029870197 0.989608526 3.904773712 0.019089907 0.999277174 -0.032875232 -2.702411413 -0.989875138 0.023515459 0.139978841 112.358177185
0.112694323 0.028286038 0.993227005 4.373820305 0.017215505 0.999389172 -0.030414844 -2.722424030 -0.993480504 0.020526487 0.112138510 112.393875122
0.087332040 0.024662631 0.995873868 4.858658791 0.011130992 0.999606907 -0.025731197 -2.737166882 -0.996116996 0.013332222 0.087023184 112.429214478
0.063734576 0.020598978 0.997754157 5.363255501 0.006355145 0.999758363 -0.021046301 -2.755066872 -0.997946560 0.007682252 0.063588239 112.451179504
0.040585175 0.018183040 0.999010623 5.879848003 0.010874324 0.999767244 -0.018638581 -2.776681185 -0.999116838 0.011620014 0.040378012 112.463409424
0.020982860 0.019333523 0.999592900 6.436232567 0.018187452 0.999640226 -0.019716216 -2.794181824 -0.999614418 0.018593749 0.020623684 112.449523926
0.003183114 0.021902993 0.999755085 6.988404274 0.022558173 0.999504089 -0.021969320 -2.810750484 -0.999740481 0.022622582 0.002687447 112.436462402
-0.011208983 0.027192084 0.999567389 7.561108589 0.023903651 0.999351799 -0.026918169 -2.821609259 -0.999651432 0.023591585 -0.011851708 112.427337646
-0.021555899 0.031505212 0.999271095 8.145669937 0.021596789 0.999284685 -0.031039767 -2.842328787 -0.999534369 0.020911960 -0.022220889 112.402839661
-0.027955145 0.031747058 0.999104977 8.772549629 0.024069726 0.999227107 -0.031077467 -2.854161978 -0.999319375 0.023179408 -0.028697681 112.375785828
-0.030720567 0.028513102 0.999121189 9.427924156 0.029436277 0.999185324 -0.027609833 -2.882343769 -0.999094486 0.028562224 -0.031534862 112.365493774
-0.030421853 0.026653523 0.999181747 10.084608078 0.030385135 0.999207139 -0.025729069 -2.907605171 -0.999075234 0.029577548 -0.031207606 112.344123840
-0.028454641 0.026274772 0.999249756 10.750439644 0.029397069 0.999244094 -0.025437515 -2.930862665 -0.999162734 0.028651195 -0.029205536 112.327117920
-0.026772020 0.026704438 0.999284804 11.434209824 0.026608678 0.999307930 -0.025992177 -2.955704927 -0.999287307 0.025893789 -0.027464062 112.313316345
-0.025516171 0.027952295 0.999283552 12.159298897 0.025596356 0.999299586 -0.027299153 -2.975812435 -0.999346673 0.024881454 -0.026213773 112.301223755
-0.024976945 0.028912874 0.999269783 12.880622864 0.024661100 0.999295294 -0.028297201 -3.001490355 -0.999383748 0.023936318 -0.025672365 112.292625427
-0.023997888 0.028247237 0.999312818 13.628094673 0.024211926 0.999323964 -0.027666116 -3.030493736 -0.999418795 0.023531362 -0.024665583 112.277748108
-0.023485906 0.026978146 0.999360085 14.370813370 0.023154097 0.999382496 -0.026434600 -3.059664011 -0.999455929 0.022518439 -0.024096057 112.266258240
-0.022854319 0.025690986 0.999408603 15.137670517 0.023991929 0.999395967 -0.025142016 -3.087246895 -0.999450862 0.023403138 -0.023456890 112.248680115
-0.023413517 0.023325689 0.999453723 15.916717529 0.025018156 0.999428272 -0.022739016 -3.116862297 -0.999412775 0.024472091 -0.023983693 112.231460571
-0.024165180 0.021411782 0.999478698 16.703033447 0.021900272 0.999542058 -0.020883642 -3.144428253 -0.999468029 0.021384196 -0.024623036 112.214424133
-0.025541991 0.020465760 0.999464273 17.501819611 0.021594251 0.999568403 -0.019916037 -3.170291424 -0.999440491 0.021073988 -0.025972912 112.199020386
-0.026868785 0.017972218 0.999477386 18.307497025 0.024059238 0.999560356 -0.017326927 -3.196469545 -0.999349356 0.023581108 -0.027289378 112.176765442
-0.028157417 0.016683174 0.999464273 19.124385834 0.025421975 0.999549150 -0.015968395 -3.215922356 -0.999280214 0.024958724 -0.028568849 112.154556274
-0.030072395 0.015586980 0.999426126 19.955583572 0.022949692 0.999625564 -0.014899542 -3.247096062 -0.999284267 0.022488458 -0.030418854 112.139343262
-0.030799704 0.020176919 0.999321878 20.769033432 0.019924013 0.999609947 -0.019568667 -3.275575638 -0.999326944 0.019307788 -0.031189695 112.116279602
-0.031396639 0.024938960 0.999195814 21.605604172 0.021533832 0.999473453 -0.024269259 -3.299147129 -0.999274969 0.020754540 -0.031917144 112.091056824
-0.032788623 0.026526950 0.999110162 22.444927216 0.021515634 0.999434710 -0.025829475 -3.329069138 -0.999230623 0.020649575 -0.033340842 112.071022034
-0.034547888 0.024347367 0.999106467 23.290437698 0.018095329 0.999554515 -0.023732575 -3.360211134 -0.999239147 0.017259246 -0.034973074 112.051856995
-0.035310231 0.020072388 0.999174714 24.141441345 0.014769796 0.999699593 -0.019560976 -3.395627260 -0.999267161 0.014066908 -0.035596091 112.028266907
-0.035758283 0.014488079 0.999255419 24.995525360 0.013481373 0.999810994 -0.014013702 -3.426141262 -0.999269485 0.012970230 -0.035946846 112.004211426
-0.035965912 0.008957370 0.999312818 25.848594666 0.009831177 0.999914587 -0.008608933 -3.449748755 -0.999304652 0.009514794 -0.036050905 111.981422424
-0.035759237 0.007712512 0.999330580 26.682889938 0.007077978 0.999947190 -0.007463996 -3.477617502 -0.999335289 0.006806334 -0.035811931 111.961692810
-0.035026379 0.014594249 0.999279797 27.544086456 0.009277249 0.999855101 -0.014277466 -3.507063389 -0.999343276 0.008770481 -0.035156697 111.935188293
-0.033401124 0.025541035 0.999115586 28.358224869 0.011841477 0.999613404 -0.025157895 -3.540102005 -0.999371886 0.010990702 -0.033690657 111.895568848
-0.032718569 0.031072909 0.998981535 29.192855835 0.013853889 0.999434769 -0.030633269 -3.564059734 -0.999368668 0.012837501 -0.033130560 111.868797302
-0.031634204 0.025738429 0.999168038 30.029848099 0.015601069 0.999559343 -0.025254572 -3.597048521 -0.999377787 0.014789180 -0.032021813 111.847099304
-0.030905958 0.018029325 0.999359667 30.862344742 0.018688219 0.999673009 -0.017457029 -3.629025936 -0.999347568 0.018136725 -0.031232793 111.821800232
-0.030754525 0.014991366 0.999414563 31.691850662 0.019728424 0.999701977 -0.014388583 -3.660018206 -0.999332309 0.019274361 -0.031041114 111.804542542
-0.030434290 0.015381587 0.999418378 32.511062622 0.018734779 0.999714673 -0.014815637 -3.687263012 -0.999361157 0.018272981 -0.030713778 111.773406982
-0.031211726 0.016452348 0.999377310 33.328250885 0.015637655 0.999750137 -0.015970105 -3.713040590 -0.999390483 0.015129467 -0.031461205 111.753829956
-0.033320129 0.016752250 0.999304295 34.145263672 0.013845713 0.999771297 -0.016298419 -3.739029646 -0.999348819 0.013293015 -0.033544451 111.737869263
-0.035466857 0.016426077 0.999235809 34.948970795 0.013438858 0.999782324 -0.015958063 -3.770320654 -0.999280453 0.012862607 -0.035679888 111.712364197
-0.038158450 0.016600190 0.999133766 35.755611420 0.011018966 0.999808133 -0.016190561 -3.801960230 -0.999210894 0.010391616 -0.038334046 111.690567017
-0.040535904 0.016928645 0.999034643 36.560832977 0.009171676 0.999820590 -0.016569819 -3.828721046 -0.999135971 0.008491149 -0.040683899 111.665885925
-0.042463783 0.016306423 0.998964846 37.369487762 0.007347574 0.999844730 -0.016008452 -3.853004217 -0.999070942 0.006660188 -0.042577006 111.639579773
-0.044311926 0.015246787 0.998901367 38.152446747 0.008058977 0.999856353 -0.014903861 -3.879939556 -0.998985231 0.007389705 -0.044428438 111.600791931
-0.046054937 0.014888475 0.998827875 38.941390991 0.007037452 0.999868929 -0.014579505 -3.912416935 -0.998914123 0.006357747 -0.046153672 111.566871643
-0.048053674 0.016048592 0.998715818 39.723587036 0.006898900 0.999852419 -0.015734913 -3.936685801 -0.998820901 0.006133921 -0.048157301 111.534385681
-0.049125299 0.016145259 0.998662055 40.517303467 0.007490476 0.999847233 -0.015795954 -3.963502884 -0.998764575 0.006704475 -0.049238719 111.505157471
-0.049989671 0.015120111 0.998635232 41.280418396 0.009410356 0.999848187 -0.014667413 -3.986770391 -0.998705447 0.008664295 -0.050124362 111.460632324
-0.051688898 0.014327062 0.998560488 42.056060791 0.010582014 0.999848902 -0.013797786 -4.014504433 -0.998607218 0.009853589 -0.051832687 111.425910950
-0.053071272 0.013296621 0.998502195 42.822181702 0.008287289 0.999882698 -0.012874529 -4.050826073 -0.998556376 0.007591610 -0.053175244 111.392814636
-0.054522566 0.012762378 0.998430967 43.577457428 0.006732311 0.999900281 -0.012413519 -4.069774151 -0.998489857 0.006044931 -0.054603048 111.362609863
-0.055521194 0.011098336 0.998395801 44.315845490 0.005320278 0.999927282 -0.010819497 -4.098291397 -0.998443365 0.004711033 -0.055576205 111.332405090
-0.056187537 0.011049270 0.998359084 45.026988983 0.005924406 0.999924779 -0.010733172 -4.119601250 -0.998402655 0.005311614 -0.056248773 111.292663574
-0.056494359 0.013710425 0.998308837 45.728904724 0.005678233 0.999893844 -0.013410864 -4.144414902 -0.998386860 0.004910991 -0.056566224 111.260086060
-0.056326386 0.016756421 0.998271763 46.430889130 0.005705188 0.999848187 -0.016460970 -4.163049698 -0.998396099 0.004768139 -0.056413438 111.218757629
-0.056276187 0.018374903 0.998246133 47.127475739 0.003854099 0.999827147 -0.018186726 -4.187191486 -0.998407781 0.002823859 -0.056337290 111.184425354
-0.056537732 0.019332159 0.998213232 47.822467804 0.003980875 0.999808908 -0.019137591 -4.212565899 -0.998392522 0.002891765 -0.056603894 111.148101807
-0.056475915 0.018582622 0.998230994 48.523120880 0.005381113 0.999817848 -0.018307719 -4.242229939 -0.998389482 0.004337647 -0.056565627 111.109130859
-0.056784227 0.018274147 0.998219252 49.209175110 0.005278418 0.999823987 -0.018003261 -4.266875744 -0.998372614 0.004246716 -0.056870691 111.071876526
-0.057029802 0.018438432 0.998202205 49.885925293 0.001958768 0.999829590 -0.018356584 -4.290114880 -0.998370647 0.000908373 -0.057056203 111.037254333
-0.057249237 0.018318249 0.998191833 50.588775635 -0.000773748 0.999830544 -0.018392699 -4.319330692 -0.998359680 -0.001825318 -0.057225361 111.018936157
-0.056955449 0.017161114 0.998229206 51.266372681 0.001947694 0.999852240 -0.017077886 -4.341783524 -0.998374879 0.000971565 -0.056980461 110.980201721
-0.057749413 0.016663227 0.998192012 51.941192627 0.001672374 0.999860883 -0.016594334 -4.362927437 -0.998329699 0.000711037 -0.057769239 110.935752869
-0.061027367 0.015753858 0.998011768 52.607131958 -0.001983996 0.999871552 -0.015904531 -4.389436722 -0.998134255 -0.002950663 -0.060988262 110.897590637
-0.066757359 0.015055366 0.997655690 53.283786774 -0.006097372 0.999861360 -0.015496650 -4.416313171 -0.997750640 -0.007117593 -0.066656299 110.868087769
-0.072133131 0.019434705 0.997205615 53.943050385 -0.002233793 0.999804497 -0.019646931 -4.435170650 -0.997392595 -0.003644746 -0.072075613 110.813316345
-0.078224935 0.022418968 0.996683598 54.616771698 0.001327093 0.999748707 -0.022383749 -4.455106258 -0.996934891 -0.000428275 -0.078235023 110.744590759
-0.086029910 0.023791019 0.996008515 55.317577362 -0.000686312 0.999713242 -0.023938792 -4.484291077 -0.996292353 -0.002743024 -0.085988909 110.697082520
-0.092464224 0.022600202 0.995459557 55.948318481 -0.005125391 0.999718308 -0.023172973 -4.514534950 -0.995702803 -0.007244790 -0.092322342 110.638816833
-0.097419851 0.021670189 0.995007455 56.633415222 -0.005022099 0.999739468 -0.022264954 -4.536520481 -0.995230675 -0.007166075 -0.097285636 110.569175720
-0.102337740 0.022142828 0.994503319 57.327682495 -0.007435454 0.999707282 -0.023023833 -4.562645435 -0.994721889 -0.009750789 -0.102143139 110.507316589
-0.106392168 0.021097241 0.994100392 58.018318176 -0.010023239 0.999701262 -0.022288831 -4.589280605 -0.994273663 -0.012335462 -0.106148928 110.439598083
-0.109139018 0.017998599 0.993863583 58.720790863 -0.009950801 0.999766231 -0.019198220 -4.613012791 -0.993976712 -0.011985014 -0.108934395 110.364959717
-0.111319110 0.014945697 0.993672311 59.441490173 -0.007702601 0.999843836 -0.015901431 -4.641657829 -0.993754864 -0.009423994 -0.111186601 110.291320801
-0.112096608 0.012033127 0.993624508 60.154376984 -0.008000113 0.999883294 -0.013011467 -4.664868832 -0.993665099 -0.009407650 -0.111987263 110.209167480
-0.113416620 0.011826770 0.993477106 60.882400513 -0.009293620 0.999872744 -0.012963880 -4.684739590 -0.993504047 -0.010703319 -0.113292277 110.133659363
-0.113620818 0.015524026 0.993402898 61.598556519 -0.007768714 0.999833465 -0.016513068 -4.706122398 -0.993493795 -0.009593691 -0.113481291 110.049270630
-0.114034735 0.019538395 0.993284583 62.338317871 -0.001800559 0.999800980 -0.019873288 -4.729104042 -0.993475080 -0.004054713 -0.113976844 109.964294434
-0.115105689 0.024435312 0.993052661 63.083637238 0.006122726 0.999696016 -0.023889087 -4.756362438 -0.993334353 0.003330419 -0.115220293 109.869506836
-0.115682364 0.025434155 0.992960572 63.826618195 0.006615270 0.999669790 -0.024835311 -4.781232834 -0.993264198 0.003695695 -0.115812406 109.782585144
-0.116094403 0.023311706 0.992964625 64.579376221 0.004877394 0.999725878 -0.022900194 -4.807433605 -0.993226171 0.002184494 -0.116176277 109.703536987
-0.116008818 0.018407427 0.993077636 65.328155518 0.005858661 0.999823689 -0.017848076 -4.835609913 -0.993230820 0.003747571 -0.116096199 109.612602234
-0.115962662 0.016461104 0.993117154 66.063018799 0.008041304 0.999845445 -0.015633672 -4.866218090 -0.993220985 0.006173034 -0.116077110 109.526306152
-0.116644867 0.016085993 0.993043423 66.809379578 0.007980339 0.999851704 -0.015258894 -4.891840458 -0.993141532 0.006144951 -0.116755947 109.440528870
-0.118875228 0.017048690 0.992762864 67.560066223 0.006492818 0.999844491 -0.016392842 -4.916075230 -0.992887974 0.004497125 -0.118967444 109.362792969
-0.120844200 0.017546216 0.992516339 68.303672791 0.005976698 0.999838531 -0.016947966 -4.945402622 -0.992653430 0.003883908 -0.120929554 109.272964478
-0.123126425 0.017545216 0.992235839 69.041671753 0.007123954 0.999833643 -0.016795553 -4.972722530 -0.992365360 0.005000667 -0.123230927 109.183937073
-0.124927558 0.017820742 0.992005765 69.786621094 0.006937433 0.999829948 -0.017087637 -4.996042252 -0.992141664 0.004747257 -0.125029936 109.091323853
-0.127100885 0.017690556 0.991731942 70.535156250 0.006707601 0.999833465 -0.016975420 -5.019176960 -0.991867006 0.004494552 -0.127198368 109.000823975
-0.128710642 0.017863790 0.991521239 71.286705017 0.004347786 0.999838293 -0.017449245 -5.043656826 -0.991672575 0.002065019 -0.128767535 108.910049438
-0.129764974 0.019447278 0.991354108 72.040588379 0.004593691 0.999808729 -0.019011836 -5.068696022 -0.991534173 0.002086905 -0.129829451 108.815307617
-0.130687714 0.019692175 0.991227925 72.799095154 0.003473053 0.999805689 -0.019404681 -5.095217705 -0.991417468 0.000906633 -0.130730703 108.721275330
-0.131697580 0.020055674 0.991087079 73.558052063 0.003355076 0.999798656 -0.019786132 -5.119207859 -0.991284251 0.000719387 -0.131738335 108.616638184
-0.133247167 0.018428387 0.990911543 74.353630066 0.003415407 0.999829710 -0.018134974 -5.138730049 -0.991076946 0.000967932 -0.133287415 108.528739929
-0.134186566 0.015981374 0.990827262 75.136871338 0.001188030 0.999871790 -0.015966363 -5.164371014 -0.990955412 -0.000965340 -0.134188339 108.428680420
-0.136143029 0.014157156 0.990588129 75.929275513 -0.001959774 0.999891996 -0.014559475 -5.182804108 -0.990687311 -0.003923499 -0.136100575 108.333114624
-0.138042837 0.013367552 0.990336061 76.708618164 -0.000852640 0.999906957 -0.013615590 -5.213075161 -0.990425885 -0.002723934 -0.138018578 108.217453003
-0.139588565 0.014237093 0.990107238 77.504844666 0.000589147 0.999897659 -0.014294812 -5.233499050 -0.990209401 -0.001412073 -0.139582634 108.108688354
-0.142112330 0.015308033 0.989732206 78.304260254 -0.000002192 0.999880373 -0.015465310 -5.256646156 -0.989850521 -0.002199980 -0.142095283 107.999504089
-0.143799901 0.018840242 0.989427388 79.107063293 0.001168267 0.999821305 -0.018868366 -5.283253670 -0.989606082 -0.001557354 -0.143796176 107.890190125
-0.144078061 0.022243038 0.989316285 79.911415100 0.003120678 0.999752581 -0.022023203 -5.316772461 -0.989561439 -0.000085723 -0.144111812 107.771316528
-0.145074978 0.026409719 0.989068151 80.722450256 0.004164552 0.999651134 -0.026081452 -5.348012447 -0.989411891 0.000335260 -0.145134330 107.652481079
-0.145146549 0.027757006 0.989020765 81.548759460 0.006398761 0.999611795 -0.027115176 -5.377069950 -0.989389479 0.002392833 -0.145267814 107.536514282
-0.144317791 0.026983719 0.989163399 82.382644653 0.009504059 0.999619842 -0.025882330 -5.411119938 -0.989485741 0.005665787 -0.144519374 107.414428711
-0.144058257 0.024954274 0.989254594 83.207733154 0.010421155 0.999664783 -0.023699317 -5.444018841 -0.989514232 0.006895092 -0.144270048 107.288040161
-0.143372029 0.023512054 0.989389598 84.049568176 0.010349623 0.999698699 -0.022257281 -5.474359512 -0.989614785 0.007048737 -0.143572167 107.171966553
-0.141626492 0.020951273 0.989698529 84.895935059 0.009267135 0.999760270 -0.019838141 -5.504589081 -0.989876866 0.006362063 -0.141786680 107.058464050
-0.140444979 0.018007431 0.989924788 85.752822876 0.010201710 0.999807835 -0.016739845 -5.532110214 -0.990035892 0.007747899 -0.140601695 106.949821472
-0.138329014 0.014530720 0.990279675 86.607727051 0.010498074 0.999857664 -0.013204820 -5.559804440 -0.990330696 0.008569418 -0.138461903 106.828926086
-0.136925846 0.014456653 0.990475655 87.458015442 0.008625747 0.999872983 -0.013401366 -5.586830616 -0.990543783 0.006708599 -0.137033165 106.721725464
-0.135614216 0.018190855 0.990594685 88.309730530 0.009451536 0.999809623 -0.017066143 -5.621774197 -0.990716636 0.007048229 -0.135760352 106.606636047
-0.133599505 0.024788031 0.990725398 89.146736145 0.010211343 0.999668539 -0.023634788 -5.648421288 -0.990982771 0.006959040 -0.133808315 106.498817444
-0.132314891 0.028373975 0.990801454 90.014122009 0.008389888 0.999586523 -0.027505141 -5.674474716 -0.991172254 0.004673373 -0.132498205 106.392669678
