1.000000000 0.000000000 0.000000000 0.000000000 0.000000000 1.000000000 0.000000000 0.000000000 0.000000000 0.000000000 1.000000000 0.000000000
0.999038577 -0.000438630 0.043838196 0.046203721 0.000541325 0.999997079 -0.002330732 -0.020041574 -0.043837041 0.002352222 0.999035954 1.024338603
0.996021092 -0.004541204 0.089001723 0.139196202 0.005203926 0.999960423 -0.007215548 -0.039872091 -0.088965416 0.007649996 0.996005356 2.047507048
0.990856946 -0.003705463 0.134865969 0.269431263 0.005272111 0.999922752 -0.011261038 -0.063313074 -0.134813800 0.011869105 0.990799904 3.051113129
0.983457565 -0.000628319 0.181137145 0.448831409 0.003098631 0.999905944 -0.013355138 -0.093896687 -0.181111753 0.013695490 0.983367145 4.079892635
0.973868370 -0.003235856 0.227090254 0.683269262 0.006395752 0.999892652 -0.013180273 -0.125564024 -0.227023199 0.014288262 0.973784506 5.081222057
0.962172806 -0.003619174 0.272415817 0.957594097 0.007886690 0.999862731 -0.014572138 -0.154827893 -0.272325695 0.016169377 0.962069273 6.082517147
0.948616505 -0.006465975 0.316361785 1.281393170 0.012553934 0.999773085 -0.017209290 -0.187566504 -0.316178709 0.020296602 0.948482513 7.052185535
0.933434784 -0.008052169 0.358656794 1.655607939 0.015963785 0.999690056 -0.019103160 -0.217278063 -0.358391821 0.023557071 0.933274031 8.009594917
0.916102052 -0.007928134 0.400866598 2.063786745 0.017356381 0.999651432 -0.019894015 -0.251388133 -0.400569111 0.025182543 0.915920436 8.930176735
0.896467030 -0.008005857 0.443038166 2.507770300 0.018052367 0.999666512 -0.018463792 -0.287345320 -0.442742616 0.024550064 0.896312654 9.835915565
0.874794483 -0.008471174 0.484420002 3.007978916 0.019366046 0.999659479 -0.017491063 -0.325643778 -0.484106839 0.024682390 0.874660671 10.722145081
0.850835919 -0.008661925 0.525360107 3.542647362 0.020216057 0.999663413 -0.016258439 -0.362412065 -0.525042415 0.024453975 0.850724697 11.584422112
0.825358331 -0.008953264 0.564538240 4.127401829 0.022015113 0.999624133 -0.016332729 -0.397332937 -0.564179838 0.025908729 0.825245321 12.427188873
0.797777414 -0.010606634 0.602858603 4.730005264 0.025347682 0.999551356 -0.015957201 -0.426560819 -0.602418900 0.028011361 0.797688425 13.231775284
0.769142389 -0.009273821 0.639010131 5.391589165 0.025659833 0.999536514 -0.016379306 -0.462530822 -0.638562083 0.028994912 0.769023895 14.027427673
0.738583505 -0.012104357 0.674053192 6.070342541 0.029846109 0.999445558 -0.014755806 -0.497613698 -0.673500896 0.031016262 0.738535464 14.765159607
0.706693053 -0.011786665 0.707421958 6.803865910 0.031121310 0.999411345 -0.014437613 -0.526068747 -0.706835508 0.032218855 0.706643999 15.481571198
0.672734857 -0.010564141 0.739808202 7.554145336 0.032245524 0.999366581 -0.015051519 -0.561056733 -0.739180684 0.033981178 0.672649503 16.156328201
0.637114346 -0.011746700 0.770679772 8.329072952 0.036805891 0.999206960 -0.015197206 -0.588041902 -0.769890070 0.038047913 0.637041509 16.795816422
0.600089371 -0.009825812 0.799872637 9.111037254 0.036950886 0.999197662 -0.015447340 -0.614059269 -0.799079120 0.038825788 0.599970937 17.392007828
0.562260926 -0.009168157 0.826909006 9.934740067 0.040202126 0.999059319 -0.016258806 -0.652360499 -0.825982094 0.042385194 0.562100589 17.945264816
0.523139298 -0.006672287 0.852221012 10.777215004 0.044435859 0.998822749 -0.019457059 -0.668442011 -0.851087928 0.048047934 0.522819936 18.464353561
0.484651297 -0.005603350 0.874689519 11.646134377 0.045833405 0.998768449 -0.018997336 -0.692726731 -0.873505831 0.049297076 0.484311253 18.939527512
0.446064144 -0.007750526 0.894967437 12.537945747 0.051151898 0.998548746 -0.016847260 -0.729534566 -0.893538058 0.053294241 0.445813179 19.376123428
0.408986479 -0.008139933 0.912504137 13.456067085 0.054915231 0.998367429 -0.015707264 -0.752759695 -0.910886586 0.056534436 0.408765793 19.775003433
0.373651177 -0.005817958 0.927550972 14.387948990 0.056569755 0.998261869 -0.016526869 -0.778058171 -0.925842643 0.058646627 0.373330861 20.146671295
0.340148419 -0.006584943 0.940348685 15.337635994 0.056899659 0.998287380 -0.013591412 -0.803819597 -0.938648701 0.058128614 0.339940578 20.486516953
0.306594610 -0.008191920 0.951804936 16.329593658 0.059370920 0.998180389 -0.010533450 -0.827896178 -0.949986756 0.059739031 0.306523085 20.799331665
0.273993105 -0.008000833 0.961698353 17.315059662 0.060087938 0.998154163 -0.008815260 -0.842856348 -0.959852695 0.060201790 0.273968160 21.071466446
0.242001832 -0.005374366 0.970260918 18.316905975 0.057187937 0.998325229 -0.008733960 -0.873257756 -0.968588948 0.057600860 0.241903901 21.321681976
0.210930079 -0.003762314 0.977493882 19.351831436 0.057082314 0.998333454 -0.008475075 -0.890497208 -0.975833058 0.057585258 0.210793331 21.550470352
0.180595979 -0.003580727 0.983550847 20.381748199 0.059262313 0.998216093 -0.007247409 -0.908766925 -0.981770396 0.059596352 0.180486023 21.732389450
0.149907082 -0.003705567 0.988693058 21.441825867 0.060950264 0.998125672 -0.005500448 -0.921112239 -0.986819625 0.061085664 0.149851978 21.889078140
0.119436309 -0.004487151 0.992831647 22.516088486 0.059441436 0.998228431 -0.002639182 -0.937775612 -0.991060913 0.059330557 0.119491398 22.016902924
0.090256639 -0.004730056 0.995907247 23.599250793 0.060062885 0.998194456 -0.000702434 -0.948311865 -0.994105697 0.059880480 0.090377755 22.106348038
0.063218102 -0.004413038 0.997989953 24.718357086 0.062881932 0.998020887 0.000429892 -0.955599487 -0.996016741 0.062728360 0.063370489 22.165493011
0.038400345 -0.003572436 0.999256074 25.845739365 0.067291886 0.997732878 0.000981036 -0.956834018 -0.996994019 0.067204148 0.038553677 22.191703796
0.014791881 -0.003498250 0.999884427 26.996807098 0.071468562 0.997439861 0.002432422 -0.962914824 -0.997333229 0.071424313 0.015004008 22.217048645
-0.004413498 -0.003161493 0.999985278 28.152568817 0.077472180 0.996988356 0.003493947 -0.960687816 -0.996984720 0.077486448 -0.004155279 22.189481735
-0.022087570 -0.003692837 0.999749184 29.339872360 0.081768341 0.996636212 0.005487855 -0.960799992 -0.996406555 0.081869058 -0.021711316 22.152170181
-0.037288915 -0.003457139 0.999298573 30.552465439 0.084774926 0.996378183 0.006610420 -0.959464729 -0.995702088 0.084961943 -0.036860786 22.086570740
-0.052127633 -0.004081833 0.998632073 31.750265121 0.087028936 0.996168494 0.008614591 -0.958079219 -0.994841039 0.087358966 -0.051572669 22.032449722
-0.065438963 -0.004786010 0.997845113 32.957172394 0.088045239 0.996060550 0.010551482 -0.946651697 -0.993964672 0.088545971 -0.064759783 21.941616058
-0.077868290 -0.004963710 0.996951282 34.157619476 0.087066375 0.996133089 0.011760081 -0.955343187 -0.993154585 0.087716691 -0.077135019 21.865629196
-0.088865153 -0.002137121 0.996041358 35.361221313 0.086949900 0.996163547 0.009894907 -0.951356649 -0.992241263 0.087485023 -0.088338397 21.758230209
-0.098799482 0.001486915 0.995106280 36.590911865 0.087420642 0.996145546 0.007191122 -0.939947367 -0.991259933 0.087703295 -0.098548651 21.635883331
-0.107944570 0.003876764 0.994149327 37.848018646 0.088697113 0.996042073 0.005746574 -0.939448297 -0.990192235 0.088798486 -0.107861198 21.498134613
-0.115224302 0.004947230 0.993327141 39.136726379 0.088534892 0.996058941 0.005309067 -0.933973134 -0.989386082 0.088555843 -0.115208194 21.343683243
-0.120848753 0.005676216 0.992654681 40.427623749 0.088310808 0.996080160 0.005055415 -0.929722726 -0.988734961 0.088273063 -0.120876305 21.187158585
-0.126218647 0.007342808 0.991975248 41.755317688 0.089617565 0.995968103 0.004030549 -0.924281836 -0.987946153 0.089407139 -0.126367763 21.025526047
-0.131432801 0.008958972 0.991284549 43.090114594 0.088742696 0.996050775 0.002764203 -0.920976818 -0.987344921 0.088332586 -0.131708801 20.858936310
-0.135341614 0.009296215 0.990755379 44.475265503 0.089128159 0.996016085 0.002829731 -0.928734481 -0.986782074 0.088687174 -0.135630980 20.664997101
-0.138571084 0.008645104 0.990314782 45.854907990 0.088429466 0.996075571 0.003678214 -0.922290087 -0.986396670 0.088082694 -0.138791755 20.492170334
-0.141591936 0.006665554 0.989902616 47.275676727 0.088740110 0.996036828 0.005986190 -0.915823221 -0.985939622 0.088691667 -0.141622290 20.295881271
-0.143995464 0.005213960 0.989564657 48.701469421 0.088172160 0.996076405 0.007582011 -0.914067507 -0.985642493 0.088343821 -0.143890217 20.106826782
-0.145630866 0.006287742 0.989319146 50.190811157 0.091762900 0.995755136 0.007179144 -0.908694983 -0.985074162 0.091828309 -0.145589665 19.846759796
-0.146248430 0.005816831 0.989230812 51.635250092 0.091422379 0.995782733 0.007660576 -0.905576229 -0.985014379 0.091558181 -0.146163419 19.632749557
-0.146596104 0.007420082 0.989168584 53.095111847 0.093624234 0.995586991 0.006407007 -0.892000198 -0.984755874 0.093549386 -0.146643877 19.413763046
-0.146355316 0.007810172 0.989201248 54.585659027 0.093336627 0.995616853 0.005948613 -0.883943677 -0.984818995 0.093199320 -0.146442786 19.189043045
-0.146007389 0.008870982 0.989243746 56.106468201 0.093106575 0.995644510 0.004813676 -0.887575984 -0.984892368 0.092807926 -0.146197364 18.968162537
-0.144838855 0.009651897 0.989408135 57.638580322 0.093413852 0.995619416 0.003962306 -0.866554618 -0.985035777 0.092998318 -0.145106003 18.742958069
-0.144887403 0.007537779 0.989419401 59.202629089 0.091366164 0.995800495 0.005792973 -0.877902865 -0.985220671 0.091238789 -0.144967631 18.545438766
-0.142260090 0.008706002 0.989791155 60.811737061 0.093683131 0.995590866 0.004707815 -0.871556640 -0.985386014 0.093396448 -0.142448470 18.280424118
-0.141520664 0.009120704 0.989893258 62.394638062 0.093384676 0.995621324 0.004177314 -0.870769858 -0.985520780 0.093032040 -0.141752735 18.069362640
-0.140721619 0.009217938 0.990006208 64.004005432 0.094587550 0.995507717 0.004175715 -0.878885269 -0.985520542 0.094229877 -0.140961364 17.840946198
-0.139845669 0.009616984 0.990126729 65.610275269 0.093656868 0.995598197 0.003557989 -0.867541373 -0.985734046 0.093229741 -0.140130803 17.617948532
-0.138987333 0.008194885 0.990260303 67.258804321 0.095374331 0.995428205 0.005148553 -0.860825479 -0.985690773 0.095160998 -0.139133513 17.387836456
-0.138409436 0.005970289 0.990357101 68.959136963 0.097195581 0.995236397 0.007584068 -0.864983261 -0.985594094 0.097308017 -0.138330415 17.148204803
-0.137408927 0.006561351 0.990492642 70.647331238 0.098334491 0.995128453 0.007049675 -0.866631329 -0.985621095 0.098368287 -0.137384742 16.910732269
-0.137150407 0.009154052 0.990507901 72.333984375 0.100550242 0.994920671 0.004727831 -0.857030332 -0.985433638 0.100244246 -0.137374237 16.683195114
-0.136417374 0.008891970 0.990611494 74.042625427 0.099703379 0.995005548 0.004798767 -0.856320500 -0.985621452 0.099421948 -0.136622623 16.448877335
-0.136618182 0.008418554 0.990588009 75.785865784 0.099610411 0.995012522 0.005281740 -0.852847636 -0.985602975 0.099394463 -0.136775374 16.210773468
-0.135645166 0.007795687 0.990726829 77.513160706 0.099960886 0.994974136 0.005857016 -0.842660248 -0.985701859 0.099828407 -0.135742664 15.961897850
-0.135770142 0.007684859 0.990710557 79.226722717 0.101218939 0.994845152 0.006154435 -0.847425520 -0.985556304 0.101114243 -0.135848150 15.742323875
-0.135595709 0.007623871 0.990734935 80.992111206 0.102224827 0.994741142 0.006336181 -0.837677121 -0.985476494 0.102136880 -0.135662004 15.503201485
-0.135378093 0.008748619 0.990755379 82.733947754 0.102684617 0.994700134 0.005247508 -0.833461225 -0.985458612 0.102445751 -0.135558918 15.262809753
-0.135846004 0.009665529 0.990682840 84.520263672 0.102263317 0.994747996 0.004317524 -0.830142498 -0.985437989 0.101897031 -0.136120960 15.021694183
-0.137041628 0.010408857 0.990510583 86.308067322 0.101650409 0.994813621 0.003609718 -0.834249675 -0.985335886 0.101180486 -0.137388945 14.781412125
-0.138656259 0.010964375 0.990279794 88.099426270 0.100610331 0.994921088 0.003071419 -0.833440185 -0.985216677 0.100058265 -0.139055178 14.545328140
-0.139476597 0.009773085 0.990177155 89.903274536 0.099248774 0.995053947 0.004158983 -0.843954504 -0.985239029 0.098853938 -0.139756680 14.296088219
-0.140415147 0.009788226 0.990044355 91.745590210 0.099915110 0.994986534 0.004333583 -0.840061069 -0.985038280 0.099528871 -0.140689149 14.041981697
-0.140812084 0.008702809 0.989998102 93.583358765 0.097460657 0.995226145 0.005113519 -0.845366955 -0.985227525 0.097205892 -0.140988097 13.786331177
-0.142955765 0.009342384 0.989684999 95.401641846 0.096983500 0.995275319 0.004613699 -0.850975394 -0.984965920 0.096642688 -0.143186390 13.537598610
-0.145444080 0.010107559 0.989314854 97.280776978 0.096203208 0.995353758 0.003974051 -0.850640893 -0.984678090 0.095753253 -0.145740688 13.258245468
-0.149283484 0.011092683 0.988732219 99.130218506 0.097048715 0.995273530 0.003486804 -0.853735209 -0.984020293 0.096475713 -0.149654433 12.974403381
-0.153900906 0.010299098 0.988032579 101.010154724 0.094692029 0.995496988 0.004372801 -0.854322851 -0.983538449 0.094231807 -0.154183134 12.700552940
-0.158907056 0.009467032 0.987248182 102.901939392 0.093129642 0.995639086 0.005442616 -0.857889712 -0.982891381 0.092806950 -0.159095749 12.411787033
-0.163288802 0.009841018 0.986529171 104.809707642 0.091850780 0.995758951 0.005269913 -0.868450820 -0.982293308 0.091474004 -0.163500160 12.099297523
-0.167906940 0.011710237 0.985733271 106.707809448 0.092218891 0.995731175 0.003879287 -0.870840728 -0.981479943 0.091554582 -0.168270051 11.781509399
-0.172489747 0.013331118 0.984921098 108.641242981 0.092314638 0.995726168 0.002689739 -0.883252561 -0.980675936 0.091386564 -0.172983229 11.448241234
-0.176779777 0.013499628 0.984157860 110.572509766 0.091193743 0.995829403 0.002720987 -0.890350580 -0.980016649 0.090230048 -0.177273571 11.103533745
-0.181371346 0.013473390 0.983322442 112.503578186 0.089441180 0.995988011 0.002850267 -0.896999240 -0.979338944 0.088466465 -0.181848750 10.753034592
-0.186259523 0.012496387 0.982421100 114.479187012 0.087645926 0.996143878 0.003946056 -0.906863332 -0.978583395 0.086840183 -0.186636582 10.390181541
-0.191437185 0.011381827 0.981438875 116.423919678 0.086523622 0.996235609 0.005323669 -0.915619075 -0.977683663 0.085936785 -0.191701353 10.017663956
-0.196455806 0.011311019 0.980447412 118.396362305 0.086579323 0.996227741 0.005855144 -0.915992439 -0.976682723 0.086036749 -0.196694002 9.623212814
-0.200831085 0.013800474 0.979528666 120.372871399 0.087584093 0.996149421 0.003922575 -0.905940294 -0.975702822 0.086578906 -0.201266482 9.209203720
-0.207063064 0.014100931 0.978225946 122.327659607 0.086838163 0.996214330 0.004020983 -0.920234382 -0.974466026 0.085779950 -0.207503676 8.816391945
-0.213033915 0.014410700 0.976938426 124.313247681 0.087182872 0.996183038 0.004316764 -0.917432249 -0.973147333 0.086091921 -0.213477075 8.399372101
-0.218898416 0.014162183 0.975644886 126.340591431 0.086694583 0.996222436 0.004990163 -0.925294161 -0.971888661 0.085675478 -0.219299302 7.961835384
-0.223867178 0.015172026 0.974501491 128.319427490 0.086291440 0.996260583 0.004312484 -0.924410164 -0.970792115 0.085056551 -0.224339262 7.509865284
-0.229351103 0.015998278 0.973212242 130.333618164 0.085966118 0.996290505 0.003881471 -0.930122495 -0.969540060 0.084553517 -0.229875639 7.052474499
-0.233727917 0.015126979 0.972184360 132.336044312 0.086787969 0.996212363 0.005364298 -0.934824646 -0.968420863 0.085627690 -0.234155476 6.581295490
-0.237107649 0.015436633 0.971360743 134.345779419 0.089177303 0.995998085 0.005939885 -0.924929202 -0.967381716 0.088031724 -0.237535387 6.085604191
-0.240699694 0.016253397 0.970463514 136.369140625 0.090377301 0.995891094 0.005736618 -0.923177540 -0.966382742 0.089088693 -0.241179645 5.584870338
-0.243681177 0.017086525 0.969704807 138.383712769 0.090914428 0.995844603 0.005299151 -0.925641358 -0.965584815 0.089451462 -0.244222000 5.082877159
-0.247189343 0.017100845 0.968816280 140.420547485 0.090673007 0.995865226 0.005556540 -0.928951204 -0.964715421 0.089218996 -0.247717857 4.572000027
-0.251410186 0.017344125 0.967725158 142.473327637 0.088916510 0.996025264 0.005248728 -0.941705465 -0.963787735 0.087366320 -0.251953036 4.054858208
-0.255626708 0.018036021 0.966607332 144.489868164 0.088409320 0.996072650 0.004794699 -0.950977862 -0.962724626 0.086682752 -0.256217301 3.526008606
-0.260432869 0.016990541 0.965342402 146.528137207 0.086505339 0.996234477 0.005803397 -0.957159579 -0.961608827 0.085018650 -0.260921955 2.986906767
-0.265037537 0.017287636 0.964083016 148.559326172 0.086733282 0.996213615 0.005980188 -0.962680161 -0.960329294 0.085203066 -0.265533417 2.431378365
-0.269496888 0.018052328 0.962832034 150.605361938 0.086066663 0.996274710 0.005410725 -0.957737446 -0.959147513 0.084325910 -0.270046651 1.863662243
-0.274660081 0.017693548 0.961378574 152.668533325 0.085786141 0.996294439 0.006172432 -0.978460014 -0.957706928 0.084168278 -0.275160193 1.300874949
-0.279295087 0.017208895 0.960051060 154.708496094 0.085298397 0.996331096 0.006955528 -0.973504305 -0.956409156 0.083833456 -0.279738277 0.720582426
-0.283758402 0.017452167 0.958736956 156.762237549 0.086068504 0.996262193 0.007338532 -0.974691033 -0.955025315 0.084599413 -0.284199893 0.124774493
-0.287780374 0.017942986 0.957528353 158.849014282 0.086673558 0.996209443 0.007381476 -0.980309665 -0.953766406 0.085116625 -0.288244694 -0.491260111
-0.291179389 0.019072067 0.956478357 160.909576416 0.087180279 0.996170163 0.006676649 -0.981019616 -0.952687860 0.085330151 -0.291726887 -1.117162704
-0.295047104 0.021171045 0.955248117 162.976837158 0.087842561 0.996121526 0.005054984 -0.979465783 -0.951436222 0.085402913 -0.295762509 -1.745854855
-0.298554361 0.022041542 0.954138041 165.040817261 0.087903604 0.996118784 0.004494124 -0.986028314 -0.950335801 0.085213915 -0.299333215 -2.370655298
-0.302173555 0.022742143 0.952981591 167.133071899 0.087430991 0.996162772 0.003950191 -0.995447099 -0.949234903 0.084513769 -0.303002477 -3.024220705
-0.305791736 0.022523070 0.951831877 169.244720459 0.087264925 0.996175110 0.004462944 -1.000660658 -0.948090792 0.084426269 -0.306587666 -3.690579176
-0.309755087 0.022978323 0.950538695 171.324951172 0.087184690 0.996182740 0.004329435 -0.998994410 -0.946810722 0.084213488 -0.310576051 -4.347721100
-0.313628644 0.023928761 0.949244142 173.438598633 0.089436471 0.995982647 0.004442703 -1.005468130 -0.945324361 0.086290427 -0.314508766 -5.046086788
-0.316607296 0.024138676 0.948249459 175.539093018 0.091687024 0.995773911 0.005264563 -1.012926102 -0.944115102 0.088608973 -0.317482531 -5.746473789
-0.318840355 0.024131276 0.947501183 177.644561768 0.092653729 0.995681524 0.005820242 -1.008325219 -0.943268836 0.089645244 -0.319699198 -6.464754581
-0.321666151 0.023768561 0.946554720 179.770401001 0.092668831 0.995675862 0.006489476 -1.012192965 -0.942307413 0.089803562 -0.322477818 -7.180422783
-0.324513733 0.024730546 0.945557654 181.888305664 0.092278890 0.995717287 0.005627511 -1.006782055 -0.941368937 0.089081213 -0.325406045 -7.903028965
-0.327200085 0.026268352 0.944589853 183.999176025 0.091014214 0.995842218 0.003833113 -1.016638875 -0.940561831 0.087225296 -0.328230441 -8.628513336
-0.330102980 0.027991988 0.943529785 186.135864258 0.089993872 0.995940506 0.001938354 -1.021025300 -0.939645171 0.085551769 -0.331281990 -9.378792763
-0.333473563 0.029124239 0.942309439 188.294525146 0.089210443 0.996012628 0.000786595 -1.033410549 -0.938529134 0.084326148 -0.334741980 -10.131439209
-0.336909294 0.029717289 0.941068113 190.463211060 0.087599725 0.996155739 -0.000095519 -1.045398355 -0.937453151 0.082405098 -0.338217407 -10.896778107
-0.340402365 0.030107388 0.939797699 192.591003418 0.088679306 0.996060193 0.000210553 -1.068225265 -0.936088741 0.083412282 -0.341731191 -11.659950256
-0.344804317 0.028851124 0.938231051 194.757308960 0.087784022 0.996138215 0.001629239 -1.081529498 -0.934560776 0.082923457 -0.346005410 -12.437205315
-0.348552108 0.028379550 0.936859667 196.911178589 0.088018775 0.996115446 0.002572229 -1.097004294 -0.933147430 0.083357804 -0.349696070 -13.234983444
-0.352349788 0.028141361 0.935445189 199.064056396 0.087568231 0.996153951 0.003016239 -1.108705759 -0.931762516 0.082978062 -0.353458941 -14.042647362
-0.356381565 0.028569560 0.933903575 201.229354858 0.086822435 0.996220291 0.002655877 -1.111586452 -0.930297792 0.082030274 -0.357515037 -14.848081589
-0.360172927 0.029022658 0.932433903 203.383865356 0.085971065 0.996295214 0.002197814 -1.136136293 -0.928915739 0.080953933 -0.361333638 -15.670200348
-0.363413095 0.029789357 0.931151628 205.537811279 0.086257868 0.996271253 0.001792363 -1.150197625 -0.927626252 0.080970526 -0.364627540 -16.493408203
-0.366052955 0.030456638 0.930095494 207.653518677 0.087011293 0.996205986 0.001623117 -1.168864131 -0.926517308 0.081522956 -0.367314219 -17.329664230
-0.368595093 0.030104898 0.929102421 209.799743652 0.088090323 0.996108890 0.002671290 -1.188894749 -0.925406814 0.082829557 -0.369812787 -18.171447754
-0.371248782 0.030094789 0.928045630 211.954925537 0.089896157 0.995944321 0.003664802 -1.202928782 -0.924171507 0.084788300 -0.372448534 -19.027320862
-0.373748541 0.030550584 0.927026808 214.145690918 0.090982914 0.995844960 0.003862973 -1.219032526 -0.923056960 0.085787363 -0.374975115 -19.918100357
-0.376172781 0.031733174 0.926005960 216.340560913 0.091416568 0.995808184 0.003011079 -1.231721640 -0.922028661 0.085784979 -0.377496958 -20.813785553
-0.379009366 0.031737193 0.924848437 218.513549805 0.090662062 0.995877206 0.002979320 -1.249422789 -0.920940995 0.084977858 -0.380324155 -21.697916031
-0.381921679 0.033288702 0.923594952 220.672515869 0.090881310 0.995860219 0.001687584 -1.257331014 -0.919715405 0.084582038 -0.383365959 -22.573629379
-0.384866297 0.034077466 0.922343135 222.832763672 0.090434387 0.995901942 0.000940358 -1.284398556 -0.918531179 0.083773449 -0.386370927 -23.471031189
-0.387471884 0.034261204 0.921244681 225.009613037 0.088396184 0.996085346 0.000134540 -1.303141356 -0.917633712 0.081486642 -0.388983637 -24.374025345
-0.390600443 0.035486624 0.919876099 227.175262451 0.089410037 0.995994747 -0.000457557 -1.320834994 -0.916208029 0.082067423 -0.392208874 -25.285795212
-0.393279850 0.035189763 0.918745160 229.331741333 0.090842061 0.995865047 0.000742427 -1.340410948 -0.914920032 0.083752677 -0.394850373 -26.207559586
-0.396528661 0.034156758 0.917386651 231.503997803 0.090879679 0.995859385 0.002203074 -1.360739589 -0.913512945 0.084245399 -0.397991031 -27.128437042
-0.399726450 0.033660598 0.916016221 233.624191284 0.089679174 0.995967507 0.002535192 -1.377684236 -0.912236989 0.083160952 -0.401133239 -28.042631149
-0.402630091 0.033745438 0.914740562 235.755279541 0.088311516 0.996090591 0.002124490 -1.402066708 -0.911092818 0.081637517 -0.404036105 -28.977338791
-0.406368852 0.033188380 0.913106203 237.933609009 0.086798787 0.996222913 0.002419534 -1.414404154 -0.909577012 0.080239721 -0.407714635 -29.931560516
-0.409820616 0.032436665 0.911589146 240.086303711 0.085786916 0.996308625 0.003115785 -1.433281898 -0.908123136 0.079479344 -0.411090434 -30.888227463
-0.413236737 0.032976288 0.910026312 242.238998413 0.085797630 0.996308446 0.002857257 -1.452324033 -0.906572759 0.079258829 -0.414540619 -31.857278824
-0.416967511 0.032846797 0.908327699 244.386367798 0.085587233 0.996325374 0.003259834 -1.468349934 -0.904882848 0.079100497 -0.418246567 -32.838775635
-0.420672566 0.032508433 0.906629860 246.525573730 0.084605925 0.996408224 0.003529251 -1.480705976 -0.903258801 0.078190938 -0.421911925 -33.808776855
-0.424314111 0.032395363 0.904935420 248.656692505 0.083910607 0.996466517 0.003672705 -1.501579881 -0.901618779 0.077492058 -0.425533146 -34.799499512
-0.427881867 0.033394229 0.903217554 250.773498535 0.084433615 0.996424019 0.003158474 -1.519495130 -0.899882257 0.077613369 -0.429171413 -35.793266296
-0.431363881 0.033880576 0.901541770 252.865982056 0.084590100 0.996411204 0.003028291 -1.536630869 -0.898203611 0.077567793 -0.432681799 -36.780826569
-0.435005903 0.034006033 0.899785340 255.017074585 0.084878854 0.996385574 0.003378236 -1.547491908 -0.896418095 0.077842288 -0.436320066 -37.806316376
-0.438065171 0.034573086 0.898278117 257.154724121 0.083819449 0.996477902 0.002523806 -1.563889861 -0.895026922 0.076398775 -0.439420104 -38.849735260
-0.441396236 0.035159145 0.896623194 259.291076660 0.084700122 0.996403039 0.002625009 -1.582640052 -0.893305779 0.077102765 -0.442786545 -39.890476227
-0.444240898 0.036279686 0.895172477 261.420196533 0.085873567 0.996303558 0.002237529 -1.585208535 -0.891782284 0.077865653 -0.445714265 -40.955303192
-0.447363377 0.037645906 0.893559635 263.533416748 0.087557144 0.996157765 0.001867365 -1.602709651 -0.890056014 0.079072922 -0.448940694 -42.005695343
-0.450453043 0.040032353 0.891902149 265.658691406 0.090177573 0.995925367 0.000842614 -1.616657495 -0.888234258 0.080809131 -0.452227622 -43.087638855
-0.452650547 0.040653497 0.890760779 267.774658203 0.091398381 0.995813847 0.000997115 -1.637488961 -0.886991441 0.081865415 -0.454471290 -44.165557861
-0.455129534 0.043338958 0.889369905 269.906860352 0.094175428 0.995555580 -0.000319685 -1.647556067 -0.885430992 0.083611310 -0.457188219 -45.262645721
-0.457063824 0.045917336 0.888247848 272.024139404 0.096247412 0.995355487 -0.001928378 -1.668742895 -0.884211004 0.084610142 -0.459360510 -46.361843109
-0.460221380 0.046651959 0.886577606 274.172119141 0.097219765 0.995261133 -0.001904253 -1.688456535 -0.882465005 0.085316494 -0.462575912 -47.456924438
-0.463498801 0.047636304 0.884816170 276.321533203 0.097735167 0.995209634 -0.002382387 -1.715278983 -0.880691051 0.085373424 -0.465934217 -48.554576874
-0.466839910 0.047723424 0.883053303 278.496032715 0.096981443 0.995283008 -0.002517971 -1.732000470 -0.879007936 0.084464289 -0.469266176 -49.693286896
-0.469899833 0.049346581 0.881339312 280.667358398 0.098229140 0.995158195 -0.003346949 -1.743632913 -0.877237260 0.085000478 -0.472471923 -50.845436096
-0.473066807 0.049566980 0.879631102 282.836608887 0.097186424 0.995258868 -0.003815577 -1.764281988 -0.875649750 0.083683193 -0.475641191 -52.005867004
-0.475751400 0.049539909 0.878183484 285.004577637 0.095851570 0.995386660 -0.004224456 -1.789992809 -0.874341488 0.082165480 -0.478305101 -53.167648315
-0.478362262 0.050280355 0.876721919 287.177917480 0.097721212 0.995206714 -0.003756280 -1.811519623 -0.872708499 0.083877467 -0.480982780 -54.341312408
-0.480409920 0.050229233 0.875604570 289.376617432 0.099419676 0.995042324 -0.002533130 -1.839181662 -0.871390879 0.085835375 -0.483021975 -55.536956787
-0.482275039 0.050929494 0.874538183 291.574615479 0.100708976 0.994913042 -0.002402404 -1.848746300 -0.870211780 0.086915225 -0.484950721 -56.758197784
-0.484008878 0.050139952 0.873625517 293.735137939 0.100241683 0.994961858 -0.001567578 -1.870800138 -0.869302571 0.086814955 -0.486596555 -57.950416565
-0.486482739 0.049566124 0.872283041 295.939941406 0.099621087 0.995024979 -0.000980873 -1.879817843 -0.867992043 0.086420611 -0.489000291 -59.169452667
-0.489615142 0.049886439 0.870510399 298.171203613 0.100383334 0.994948685 -0.000557446 -1.879797697 -0.866140962 0.087111793 -0.492149651 -60.400463104
-0.491803765 0.049116082 0.869319618 300.371826172 0.100290932 0.994958043 0.000523423 -1.902350307 -0.864910841 0.087442316 -0.494249970 -61.640644073
-0.493919432 0.050130971 0.868061364 302.575775146 0.100043066 0.994982898 -0.000537122 -1.918891191 -0.863733172 0.086578220 -0.496456653 -62.885189056
-0.496322542 0.052711178 0.866536498 304.783203125 0.099528603 0.995028496 -0.003520716 -1.926389694 -0.862414062 0.084497750 -0.499101311 -64.144226074
-0.499136001 0.051882479 0.864969015 306.994873047 0.097749099 0.995205760 -0.003287571 -1.946529627 -0.860992610 0.082908995 -0.501814485 -65.415176392
-0.503823638 0.049834415 0.862367749 309.211181641 0.095389329 0.995438337 -0.001794702 -1.970681667 -0.858523548 0.081356466 -0.506279171 -66.683341980
-0.508474886 0.047609568 0.859759569 311.439300537 0.093436256 0.995625257 0.000126439 -1.989811659 -0.855992377 0.080397025 -0.510698855 -67.973815918
-0.512841344 0.046185929 0.857240081 313.666839600 0.091823444 0.995774388 0.001283286 -1.998094678 -0.853558660 0.079372853 -0.514915347 -69.296386719
-0.517189443 0.046392746 0.854612648 315.917816162 0.092403665 0.995719850 0.001867529 -2.010501146 -0.850868285 0.079935208 -0.519262612 -70.644767761
-0.521834433 0.048381314 0.851673663 318.151153564 0.095012829 0.995474637 0.001665656 -2.023406267 -0.847738862 0.081789114 -0.524069905 -72.001800537
-0.525150537 0.049600072 0.849562645 320.395263672 0.096457891 0.995335937 0.001513950 -2.033069372 -0.845525146 0.082742080 -0.527485609 -73.387557983
-0.529422164 0.049342059 0.846922398 322.635559082 0.097277530 0.995253265 0.002825556 -2.056148291 -0.842762887 0.083882436 -0.531709015 -74.780960083
-0.533565819 0.047780789 0.844407797 324.864013672 0.097137585 0.995258093 0.005062830 -2.066115856 -0.840161800 0.084725097 -0.535677016 -76.192115784
-0.537447035 0.046078056 0.842037737 327.101104736 0.095391273 0.995419204 0.006413938 -2.073499203 -0.837884963 0.083770201 -0.539380550 -77.618263245
-0.541369736 0.045766983 0.839538097 329.330352783 0.094592966 0.995493293 0.006728746 -2.083485126 -0.835446596 0.083057143 -0.543259144 -79.033866882
-0.545476258 0.045510288 0.836889684 331.550628662 0.094774403 0.995469451 0.007639091 -2.095811605 -0.832750559 0.083482653 -0.547318161 -80.475952148
-0.549705625 0.045786828 0.834102571 333.766754150 0.095525585 0.995392263 0.008314461 -2.091170311 -0.829878628 0.084248662 -0.551546633 -81.902458191
-0.553852737 0.045681458 0.831360519 336.012969971 0.096212208 0.995316386 0.009406138 -2.088166237 -0.827036977 0.085196637 -0.555653870 -83.384902954
-0.557047486 0.044447158 0.829290390 338.237213135 0.094731130 0.995449841 0.010279659 -2.090120554 -0.825060070 0.084285878 -0.558723330 -84.872993469
-0.560535610 0.043767121 0.826972902 340.467956543 0.094929345 0.995415688 0.011662769 -2.087296247 -0.822671294 0.085041389 -0.562120795 -86.369323730
-0.562758267 0.043409586 0.825480938 342.671020508 0.095774047 0.995318830 0.012951556 -2.082721949 -0.821054518 0.086348258 -0.564281404 -87.871696472
-0.565471053 0.042704228 0.823661804 344.886505127 0.093304701 0.995559812 0.012440175 -2.075445652 -0.819473445 0.083886065 -0.566944838 -89.394149780
-0.568882406 0.041837819 0.821354032 347.038360596 0.089197636 0.995952666 0.011048192 -2.065794230 -0.817567468 0.079547957 -0.570311785 -90.838172913
-0.573012650 0.041175086 0.818511546 349.226745605 0.085789561 0.996263683 0.009941531 -2.058935404 -0.815043986 0.075916372 -0.574404061 -92.314331055
-0.575614750 0.038511813 0.816813588 351.368469238 0.084180482 0.996374190 0.012344740 -2.066881895 -0.813376486 0.075865574 -0.576769471 -93.825798035
-0.579002619 0.037575878 0.814459324 353.548400879 0.084318995 0.996340811 0.013975588 -2.059108734 -0.810953915 0.076766312 -0.580052316 -95.345390320
-0.581966877 0.038018122 0.812323332 355.740905762 0.083983965 0.996375144 0.013535940 -2.049863815 -0.808864176 0.076099604 -0.583050251 -96.904167175
-0.585590899 0.036911398 0.809765875 357.941131592 0.082232952 0.996514201 0.014043742 -2.046056986 -0.806424737 0.074813336 -0.586585045 -98.456306458
-0.588720500 0.032958027 0.807664454 360.123046875 0.079435855 0.996690989 0.017230617 -2.033203125 -0.804423988 0.074301541 -0.589390635 -100.012893677
-0.592130065 0.030801294 0.805253506 362.279724121 0.077278890 0.996834159 0.018696433 -2.013472319 -0.802128375 0.073299810 -0.592635870 -101.565208435
-0.595281303 0.029859211 0.802962363 364.474151611 0.075911537 0.996929586 0.019205367 -1.991343856 -0.799923420 0.072386689 -0.595720291 -103.153945923
-0.598753631 0.030393654 0.800356328 366.653594971 0.075542711 0.996968091 0.018654149 -1.965939403 -0.797362745 0.071630314 -0.599234283 -104.736076355
-0.601105690 0.029393045 0.798628867 368.853546143 0.075007215 0.996987164 0.019762345 -1.946827292 -0.795641840 0.071782194 -0.601499259 -106.362991333
-0.604384720 0.028455880 0.796184242 371.019775391 0.074546061 0.996997356 0.020955013 -1.928033352 -0.793197274 0.072017282 -0.604691267 -107.968833923
-0.606984675 0.026727365 0.794263959 373.187561035 0.071185753 0.997245312 0.020843094 -1.913013935 -0.791518927 0.069191717 -0.607215226 -109.609207153
-0.610361099 0.023132386 0.791785479 375.340087891 0.060959384 0.997980893 0.017835081 -1.891809344 -0.789774179 0.059152592 -0.610538840 -111.226821899
-0.614124656 0.025758065 0.788788557 377.512969971 0.053652361 0.998517632 0.009165134 -1.893644333 -0.787383199 0.047948897 -0.614596367 -112.848960876
-0.616562128 0.035810653 0.786491275 379.635925293 0.063561067 0.997968316 0.004388425 -1.895640016 -0.784736335 0.052695964 -0.617585778 -114.505867004
-0.617434740 0.037002396 0.785751343 381.765716553 0.071389101 0.997406781 0.009127139 -1.906249762 -0.783375978 0.061729480 -0.618475199 -116.168670654
-0.619188011 0.027907543 0.784746706 383.909027100 0.070690118 0.997291446 0.020310394 -1.893095493 -0.782054424 0.068049788 -0.619483709 -117.856521606
-0.623055398 0.017251613 0.781987309 386.081726074 0.064148225 0.997515917 0.029104237 -1.847944140 -0.779542685 0.068296663 -0.622614324 -119.512130737
-0.626402020 0.010995444 0.779422760 388.176452637 0.058115471 0.997776449 0.032630112 -1.799324989 -0.777330756 0.065736063 -0.625648260 -121.158584595
-0.629772007 0.010948224 0.776703000 390.287109375 0.057421457 0.997821093 0.032493830 -1.742363334 -0.774654806 0.065063111 -0.629028440 -122.828613281
-0.631598830 0.015694864 0.775136471 392.336730957 0.062405776 0.997580111 0.030650763 -1.701453686 -0.772779703 0.067731984 -0.631049812 -124.496810913
-0.634151876 0.022008328 0.772895157 394.396057129 0.066939525 0.997404456 0.026521862 -1.654441595 -0.770305455 0.068556130 -0.633979082 -126.163208008
-0.636393666 0.024878819 0.770963192 396.472473145 0.067318194 0.997457564 0.023380237 -1.620837808 -0.768421412 0.066778883 -0.636450469 -127.858016968
-0.639822483 0.025305428 0.768106103 398.534240723 0.068556912 0.997352481 0.024249034 -1.598194838 -0.765458763 0.068174064 -0.639863491 -129.561599731
-0.642646968 0.024733067 0.765763044 400.584014893 0.069429912 0.997246444 0.026057618 -1.559284449 -0.763010085 0.069912709 -0.642594695 -131.268722534
-0.645267785 0.024069762 0.763577223 402.642211914 0.069946349 0.997166693 0.027675731 -1.517060757 -0.760747671 0.071267702 -0.645123184 -132.986297607
-0.647273958 0.024549173 0.761862099 404.706848145 0.070355244 0.997138858 0.027643031 -1.471821785 -0.759003699 0.071493603 -0.647149205 -134.711196899
-0.648722470 0.024681244 0.760624766 406.752105713 0.070774719 0.997098982 0.028007906 -1.428676367 -0.757726908 0.072002351 -0.648587346 -136.437576294
-0.650069058 0.025404360 0.759450376 408.809875488 0.071781635 0.997024715 0.028091677 -1.384769678 -0.756477118 0.072776109 -0.649958432 -138.184692383
-0.651063323 0.024739278 0.758620203 410.839996338 0.072666205 0.996909380 0.029853515 -1.332841873 -0.755536973 0.074562572 -0.650848925 -139.927902222
-0.652211905 0.024327219 0.757646084 412.896545410 0.074832343 0.996669114 0.032416683 -1.288377523 -0.754333973 0.077838995 -0.651860058 -141.683868408
-0.653402030 0.023964811 0.756631672 414.952423096 0.076318458 0.996491849 0.034344181 -1.224693537 -0.753154218 0.080185518 -0.652938724 -143.437011719
-0.655224562 0.024179911 0.755047083 416.989440918 0.074734606 0.996659338 0.032936767 -1.163795471 -0.751728356 0.078009121 -0.654842794 -145.180664062
-0.656893909 0.023993982 0.753601134 419.007171631 0.070408389 0.997078180 0.029627036 -1.111956358 -0.750688374 0.072521664 -0.656663954 -146.917480469
-0.658297181 0.023305984 0.752397239 421.023315430 0.067556538 0.997316420 0.028214931 -1.065893769 -0.749720514 0.069403157 -0.658105075 -148.656585693
-0.659385681 0.022633301 0.751464069 423.040802002 0.066784471 0.997358501 0.028561853 -1.018566251 -0.748832703 0.069019400 -0.659155548 -150.399993896
-0.660107672 0.021013595 0.750876904 425.000274658 0.064505339 0.997501910 0.028792173 -0.984144986 -0.748396099 0.067441516 -0.659814239 -152.124923706
-0.661160290 0.020367866 0.749968112 427.015777588 0.062193811 0.997678638 0.027733838 -0.937267363 -0.747662306 0.064979881 -0.660892367 -153.871185303
-0.661716521 0.019649452 0.749496579 429.019714355 0.060774542 0.997772634 0.027498230 -0.890583456 -0.747286916 0.063746348 -0.661436796 -155.621307373
-0.662378907 0.018449370 0.748941720 431.021453857 0.062021758 0.997615337 0.030278094 -0.846841633 -0.746597290 0.066506252 -0.661943614 -157.373229980
-0.662388325 0.016900551 0.748970032 433.016845703 0.064008474 0.997366488 0.034103379 -0.794017136 -0.746421337 0.070530102 -0.661725640 -159.126037598
-0.661396623 0.015916007 0.749867380 435.005706787 0.068404764 0.996888220 0.039175179 -0.727629662 -0.746910512 0.077204823 -0.660427153 -160.868560791
-0.659819961 0.014918735 0.751275480 437.013366699 0.072133347 0.996443093 0.043565046 -0.650237143 -0.747953355 0.082937106 -0.658549190 -162.625671387
-0.658631563 0.012726579 0.752357960 439.014007568 0.066617586 0.996916950 0.041455135 -0.573073626 -0.749510884 0.077423923 -0.657448828 -164.353836060
-0.658138573 0.011822205 0.752803862 441.015686035 0.059190739 0.997594416 0.036081035 -0.498723179 -0.750566363 0.068305336 -0.657255113 -166.049743652
-0.656257629 0.009747445 0.754473865 443.022644043 0.054396827 0.997925878 0.034422819 -0.437552154 -0.752573431 0.063631229 -0.655426681 -167.786437988
-0.654557228 0.009518848 0.755952537 445.051147461 0.052582998 0.998072505 0.032962490 -0.387770236 -0.754181623 0.061326087 -0.653796017 -169.496307373
-0.651576996 0.010780846 0.758505881 447.058929443 0.055219047 0.997920454 0.033250935 -0.323443890 -0.756570101 0.063549519 -0.650817335 -171.220550537
-0.648616552 0.010809161 0.761038542 449.072967529 0.055911969 0.997874200 0.033479583 -0.260224223 -0.759058774 0.064266585 -0.647842169 -172.940872192
-0.646349609 0.011086288 0.762960851 451.093017578 0.052877020 0.998141408 0.030291677 -0.206802368 -0.761207044 0.059922114 -0.645734608 -174.625106812
-0.644710124 0.006418949 0.764400184 453.127319336 0.046694990 0.998427987 0.030999307 -0.157493711 -0.762999594 0.055679221 -0.643996418 -176.330169678
-0.643695891 -0.000242839 0.765281320 455.175506592 0.037233070 0.998805702 0.031634536 -0.104914688 -0.764375269 0.048856799 -0.642917991 -178.022506714
-0.643793762 -0.003647390 0.765190423 457.223297119 0.030216569 0.999087512 0.030185042 -0.057386186 -0.764602125 0.042554367 -0.643096209 -179.697387695
-0.643486977 -0.003698601 0.765448034 459.271667480 0.029243900 0.999139488 0.029412167 -0.010886901 -0.764898241 0.041311037 -0.642825127 -181.374404907
-0.642055511 -0.003696782 0.766649127 461.315582275 0.031305984 0.999027908 0.031035539 0.037652496 -0.766018569 0.043927252 -0.641315639 -183.082977295
-0.640658617 -0.004752447 0.767811060 463.361816406 0.032633103 0.998908877 0.033411793 0.089883715 -0.767132103 0.046461616 -0.639804542 -184.772079468
-0.639316976 -0.007315873 0.768908441 465.387603760 0.030374683 0.998933971 0.034759831 0.149719983 -0.768343151 0.045577895 -0.638413250 -186.434539795
-0.638678133 -0.007601941 0.769436300 467.475555420 0.028034931 0.999057531 0.033141240 0.216051221 -0.768963099 0.042737685 -0.637863159 -188.121673584
-0.637563944 -0.006548903 0.770369589 469.513549805 0.027565442 0.999129653 0.031306967 0.269263387 -0.769904137 0.041195769 -0.636828542 -189.790771484
-0.636220813 -0.004598357 0.771493375 471.548553467 0.028810324 0.999143183 0.029713992 0.323204160 -0.770968914 0.041131631 -0.635543227 -191.471633911
-0.635630369 -0.004626245 0.771979630 473.588226318 0.030244848 0.999065101 0.030890016 0.360476792 -0.771400869 0.042983040 -0.634896159 -193.081924438
