1.000000000 0.000000000 -0.000000000 0.000000000 0.000000000 1.000000000 0.000000000 0.000000000 -0.000000000 0.000000000 1.000000000 0.000000000
0.999991596 -0.002391659 -0.003337815 -0.003555587 0.002384327 0.999994755 -0.002198919 -0.005270013 0.003343056 0.002190942 0.999992013 0.664974809
0.999971271 -0.001093716 -0.007504611 -0.012676326 0.001066768 0.999992967 -0.003593923 -0.010501863 0.007508489 0.003585814 0.999965370 1.358930469
0.999937654 -0.001387816 -0.011079450 -0.027566159 0.001330080 0.999985516 -0.005216760 -0.011648758 0.011086529 0.005201698 0.999925017 2.066189289
0.999876082 0.000580770 -0.015732089 -0.052993596 -0.000677366 0.999980927 -0.006135415 -0.012880426 0.015728224 0.006145312 0.999857426 2.789231539
0.999801159 0.000046229 -0.019937569 -0.072600737 -0.000171430 0.999980271 -0.006278007 -0.023665847 0.019936882 0.006280178 0.999781549 3.529168367
0.999690652 0.001605253 -0.024818037 -0.092738912 -0.001791828 0.999970257 -0.007497294 -0.031540025 0.024805261 0.007539445 0.999663830 4.295269489
0.999581099 0.004512640 -0.028589018 -0.148520887 -0.004739748 0.999957621 -0.007881096 -0.049522858 0.028552247 0.008013300 0.999560118 5.033142567
0.999454618 0.004889056 -0.032660339 -0.184677929 -0.005095065 0.999967635 -0.006227357 -0.057724401 0.032628838 0.006390368 0.999447048 5.813233376
0.999296784 0.004181114 -0.037264541 -0.217093974 -0.004328309 0.999983072 -0.003870201 -0.061792545 0.037247732 0.004028772 0.999297917 6.616682053
0.999134243 0.003330770 -0.041469354 -0.227590650 -0.003360290 0.999994099 -0.000642156 -0.077784821 0.041466985 0.000780950 0.999139488 7.409208298
0.999018669 0.004523186 -0.044059698 -0.270620525 -0.004579820 0.999988735 -0.001184538 -0.086345546 0.044053856 0.001385161 0.999028146 8.226990700
0.998935997 0.003711971 -0.045969527 -0.318562180 -0.003776227 0.999992013 -0.001311029 -0.092580900 0.045964301 0.001483225 0.998941958 9.046998978
0.998846233 0.001245316 -0.048007213 -0.357545763 -0.001358666 0.999996364 -0.002328542 -0.093410209 0.048004150 0.002391081 0.998844206 9.889037132
0.998720467 0.001014768 -0.050560791 -0.390677005 -0.001082626 0.999998510 -0.001314736 -0.106460601 0.050559372 0.001367792 0.998720169 10.718708992
0.998630643 -0.000749404 -0.052310128 -0.434179932 0.000664688 0.999998391 -0.001636888 -0.113366522 0.052311264 0.001599877 0.998629630 11.571047783
0.998541772 0.001500887 -0.053963862 -0.488142490 -0.001697603 0.999992073 -0.003599679 -0.126749739 0.053958032 0.003686040 0.998536468 12.423353195
0.998459578 0.002067341 -0.055444896 -0.540984273 -0.002436059 0.999975383 -0.006583415 -0.130521908 0.055429917 0.006708341 0.998440146 13.293250084
0.998353422 0.006257118 -0.057020377 -0.599299669 -0.006750572 0.999941409 -0.008465518 -0.142893046 0.056964058 0.008836498 0.998337090 14.161192894
0.998298705 0.007510064 -0.057821412 -0.657734036 -0.008029349 0.999929428 -0.008753757 -0.149989054 0.057751589 0.009203132 0.998288512 15.042835236
0.998215675 0.006489900 -0.059358075 -0.713179529 -0.006895499 0.999954224 -0.006630816 -0.171051025 0.059312321 0.007028287 0.998214722 15.948072433
0.998137653 0.007112885 -0.060586218 -0.771476626 -0.007441720 0.999958754 -0.005203625 -0.180044085 0.060546707 0.005644800 0.998149395 16.831394196
0.998090267 0.006553728 -0.061424900 -0.830638945 -0.006856064 0.999965370 -0.004712559 -0.197286978 0.061391890 0.005124692 0.998100638 17.739490509
0.997990787 0.006459168 -0.063028991 -0.891154766 -0.006840086 0.999959528 -0.005829609 -0.207688466 0.062988788 0.006249020 0.997994721 18.647863388
0.997916818 0.005749572 -0.064256042 -0.950342596 -0.006187553 0.999958992 -0.006619263 -0.223643064 0.064215332 0.007003063 0.997911513 19.554176331
0.997881949 0.005559866 -0.064812347 -1.010022521 -0.005901362 0.999969721 -0.005078751 -0.232992828 0.064782120 0.005450475 0.997884572 20.480289459
0.997887671 0.006644872 -0.064621828 -1.086927891 -0.006767987 0.999975741 -0.001686443 -0.243428379 0.064609043 0.002120241 0.997908413 21.434343338
0.997918725 0.007754254 -0.064016484 -1.139429331 -0.007612869 0.999968052 0.002452233 -0.258814573 0.064033449 -0.001959780 0.997945845 22.345130920
0.998017311 0.006540241 -0.062601052 -1.195660710 -0.006206295 0.999965489 0.005527503 -0.267243147 0.062635049 -0.005128022 0.998023331 23.276781082
0.998127282 0.007410611 -0.060721055 -1.262667179 -0.007059752 0.999957085 0.005990744 -0.267034501 0.060762849 -0.005550849 0.998136818 24.215314865
0.998196959 0.007038445 -0.059609473 -1.312622547 -0.006853689 0.999971032 0.003303341 -0.280635536 0.059631001 -0.002888840 0.998216271 25.160820007
0.998238623 0.008025618 -0.058781736 -1.372490764 -0.008141997 0.999965370 -0.001740606 -0.284075111 0.058765735 0.002216140 0.998269320 26.109857559
0.998312831 0.007334024 -0.057598915 -1.427592754 -0.007629963 0.999958754 -0.004919692 -0.293171048 0.057560470 0.005350869 0.998327613 27.056743622
0.998359919 0.004673945 -0.057058059 -1.478413105 -0.004865959 0.999982893 -0.003226758 -0.310095191 0.057042014 0.003499107 0.998365641 28.025064468
0.998353243 0.002773813 -0.057298910 -1.535194635 -0.002681157 0.999994874 0.001693876 -0.320760161 0.057303324 -0.001537459 0.998355687 28.998216629
0.998318851 -0.000497041 -0.057957903 -1.590165496 0.000780866 0.999987781 0.004874555 -0.326253057 0.057954777 -0.004911617 0.998307109 29.967275620
0.998236835 -0.007959794 -0.058820322 -1.648756266 0.008225746 0.999956965 0.004280681 -0.332499385 0.058783717 -0.004756975 0.998259425 30.945848465
0.998125434 -0.009731658 -0.060423363 -1.697473049 0.009757626 0.999952316 0.000134686 -0.338334262 0.060419172 -0.000724022 0.998172820 31.912397385
0.998030484 -0.010105979 -0.061910048 -1.763165712 0.009906422 0.999944687 -0.003529453 -0.347371578 0.061942287 0.002909195 0.998075545 32.907836914
0.997916222 -0.008417007 -0.063972615 -1.831623554 0.008136727 0.999956131 -0.004640496 -0.352894545 0.064008862 0.004110298 0.997940898 33.897094727
0.997871637 -0.008348683 -0.064672351 -1.889709115 0.008170984 0.999962091 -0.003011696 -0.372283429 0.064695030 0.002476849 0.997902036 34.865051270
0.997813046 -0.005613853 -0.065860696 -1.960425377 0.005622005 0.999984145 -0.000061570 -0.387024462 0.065859996 -0.000308834 0.997828841 35.863220215
0.997722030 -0.005579086 -0.067227878 -2.026870012 0.005685643 0.999982893 0.001393776 -0.400962114 0.067218952 -0.001772835 0.997736633 36.857166290
0.997669876 -0.004230032 -0.068094753 -2.097773075 0.004495183 0.999982893 0.003741105 -0.407258481 0.068077758 -0.004038486 0.997671843 37.829326630
0.997679234 -0.004000981 -0.067970783 -2.166301966 0.004483359 0.999965727 0.006945787 -0.419005305 0.067940675 -0.007234405 0.997663140 38.832317352
0.997635841 0.001650161 -0.068701938 -2.233598709 -0.001013093 0.999956191 0.009306755 -0.424865693 0.068714283 -0.009215152 0.997593760 39.784835815
0.997647941 0.001942991 -0.068517745 -2.325292349 -0.001376829 0.999964476 0.008309256 -0.423355669 0.068531469 -0.008195377 0.997615337 40.806606293
0.997619867 0.001485075 -0.068937562 -2.378371716 -0.001010470 0.999975562 0.006918919 -0.431268662 0.068946160 -0.006832792 0.997596979 41.806198120
0.997610748 0.003821945 -0.068979055 -2.457349062 -0.003499304 0.999982417 0.004797605 -0.438292801 0.068996184 -0.004544764 0.997606635 42.801692963
0.997571051 0.003608953 -0.069562145 -2.533083677 -0.003287629 0.999983370 0.004733170 -0.445514768 0.069578066 -0.004492979 0.997566283 43.780185699
0.997483253 0.001885027 -0.070876919 -2.603210211 -0.001477330 0.999981999 0.005804158 -0.451905817 0.070886582 -0.005684842 0.997468174 44.767169952
0.997464359 0.002641186 -0.071118750 -2.678391457 -0.002137847 0.999972105 0.007152626 -0.466508955 0.071135655 -0.006982449 0.997442126 45.735763550
0.997396231 0.004346826 -0.071984634 -2.745272398 -0.004097321 0.999985099 0.003613395 -0.475828737 0.071999267 -0.003309043 0.997399092 46.721511841
0.997352779 0.005005866 -0.072541870 -2.828360319 -0.005072935 0.999986887 -0.000740319 -0.482010096 0.072537214 0.001106358 0.997364998 47.686988831
0.997276843 0.006098548 -0.073496185 -2.903180122 -0.006258988 0.999978602 -0.001952838 -0.489503503 0.073482692 0.002407531 0.997293472 48.642562866
0.997271121 0.004227750 -0.073705770 -2.969998837 -0.004111755 0.999990225 0.001725421 -0.506603956 0.073712312 -0.001417652 0.997278512 49.631916046
0.997296572 0.002600970 -0.073436178 -3.047434092 -0.002275386 0.999987245 0.004516879 -0.514262557 0.073446982 -0.004337572 0.997289658 50.600948334
0.997306228 0.001005371 -0.073344931 -3.127518177 -0.000566268 0.999981821 0.006007378 -0.535081029 0.073349632 -0.005949660 0.997288525 51.561901093
0.997246802 -0.002407160 -0.074115247 -3.185204268 0.002738370 0.999986708 0.004367552 -0.537541032 0.074103750 -0.004558482 0.997240067 52.515998840
0.997227728 -0.005135567 -0.074232526 -3.259324789 0.005384316 0.999980509 0.003151212 -0.548223436 0.074214898 -0.003542167 0.997235954 53.471103668
0.997143328 -0.006615018 -0.075242631 -3.332082272 0.006918158 0.999969006 0.003768911 -0.551471770 0.075215362 -0.004278685 0.997158051 54.414546967
0.996989608 -0.010489966 -0.076822378 -3.392962933 0.011189017 0.999899745 0.008674807 -0.566105187 0.076723695 -0.009508259 0.997007072 55.371131897
0.996965885 -0.011177123 -0.077033080 -3.472903252 0.012246535 0.999834836 0.013424089 -0.567723989 0.076870315 -0.014326747 0.996938169 56.315109253
0.996978819 -0.008844621 -0.077168360 -3.561071396 0.010057398 0.999831676 0.015341509 -0.566434264 0.077019677 -0.016071273 0.996900022 57.248798370
0.996786773 -0.008659111 -0.079631783 -3.624798298 0.009575300 0.999892235 0.011130677 -0.565984190 0.079526819 -0.011857409 0.996762216 58.194927216
0.996723533 -0.006515386 -0.080620073 -3.703509569 0.006867448 0.999968052 0.004090419 -0.576350152 0.080590837 -0.004630671 0.996736467 59.130012512
0.996743083 -0.004202459 -0.080531999 -3.795962572 0.004126448 0.999990940 -0.001110257 -0.579380214 0.080535926 0.000774330 0.996751368 60.038612366
0.996639132 0.000536816 -0.081915587 -3.874059677 -0.000524785 0.999999821 0.000168398 -0.595690846 0.081915669 -0.000124844 0.996639252 60.941123962
0.996508360 0.002738187 -0.083447665 -3.956751347 -0.002536921 0.999993622 0.002517825 -0.609550238 0.083454020 -0.002297333 0.996508956 61.851741791
0.996426642 0.005389942 -0.084290609 -4.037680626 -0.005069223 0.999979079 0.004018490 -0.622130871 0.084310502 -0.003576842 0.996433079 62.736598969
0.996310413 0.006157630 -0.085601300 -4.115022182 -0.005848560 0.999975502 0.003860892 -0.634232283 0.085622951 -0.003346003 0.996321917 63.609790802
0.996141016 0.007741549 -0.087424472 -4.192897320 -0.007395639 0.999963522 0.004279888 -0.641575158 0.087454408 -0.003616812 0.996161938 64.466949463
0.996027112 0.008840085 -0.088609733 -4.274869919 -0.008393068 0.999950111 0.005416103 -0.657637775 0.088653199 -0.004650878 0.996051669 65.315567017
0.995916843 0.008609190 -0.089863673 -4.354375362 -0.008120948 0.999950230 0.005797371 -0.664422631 0.089909114 -0.005043921 0.995937288 66.146026611
0.995805562 0.008447222 -0.091104083 -4.433540821 -0.007853421 0.999945521 0.006874351 -0.673334241 0.091157176 -0.006130039 0.995817661 66.956069946
0.995655656 0.011302889 -0.092422441 -4.516765594 -0.010488058 0.999901712 0.009297355 -0.676750004 0.092518456 -0.008287633 0.995676458 67.750045776
0.995517612 0.012797583 -0.093706459 -4.593118668 -0.011556089 0.999838233 0.013779466 -0.685519814 0.093867630 -0.012634819 0.995504498 68.542701721
0.995315194 0.015734706 -0.095393911 -4.672867775 -0.014357852 0.999782860 0.015102617 -0.684311271 0.095610820 -0.013662213 0.995325089 69.300933838
0.995158374 0.018752864 -0.096479513 -4.758108616 -0.017741781 0.999778509 0.011327014 -0.695679069 0.096670583 -0.009560456 0.995270491 70.066246033
0.995027781 0.019010041 -0.097766519 -4.834756851 -0.018694494 0.999816656 0.004142675 -0.703402221 0.097827345 -0.002294380 0.995200813 70.788658142
0.994868994 0.017850751 -0.099584073 -4.901974678 -0.018104497 0.999834657 -0.001644831 -0.712811589 0.099538259 0.003439311 0.995027781 71.498725891
0.994817674 0.018299518 -0.100014493 -4.972976208 -0.018667156 0.999821961 -0.002741185 -0.718173444 0.099946536 0.004593966 0.994982243 72.187049866
0.994712770 0.020982737 -0.100529104 -5.059485912 -0.021033442 0.999778509 0.000555616 -0.726305664 0.100518510 0.001561795 0.994933903 72.870964050
0.994546711 0.021766705 -0.101995602 -5.133158684 -0.021558546 0.999762595 0.003142866 -0.747510970 0.102039799 -0.000926850 0.994779825 73.525161743
0.994557202 0.018622328 -0.102513812 -5.200148106 -0.018755611 0.999823987 -0.000336367 -0.756504953 0.102489501 0.002257246 0.994731545 74.152191162
0.994651794 0.010220321 -0.102777511 -5.246063232 -0.010820558 0.999927521 -0.005284321 -0.771375716 0.102716051 0.006368170 0.994690299 74.765846252
0.994775414 0.006023807 -0.101909429 -5.295386314 -0.007083594 0.999924481 -0.010040583 -0.782696187 0.101841256 0.010710009 0.994742990 75.343650818
0.995079398 0.008469848 -0.098717913 -5.360477924 -0.009558225 0.999898553 -0.010557394 -0.788687408 0.098618485 0.011449013 0.995059490 75.950042725
0.995448947 0.013380433 -0.094352327 -5.425117493 -0.014162627 0.999870718 -0.007625363 -0.801386297 0.094238102 0.008926936 0.995509684 76.504531860
0.995889008 0.012142228 -0.089763761 -5.475698471 -0.012567497 0.999912322 -0.004173958 -0.818143547 0.089705214 0.005284905 0.995954335 77.054878235
0.996432900 0.008442604 -0.083965510 -5.505184174 -0.008483276 0.999964058 -0.000127655 -0.829243541 0.083961405 0.000839503 0.996468723 77.574745178
0.997098505 0.003938009 -0.076020442 -5.537152290 -0.003697676 0.999987721 0.003301921 -0.840775371 0.076032512 -0.003011242 0.997100830 78.137229919
0.997840524 0.007667997 -0.065234460 -5.574590206 -0.007489781 0.999967575 0.002976037 -0.847796619 0.065255165 -0.002481018 0.997865617 78.654243469
0.998657882 0.012752418 -0.050198656 -5.598181248 -0.012652894 0.999917209 0.002299914 -0.853284776 0.050223842 -0.001661669 0.998736620 79.159080505
0.999328256 0.017901702 -0.031977516 -5.616683960 -0.017821735 0.999837220 0.002784019 -0.858809054 0.032022167 -0.002212254 0.999484718 79.647750854
0.999812663 0.016549798 -0.010046937 -5.605691433 -0.016516577 0.999857903 0.003380637 -0.863929272 0.010101471 -0.003214062 0.999943852 80.133750916
0.999784231 0.013052869 0.016161667 -5.576092720 -0.013126824 0.999903798 0.004478454 -0.874943316 -0.016101653 -0.004689639 0.999859393 80.598381042
0.998899341 0.011988393 0.045348171 -5.534263611 -0.012253870 0.999909401 0.005580749 -0.877996862 -0.045277152 -0.006130297 0.998955727 81.045852661
0.996814668 0.011493403 0.078920528 -5.482219696 -0.012146702 0.999895811 0.007802841 -0.893861830 -0.078822620 -0.008736610 0.996850431 81.490951538
0.993147075 0.011848657 0.116269916 -5.415862083 -0.012868676 0.999884903 0.008026085 -0.896345735 -0.116161421 -0.009467323 0.993185222 81.937820435
0.987425983 0.010998164 0.157699555 -5.306028366 -0.012325390 0.999896348 0.007440642 -0.896600783 -0.157601357 -0.009290790 0.987459183 82.349884033
0.979305387 0.010878813 0.202095151 -5.181942940 -0.012665099 0.999891341 0.007547773 -0.907492280 -0.201991066 -0.009951131 0.979336739 82.735252380
0.967866004 0.013138855 0.251122653 -5.049129009 -0.014966516 0.999873579 0.005369445 -0.914137363 -0.251020372 -0.008955335 0.967940390 83.135925293
0.952507019 0.014462158 0.304172993 -4.892740250 -0.015899366 0.999871075 0.002248603 -0.920911252 -0.304101229 -0.006977968 0.952614129 83.520957947
0.932958663 0.014613530 0.359686673 -4.709828377 -0.015615058 0.999878109 -0.000121058 -0.925943375 -0.359644592 -0.005503586 0.933073103 83.891654968
0.908650637 0.014822598 0.417294025 -4.516677856 -0.015299520 0.999880493 -0.002202064 -0.932712674 -0.417276829 -0.004383493 0.908768833 84.243476868
0.879689276 0.014334057 0.475332856 -4.305765629 -0.014220967 0.999891520 -0.003834090 -0.943540275 -0.475336254 -0.003386886 0.879797637 84.557983398
0.847095549 0.013499968 0.531268954 -4.047371864 -0.011170953 0.999908745 -0.007596661 -0.934449494 -0.531323016 0.000500317 0.847169101 84.860374451
0.810146391 0.014513199 0.586047888 -3.780535460 -0.011172129 0.999894202 -0.009317677 -0.940835536 -0.586121082 0.001001278 0.810222805 85.169609070
0.769299150 0.012577644 0.638764858 -3.511878967 -0.008716103 0.999919832 -0.009191713 -0.946363747 -0.638829231 0.001503638 0.769347072 85.460105896
0.725654066 0.013301900 0.687931061 -3.222597837 -0.009547396 0.999911547 -0.009263449 -0.932854056 -0.687993407 0.000154108 0.725716889 85.732780457
0.683590770 0.011183445 0.729779840 -2.927210331 -0.005706482 0.999933958 -0.009978089 -0.923374653 -0.729843199 0.002656454 0.683609426 85.860198975
0.636957347 0.009918047 0.770835280 -2.608714581 -0.002140655 0.999936223 -0.011096934 -0.932009161 -0.770895958 0.005418183 0.636937976 86.066970825
0.589919984 0.007209861 0.807429612 -2.276623726 0.003864104 0.999923527 -0.011751886 -0.942443728 -0.807452440 0.010052664 0.589847028 86.254440308
0.543467045 0.009474581 0.839377046 -1.941260219 0.001711146 0.999921739 -0.012394657 -0.955029845 -0.839428782 0.008172384 0.543408275 86.421920776
0.495974094 0.012403858 0.868248701 -1.608093500 -0.001428895 0.999908328 -0.013468520 -0.965444744 -0.868336141 0.005439401 0.495946348 86.584625244
0.450765043 0.014973830 0.892517090 -1.265158057 -0.001732286 0.999872088 -0.015900046 -0.969828546 -0.892640948 0.005621090 0.450733304 86.717536926
0.407875389 0.013332728 0.912940264 -0.910718262 0.005566901 0.999838471 -0.017088933 -0.968835950 -0.913020670 0.012052404 0.407735288 86.839752197
0.368503541 0.005699808 0.929608941 -0.541760385 0.020182408 0.999696434 -0.014129994 -0.979250550 -0.929407239 0.023968698 0.368276685 86.926315308
0.332251906 0.002082696 0.943188429 -0.170713395 0.024443399 0.999642730 -0.010817901 -0.986519575 -0.942873895 0.026649002 0.332082301 87.031425476
0.298922747 0.004563382 0.954266429 0.173611209 0.023265926 0.999656439 -0.012068463 -1.001531243 -0.953993559 0.025809430 0.298713863 87.125236511
0.267844707 0.012261901 0.963384092 0.541167617 0.012317739 0.999793708 -0.016149959 -1.018578410 -0.963383257 0.016192399 0.267638415 87.223831177
0.239067420 0.016231205 0.970867276 0.918823302 0.007400163 0.999800742 -0.018537147 -1.039731741 -0.970974743 0.011616205 0.238899663 87.309600830
0.213686869 0.017897163 0.976738334 1.311727881 0.009032041 0.999753296 -0.020294867 -1.055055737 -0.976860464 0.013158688 0.213472500 87.371551514
0.189569876 0.019488862 0.981673837 1.718804359 0.016314665 0.999602497 -0.022995301 -1.066047907 -0.981731653 0.020374896 0.189176589 87.435180664
0.169701830 0.025797984 0.985157788 2.133995056 0.023307705 0.999272645 -0.030182557 -1.064512372 -0.985219717 0.028083805 0.168977141 87.478584290
0.150704965 0.032830387 0.988033473 2.540659428 0.027094591 0.998935759 -0.037325397 -1.056028128 -0.988207400 0.032395490 0.149655119 87.519348145
0.132727504 0.033623636 0.990582049 2.981180429 0.024924250 0.998995066 -0.037248794 -1.069826126 -0.990839183 0.029633457 0.131756112 87.577224731
0.117533974 0.029331435 0.992635548 3.440923452 0.022793334 0.999220610 -0.032224886 -1.095193148 -0.992807209 0.026412996 0.116773851 87.622978210
0.103113726 0.025848888 0.994333565 3.910141706 0.023464600 0.999320865 -0.028411847 -1.117514729 -0.994392753 0.026261289 0.102437176 87.668525696
0.090081975 0.023410417 0.995659113 4.390913486 0.025822010 0.999332726 -0.025833027 -1.132393599 -0.995599568 0.028037012 0.089417361 87.694816589
0.078371227 0.022873491 0.996661723 4.888014317 0.029572373 0.999243498 -0.025258122 -1.146681428 -0.996485531 0.031453162 0.077635512 87.723258972
0.068195619 0.023414239 0.997397125 5.395149708 0.032986898 0.999124944 -0.025710233 -1.163157344 -0.997126520 0.034654360 0.067363597 87.747200012
0.060142834 0.023877498 0.997904301 5.917226315 0.035140306 0.999043465 -0.026022635 -1.180453658 -0.997570992 0.036631733 0.059246253 87.785301208
0.054658700 0.024157884 0.998212874 6.465843201 0.036748365 0.998981237 -0.026188696 -1.197167158 -0.997828603 0.038114130 0.053715263 87.808044434
0.048884835 0.025254263 0.998485148 7.029197216 0.037976462 0.998910367 -0.027124312 -1.215501428 -0.998082101 0.039244894 0.047872517 87.834777832
0.043315724 0.025995277 0.998723149 7.612336159 0.039143894 0.998849690 -0.027696284 -1.227645397 -0.998294294 0.040293597 0.042248338 87.860595703
0.038946599 0.025755899 0.998909235 8.213582039 0.041510895 0.998763084 -0.027370602 -1.246607304 -0.998378694 0.042531613 0.037829269 87.876617432
0.035733517 0.026118493 0.999020100 8.831335068 0.042948727 0.998694658 -0.027646206 -1.263233185 -0.998438060 0.043894526 0.034565125 87.903633118
0.032765415 0.025605232 0.999135017 9.469502449 0.043933801 0.998668551 -0.027034037 -1.284037828 -0.998497009 0.044781581 0.031596858 87.920875549
0.030160926 0.024948657 0.999233603 10.124460220 0.045765776 0.998605669 -0.026314368 -1.304938912 -0.998496771 0.046524379 0.028977076 87.945587158
0.029711818 0.024689199 0.999253571 10.801488876 0.050250374 0.998394012 -0.026162105 -1.325702667 -0.998294592 0.050990194 0.028423458 87.956893921
0.030383125 0.024340197 0.999241829 11.477229118 0.053758223 0.998216689 -0.025949800 -1.345025659 -0.998091638 0.054505911 0.029020457 87.979148865
0.033020452 0.024342814 0.999158084 12.180683136 0.055688344 0.998105466 -0.026157569 -1.364191175 -0.997902095 0.056505207 0.031602282 87.998184204
0.036647271 0.024156423 0.999036193 12.906269073 0.057927396 0.997975409 -0.026255699 -1.388244867 -0.997648001 0.058833774 0.035173763 88.025917053
0.041035991 0.023624187 0.998878360 13.640645981 0.058675088 0.997938156 -0.026012449 -1.413358569 -0.997433305 0.059676725 0.039565224 88.061447144
0.044838276 0.021978727 0.998752415 14.400512695 0.059600946 0.997918189 -0.024636108 -1.436669946 -0.997214735 0.060631234 0.043434985 88.095664978
0.048624393 0.020420521 0.998608410 15.161733627 0.059642531 0.997947574 -0.023311134 -1.458409309 -0.997034788 0.060693018 0.047306668 88.146141052
0.052857839 0.018435109 0.998431921 15.944864273 0.056763232 0.998157620 -0.021435140 -1.479118466 -0.996987462 0.057807237 0.051714011 88.195693970
0.056733292 0.017491175 0.998236120 16.716503143 0.055590529 0.998239934 -0.020650649 -1.499928594 -0.996840537 0.056664050 0.055661093 88.234535217
0.060381364 0.018306062 0.998007596 17.538934708 0.052556414 0.998386621 -0.021492783 -1.527855277 -0.996790767 0.053749461 0.059321847 88.314521790
0.063777372 0.022611750 0.997707903 18.315389633 0.050474036 0.998390675 -0.025853718 -1.553246021 -0.996686876 0.052007228 0.062533423 88.347671509
0.065651216 0.027424678 0.997465670 19.119777679 0.045111202 0.998518765 -0.030422755 -1.586108208 -0.996822357 0.046994172 0.064316824 88.403015137
0.065615505 0.030825023 0.997368753 19.930799484 0.042336017 0.998536706 -0.033646345 -1.610959172 -0.996946454 0.044432338 0.064214498 88.461593628
0.065516591 0.030455524 0.997386575 20.748704910 0.040099408 0.998646379 -0.033128053 -1.643936038 -0.997045398 0.042165048 0.064206660 88.527015686
0.065545566 0.028423704 0.997444630 21.550092697 0.037225027 0.998828888 -0.030909333 -1.684853911 -0.997155011 0.039155874 0.064410731 88.576904297
0.065083697 0.027285881 0.997506678 22.388092041 0.037912667 0.998836756 -0.029795932 -1.721449256 -0.997159302 0.039757360 0.063973516 88.650039673
0.065500088 0.026513863 0.997500181 23.201848984 0.035525624 0.998951197 -0.028885191 -1.755468369 -0.997219980 0.037328798 0.064489469 88.703750610
0.065377071 0.026835464 0.997499704 24.015085220 0.033738744 0.999007225 -0.029087290 -1.789921045 -0.997290134 0.035556026 0.064406767 88.766204834
0.065554038 0.027491245 0.997470200 24.824903488 0.030855905 0.999086499 -0.029563649 -1.823456287 -0.997371852 0.032715861 0.064645879 88.824150085
0.064713530 0.028801965 0.997488201 25.631021500 0.027801523 0.999143422 -0.030653421 -1.860886693 -0.997516572 0.029715378 0.063857354 88.876983643
0.061145350 0.028887637 0.997710705 26.434347153 0.025103856 0.999220312 -0.030469852 -1.891295910 -0.997813165 0.026909469 0.060372490 88.939895630
0.057677697 0.027572935 0.997954369 27.260261536 0.022752751 0.999322593 -0.028925754 -1.923411965 -0.998075962 0.024374578 0.057011273 88.994865417
0.052801892 0.025236728 0.998286009 28.072458267 0.020988433 0.999431729 -0.026375821 -1.955453396 -0.998384416 0.022345152 0.052242208 89.042449951
0.046474572 0.023374010 0.998645961 28.876922607 0.018658973 0.999531507 -0.024263078 -1.987120628 -0.998745203 0.019761322 0.046016667 89.083267212
0.038854342 0.024133362 0.998953342 29.676704407 0.018968884 0.999510407 -0.024884615 -2.010754108 -0.999064863 0.019915907 0.038377538 89.114440918
0.030923128 0.023969363 0.999234259 30.489675522 0.018303607 0.999531150 -0.024542918 -2.053629398 -0.999354184 0.019048534 0.030469906 89.128379822
0.020952789 0.024601893 0.999477684 31.290534973 0.018883053 0.999509096 -0.024998525 -2.078950882 -0.999602139 0.019396981 0.020477943 89.143562317
0.010298218 0.023487780 0.999670982 32.089317322 0.020398041 0.999511063 -0.023694152 -2.112718582 -0.999738932 0.020635340 0.009814075 89.156707764
-0.000300708 0.022841189 0.999739051 32.878173828 0.018875645 0.999561071 -0.022831449 -2.140048981 -0.999821782 0.018863855 -0.000731718 89.153869629
-0.011629916 0.021973830 0.999690890 33.665523529 0.020361768 0.999556303 -0.021733996 -2.167864084 -0.999725044 0.020102710 -0.012072184 89.144012451
-0.022462389 0.022433834 0.999495983 34.446578979 0.020673819 0.999544859 -0.021970315 -2.196190357 -0.999533892 0.020169893 -0.022915961 89.123764038
-0.033718210 0.023014540 0.999166369 35.225193024 0.020840198 0.999533653 -0.022319719 -2.222853899 -0.999214053 0.020070240 -0.034182113 89.098220825
-0.043909248 0.024062788 0.998745680 35.993862152 0.020553729 0.999520004 -0.023177814 -2.253558159 -0.998824120 0.019510226 -0.044382755 89.055664062
-0.054260604 0.025202876 0.998208702 36.763465881 0.021146677 0.999486208 -0.024085643 -2.279074192 -0.998302877 0.019801894 -0.054765686 89.011138916
-0.063345797 0.025703426 0.997660577 37.515293121 0.022556897 0.999449730 -0.024317287 -2.312165976 -0.997736812 0.020963728 -0.063890733 88.951797485
-0.073537938 0.026371885 0.996943593 38.290130615 0.022994673 0.999429345 -0.024741471 -2.340532303 -0.997027278 0.021104958 -0.074102379 88.907470703
-0.083011396 0.026957596 0.996183813 39.030567169 0.023513079 0.999408662 -0.025085531 -2.368654490 -0.996271193 0.021340964 -0.083596155 88.847961426
-0.091644652 0.026283663 0.995444834 39.763370514 0.024898237 0.999399483 -0.024095848 -2.395506620 -0.995480478 0.022576567 -0.092244022 88.776092529
-0.098531961 0.024905428 0.994822145 40.496051788 0.026793111 0.999390662 -0.022366086 -2.427357197 -0.994773149 0.024450608 -0.099139206 88.687820435
-0.103837550 0.023351954 0.994320095 41.218807220 0.029518984 0.999356270 -0.020387542 -2.454124451 -0.994156122 0.027234327 -0.104460031 88.612442017
-0.107378639 0.021693656 0.993981481 41.928203583 0.032849327 0.999293387 -0.018260915 -2.478865862 -0.993675411 0.030690791 -0.108015388 88.527320862
-0.110280134 0.020704668 0.993684828 42.630977631 0.034639124 0.999255657 -0.016976457 -2.499775410 -0.993296742 0.032548212 -0.110915251 88.447998047
-0.112180904 0.019521397 0.993496060 43.315418243 0.034433641 0.999282956 -0.015747014 -2.526207209 -0.993090987 0.032443177 -0.112772658 88.374061584
-0.112792768 0.020418560 0.993408680 43.989387512 0.035819571 0.999222517 -0.016471060 -2.543353081 -0.992972672 0.033725657 -0.113436460 88.292816162
-0.111719847 0.021233652 0.993512869 44.637306213 0.036419474 0.999187529 -0.017259585 -2.565616131 -0.993072093 0.034254979 -0.112402387 88.220962524
-0.108570233 0.022903504 0.993824899 45.255443573 0.037462801 0.999118626 -0.018932883 -2.587594032 -0.993382573 0.035175916 -0.109332569 88.151969910
-0.103580736 0.023416068 0.994345307 45.882965088 0.037289426 0.999111354 -0.019643879 -2.611732244 -0.993921757 0.035043839 -0.104361869 88.088371277
-0.095658861 0.024158273 0.995120943 46.479850769 0.036745612 0.999109805 -0.020722831 -2.632936716 -0.994735658 0.034584012 -0.096461408 88.036560059
-0.084405094 0.024324942 0.996134579 47.060653687 0.035501789 0.999140680 -0.021390190 -2.655533552 -0.995798826 0.033559121 -0.085196145 87.995292664
-0.070820391 0.024336213 0.997192144 47.619335175 0.034509163 0.999163687 -0.021933494 -2.682606697 -0.996891916 0.032858931 -0.071600981 87.966636658
-0.053844482 0.025157893 0.998232365 48.172470093 0.033968989 0.999150038 -0.023348741 -2.714339018 -0.997971356 0.032651745 -0.054653313 87.951171875
-0.032729842 0.028134739 0.999068141 48.684772491 0.031450506 0.999137640 -0.027106369 -2.729978561 -0.998969257 0.030534018 -0.033586472 87.950721741
-0.007926516 0.031246390 0.999480247 49.207656860 0.029366121 0.999087811 -0.031001231 -2.755169153 -0.999537349 0.029105125 -0.008836869 87.962905884
0.019623704 0.032935437 0.999264777 49.717994690 0.027248930 0.999068320 -0.033464082 -2.778833866 -0.999436080 0.027885588 0.018707970 88.004272461
0.052508369 0.032567125 0.998089254 50.226043701 0.024190290 0.999133289 -0.033873815 -2.801662445 -0.998327553 0.025922731 0.051675055 88.055381775
0.091635168 0.030415805 0.995327950 50.698581696 0.023957767 0.999176681 -0.032739095 -2.817929506 -0.995504439 0.026845889 0.090831034 88.094551086
0.133214861 0.025890224 0.990748882 51.229858398 0.021645982 0.999344289 -0.029025327 -2.853195429 -0.990850747 0.025312342 0.132567093 88.200675964
0.178723410 0.022050723 0.983652115 51.718315125 0.018561065 0.999495447 -0.025778307 -2.870842695 -0.983724296 0.022864822 0.178223938 88.313140869
0.226903245 0.019008864 0.973731756 52.204452515 0.013972631 0.999643087 -0.022770658 -2.887915611 -0.973817050 0.018772336 0.226556629 88.459045410
0.279003948 0.017177574 0.960136235 52.676578522 0.009593493 0.999740243 -0.020673869 -2.912499905 -0.960241973 0.014979153 0.278766692 88.622985840
0.333786309 0.016424030 0.942505658 53.122406006 0.007501002 0.999770224 -0.020078382 -2.937899590 -0.942618966 0.013771627 0.333586484 88.813087463
0.389021188 0.017952792 0.921053767 53.534111023 0.010647732 0.999655604 -0.023982100 -2.944011927 -0.921167254 0.019136680 0.388696104 89.050224304
0.450056583 0.020490443 0.892764866 53.957904816 0.011311021 0.999525666 -0.028642841 -2.970079660 -0.892928421 0.022988982 0.449611366 89.284416199
0.510297000 0.024108309 0.859660208 54.359268188 0.011306513 0.999332428 -0.034736864 -2.989978313 -0.859923899 0.027445879 0.509683847 89.551231384
0.569251537 0.029354237 0.821639121 54.713829041 0.007861544 0.999122322 -0.041141745 -2.986597538 -0.822125793 0.029879356 0.568521261 89.830856323
0.622749925 0.032235280 0.781756580 55.036720276 0.003248104 0.999035835 -0.043782119 -3.005479097 -0.782414138 0.029804537 0.622044802 90.173439026
0.676302612 0.032210603 0.735919356 55.365287781 0.001134635 0.998996794 -0.044768013 -3.036397219 -0.736622989 0.031111727 0.675587595 90.514083862
0.723877013 0.031868152 0.689192653 55.623447418 -0.000374907 0.998950660 -0.045797553 -3.043221474 -0.689928889 0.032893408 0.723129332 90.865303040
0.769215584 0.028229428 0.638365448 55.894592285 -0.003594407 0.999199033 -0.039854828 -3.070761204 -0.638979137 0.028362408 0.768700957 91.256851196
0.811201096 0.024706123 0.584245205 56.152282715 -0.005784909 0.999397218 -0.034229651 -3.076509714 -0.584738791 0.024387321 0.810855031 91.659507751
0.848311007 0.023105539 0.528994024 56.378314972 -0.009482069 0.999550045 -0.028452884 -3.086524725 -0.529413402 0.019120933 0.848148406 92.080223083
0.879132450 0.019139748 0.476193160 56.558155060 -0.010624540 0.999731898 -0.020567799 -3.107526064 -0.476459205 0.013022481 0.879100144 92.512290955
0.904789269 0.019443782 0.425415784 56.712894440 -0.014573384 0.999785781 -0.014700388 -3.128337622 -0.425610542 0.007101000 0.904878616 92.924331665
0.924419999 0.022539975 0.380709440 56.821388245 -0.019740522 0.999741793 -0.011256943 -3.144649029 -0.380864859 0.002890737 0.924626172 93.338104248
0.939637601 0.028310923 0.340997815 56.947029114 -0.026997183 0.999598682 -0.008598248 -3.160263538 -0.341104329 -0.001126741 0.940024734 93.796478271
0.951459348 0.032583725 0.306044638 57.056110382 -0.031270396 0.999468744 -0.009194412 -3.168961287 -0.306181610 -0.000822028 0.951972723 94.255027771
0.960669994 0.035081472 0.275467753 57.161842346 -0.033922751 0.999384165 -0.008971294 -3.175202131 -0.275612831 -0.000726169 0.961268425 94.718833923
0.966776907 0.029731788 0.253886551 57.269767761 -0.028450161 0.999557257 -0.008719107 -3.185339451 -0.254033387 0.001206319 0.967194617 95.185134888
0.970793903 0.026663210 0.238428950 57.377784729 -0.025565393 0.999643564 -0.007696127 -3.202316284 -0.238549188 0.001375823 0.971129417 95.664382935
0.973688245 0.030993108 0.225766242 57.472663879 -0.030013338 0.999519408 -0.007771629 -3.213123322 -0.225898579 0.000791146 0.974150479 96.159790039
0.975721657 0.035998516 0.216035277 57.563282013 -0.035312049 0.999351621 -0.007037936 -3.216334581 -0.216148570 -0.000761580 0.976360142 96.668357849
0.976832390 0.043062806 0.209628433 57.664226532 -0.042041365 0.999072313 -0.009328420 -3.210779667 -0.209835663 0.000299238 0.977736592 97.162017822
0.977085114 0.049055975 0.207119092 57.755054474 -0.047443964 0.998792589 -0.012746103 -3.222340107 -0.207494274 0.002627474 0.978232741 97.679130554
0.977287769 0.050481785 0.205816239 57.868343353 -0.048366938 0.998712599 -0.015297042 -3.236093760 -0.206323460 0.004994909 0.978471100 98.216407776
0.976785302 0.049299940 0.208470970 57.984016418 -0.046405219 0.998746634 -0.018756673 -3.254063845 -0.209134385 0.008647095 0.977848649 98.746955872
0.975988448 0.048300032 0.212400034 58.104404449 -0.043911446 0.998714209 -0.025333652 -3.267281771 -0.213350564 0.015398556 0.976854324 99.303237915
0.975228250 0.047488905 0.216043308 58.240722656 -0.041885041 0.998658419 -0.030446304 -3.273648500 -0.217199355 0.020643113 0.975908935 99.855743408
0.974057555 0.051824577 0.220286340 58.366031647 -0.046231356 0.998465896 -0.030474240 -3.284717560 -0.221527725 0.019499527 0.974959135 100.434852600
0.972523689 0.055186599 0.226168424 58.492290497 -0.050501507 0.998373568 -0.026453396 -3.305937529 -0.227260455 0.014304707 0.973729014 101.026458740
0.971593559 0.051797442 0.230917543 58.639614105 -0.048044182 0.998606145 -0.021851161 -3.324703932 -0.231727526 0.010136202 0.972727954 101.624855042
0.970843196 0.047918227 0.234877318 58.789863586 -0.045416221 0.998839140 -0.016053323 -3.348879337 -0.235373929 0.004918016 0.971892476 102.254165649
0.970077336 0.045488339 0.238496959 58.947128296 -0.044132300 0.998964906 -0.011025369 -3.371724844 -0.238751620 0.000170044 0.971080601 102.868240356
0.969572604 0.040639188 0.241407394 59.108459473 -0.039315168 0.999173760 -0.010300880 -3.385658026 -0.241626561 0.000496480 0.970369160 103.504203796
0.969592929 0.037110746 0.241893381 59.266674042 -0.034784026 0.999298513 -0.013883652 -3.396223307 -0.242238894 0.005047467 0.970203519 104.148246765
0.969695389 0.036509454 0.241574109 59.429229736 -0.032437831 0.999257147 -0.020811498 -3.413436890 -0.242154449 0.012344672 0.970159173 104.793235779
0.969832480 0.039438356 0.240560487 59.587677002 -0.033879165 0.999055684 -0.027203130 -3.433485031 -0.241406173 0.018232495 0.970252872 105.439437866
0.970457375 0.042100623 0.237571105 59.749885559 -0.035682477 0.998874366 -0.031253457 -3.446965694 -0.238619506 0.021853026 0.970867276 106.115638733
0.971079111 0.040669970 0.235268384 59.914039612 -0.035301875 0.999012351 -0.026985712 -3.462717772 -0.236133501 0.017899847 0.971555769 106.812141418
0.971432984 0.036977399 0.234415218 60.077972412 -0.033408571 0.999257743 -0.019178670 -3.489104986 -0.234950379 0.010799322 0.971947372 107.520538330
0.972036541 0.037046079 0.231888786 60.247333527 -0.034937739 0.999302328 -0.013193739 -3.513722420 -0.232215792 0.004723126 0.972652793 108.242805481
0.972299218 0.040704370 0.230167776 60.408779144 -0.038510062 0.999159873 -0.014019651 -3.531565428 -0.230545059 0.004767524 0.973049939 108.970046997
0.972614050 0.045970187 0.227834418 60.567390442 -0.042889208 0.998909295 -0.018458158 -3.550422668 -0.228434443 0.008181027 0.973524868 109.700935364
0.973396480 0.047097836 0.224234551 60.728149414 -0.042883612 0.998800755 -0.023629636 -3.569203377 -0.225078538 0.013385017 0.974248588 110.433319092
0.974394858 0.045588382 0.220173746 60.898212433 -0.040708091 0.998815596 -0.026654508 -3.588432550 -0.221128106 0.017009161 0.975096345 111.189834595
0.975346029 0.043516289 0.216347918 61.068576813 -0.039029665 0.998926044 -0.024969585 -3.612010479 -0.217202157 0.015909998 0.975996971 111.967071533
0.976242185 0.039748348 0.213005394 61.239513397 -0.035660870 0.999099255 -0.022998929 -3.636372328 -0.213727698 0.014856564 0.976780236 112.747741699
0.976688743 0.038514603 0.211177066 61.407070160 -0.035076831 0.999184549 -0.020002356 -3.661981106 -0.211775243 0.012128654 0.977243066 113.542938232
0.977138877 0.035260268 0.209658027 61.583339691 -0.032265026 0.999322832 -0.017690580 -3.682398081 -0.210139811 0.010521533 0.977614701 114.344215393
0.977259994 0.030622132 0.209822208 61.746921539 -0.027693162 0.999473929 -0.016883850 -3.697260618 -0.210228860 0.010689270 0.977593720 115.131958008
0.977368295 0.031618170 0.209168613 61.917514801 -0.029080708 0.999461532 -0.015196295 -3.723941088 -0.209536478 0.008769605 0.977761447 115.939338684
0.977146804 0.036761750 0.209363028 62.085136414 -0.033911925 0.999277055 -0.017186653 -3.743750572 -0.209843487 0.009693978 0.977686942 116.757766724
0.976725101 0.042759374 0.210190013 62.243038177 -0.039317243 0.999015927 -0.020529829 -3.763477564 -0.210861012 0.011787906 0.977445006 117.578659058
0.976172686 0.051330257 0.210836470 62.407344818 -0.047778741 0.998617709 -0.021907987 -3.789648771 -0.211669579 0.011312476 0.977275848 118.389198303
0.975165844 0.057060421 0.213999555 62.570507050 -0.053716887 0.998326659 -0.021411570 -3.815327883 -0.214863226 0.009384438 0.976599038 119.228363037
0.974377394 0.059300099 0.216961116 62.746498108 -0.056426439 0.998217821 -0.019421756 -3.846189976 -0.217726141 0.006681778 0.975987017 120.073242188
0.973828971 0.059757520 0.219285697 62.932720184 -0.056671411 0.998185575 -0.020342605 -3.870408773 -0.220103458 0.007382989 0.975448549 120.901123047
0.973525584 0.058427610 0.220984384 63.121906281 -0.054647915 0.998236477 -0.023184568 -3.894322872 -0.221949309 0.010494437 0.975001693 121.729843140
0.973491609 0.052497320 0.222616345 63.310779572 -0.048852548 0.998566926 -0.021851690 -3.923768282 -0.223444477 0.010397064 0.974661171 122.583084106
0.973708570 0.046631690 0.222973585 63.507999420 -0.042456772 0.998822272 -0.023483723 -3.953500032 -0.223806083 0.013399565 0.974541545 123.437454224
0.973542750 0.044749297 0.224080145 63.700756073 -0.040577151 0.998907208 -0.023191715 -3.991012335 -0.224873081 0.013485590 0.974294722 124.257759094
0.973007262 0.047071833 0.225922674 63.891666412 -0.043616612 0.998842776 -0.020263957 -4.018441677 -0.226615101 0.009862994 0.973934412 125.103881836
0.972501874 0.049382374 0.227599531 64.073860168 -0.047337033 0.998774648 -0.014439883 -4.044867992 -0.228033721 0.003268926 0.973647714 125.945747375
0.972010612 0.053502787 0.228763714 64.255546570 -0.052503575 0.998566031 -0.010456368 -4.073952198 -0.228995129 -0.001847212 0.973425806 126.780471802
0.971781135 0.052990980 0.229854852 64.443969727 -0.050544821 0.998585165 -0.016521279 -4.105520725 -0.230405122 0.004437092 0.973084688 127.615203857
0.972150385 0.048938189 0.229191378 64.645072937 -0.042995494 0.998598754 -0.030854229 -4.135893822 -0.230380163 0.020140752 0.972892165 128.440231323
