1.000000000 0.000000000 0.000000000 0.000000000 0.000000000 1.000000000 0.000000000 0.000000000 0.000000000 0.000000000 1.000000000 0.000000000
0.999997497 0.000972614 0.002023450 -0.009078900 -0.000970427 0.999998927 -0.001081533 -0.016806679 -0.002024500 0.001079566 0.999997377 1.206782579
0.999990463 0.001397957 0.004130710 -0.022595584 -0.001396379 0.999998868 -0.000385056 -0.039182294 -0.004131244 0.000379285 0.999991417 2.407933712
0.999985635 0.000817609 0.005294950 -0.022729237 -0.000817052 0.999999702 -0.000107487 -0.058510534 -0.005295035 0.000103159 0.999985933 3.601392984
0.999979675 0.000589573 0.006353027 -0.020662971 -0.000588673 0.999999881 -0.000143556 -0.078998312 -0.006353110 0.000139813 0.999979734 4.794626713
0.999975085 0.000371602 0.007037546 -0.016241398 -0.000373896 0.999999940 0.000324578 -0.103512034 -0.007037423 -0.000327202 0.999975145 5.987040997
0.999968350 0.000730781 0.007925653 -0.013689045 -0.000724715 0.999999464 -0.000768156 -0.123924762 -0.007926211 0.000762388 0.999968290 7.199070930
0.999962270 0.000860047 0.008636845 -0.009049146 -0.000852356 0.999999166 -0.000894089 -0.146820188 -0.008637608 0.000886694 0.999962330 8.385887146
0.999961019 0.000090247 0.008828131 -0.005583471 -0.000093452 0.999999940 0.000362625 -0.166190460 -0.008828097 -0.000363436 0.999960959 9.582020760
0.999972403 -0.000724036 0.007395492 0.001012409 0.000713047 0.999998629 0.001488373 -0.188904777 -0.007396560 -0.001483058 0.999971509 10.787252426
0.999984086 -0.002075182 0.005243281 -0.004204920 0.002070312 0.999997377 0.000934056 -0.209402099 -0.005245206 -0.000923186 0.999985814 11.966943741
0.999993920 -0.001519857 0.003146161 -0.007454738 0.001517987 0.999998629 0.000596347 -0.229388461 -0.003147063 -0.000591567 0.999994934 13.164100647
0.999997377 -0.001513660 0.001736382 -0.003941467 0.001512856 0.999998748 0.000464172 -0.253562361 -0.001737082 -0.000461544 0.999998331 14.365605354
0.999999344 0.000304580 0.001148823 -0.015507289 -0.000304797 0.999999940 0.000188744 -0.272760808 -0.001148765 -0.000189094 0.999999225 15.563182831
0.999999940 -0.000001736 0.000359628 -0.018989692 0.000001562 0.999999940 0.000484633 -0.292892218 -0.000359629 -0.000484632 0.999999821 16.767910004
0.999999821 -0.000587846 0.000187063 -0.019116947 0.000587722 0.999999523 0.000660396 -0.313810498 -0.000187451 -0.000660286 0.999999762 17.962715149
0.999999464 -0.000644086 -0.000773698 -0.019270545 0.000644846 0.999999225 0.000982862 -0.333078295 0.000773065 -0.000983360 0.999999225 19.151952744
0.999998927 -0.000589767 -0.001306335 -0.025984075 0.000590092 0.999999762 0.000248021 -0.356037647 0.001306189 -0.000248792 0.999999106 20.353792191
0.999998152 -0.000870501 -0.001666245 -0.034458831 0.000869408 0.999999404 -0.000656972 -0.376313061 0.001666815 0.000655523 0.999998391 21.544723511
0.999996901 -0.000301824 -0.002530772 -0.051187012 0.000301579 0.999999940 -0.000097196 -0.398875564 0.002530800 0.000096432 0.999996781 22.748868942
0.999995708 -0.000669796 -0.002873727 -0.069336079 0.000669966 0.999999762 0.000058063 -0.421861649 0.002873687 -0.000059988 0.999995887 23.948274612
0.999991655 -0.000817527 -0.003999761 -0.074486308 0.000814722 0.999999404 -0.000702828 -0.446643144 0.004000333 0.000699564 0.999991655 25.127702713
0.999987602 -0.000068722 -0.004969063 -0.088739842 0.000068558 1.000000000 -0.000033240 -0.465536922 0.004969066 0.000032899 0.999987602 26.326824188
0.999982655 -0.001784514 -0.005612026 -0.098425969 0.001795021 0.999996662 0.001867895 -0.490929395 0.005608674 -0.001877936 0.999982417 27.532447815
0.999977112 -0.001689264 -0.006548072 -0.108914293 0.001701906 0.999996722 0.001925606 -0.510675192 0.006544798 -0.001936706 0.999976635 28.727787018
0.999968410 -0.002209924 -0.007643208 -0.119963333 0.002215325 0.999997318 0.000698234 -0.526192844 0.007641644 -0.000715144 0.999970496 29.926523209
0.999957681 -0.002906306 -0.008730966 -0.129240066 0.002907182 0.999995768 0.000087667 -0.551388621 0.008730673 -0.000113046 0.999961913 31.130897522
0.999954045 -0.002441422 -0.009272374 -0.149427876 0.002443227 0.999996901 0.000183384 -0.571874976 0.009271900 -0.000206030 0.999956965 32.324245453
0.999947906 -0.002733332 -0.009836781 -0.165250435 0.002740021 0.999996066 0.000666553 -0.591298640 0.009834920 -0.000693471 0.999951422 33.527599335
0.999935389 -0.003324919 -0.010876066 -0.178296581 0.003331119 0.999994278 0.000552042 -0.610552371 0.010874170 -0.000588236 0.999940693 34.714313507
0.999927461 -0.004163537 -0.011299519 -0.197916016 0.004173530 0.999991000 0.000861018 -0.633628309 0.011295832 -0.000908115 0.999935746 35.931636810
0.999923468 -0.003852891 -0.011757800 -0.217839956 0.003861892 0.999992251 0.000742871 -0.652679861 0.011754847 -0.000788222 0.999930680 37.126132965
0.999919236 -0.005211370 -0.011591786 -0.243467212 0.005232331 0.999984682 0.001778778 -0.684628069 0.011582338 -0.001839287 0.999931216 38.315200806
0.999922156 -0.004677277 -0.011572242 -0.255915195 0.004709688 0.999985039 0.002775107 -0.695397675 0.011559090 -0.002829393 0.999929130 39.520256042
0.999925017 -0.004176985 -0.011512581 -0.275264800 0.004218771 0.999984562 0.003607643 -0.716919661 0.011497334 -0.003655942 0.999927223 40.715888977
0.999923766 -0.003633001 -0.011797749 -0.290750235 0.003671688 0.999987960 0.003259197 -0.733549774 0.011785764 -0.003302266 0.999925017 41.920753479
0.999918938 -0.002709411 -0.012439313 -0.299453646 0.002748490 0.999991357 0.003125605 -0.747342706 0.012430736 -0.003159541 0.999917686 43.108032227
0.999937892 -0.000171439 -0.011138855 -0.330150545 0.000228323 0.999987006 0.005105788 -0.763487935 0.011137835 -0.005108014 0.999924839 44.340148926
0.999958575 -0.000185090 -0.009093377 -0.363804340 0.000260573 0.999965489 0.008300387 -0.785375834 0.009091526 -0.008302411 0.999924242 45.524734497
0.999974310 0.000136755 -0.007175175 -0.384661645 -0.000057730 0.999939382 0.011012820 -0.794574916 0.007176247 -0.011012121 0.999913633 46.722610474
0.999983430 0.000424963 -0.005742615 -0.389548659 -0.000344227 0.999901116 0.014052850 -0.797588468 0.005748020 -0.014050638 0.999884784 47.925212860
0.999994636 0.000566140 -0.003231324 -0.427472413 -0.000516005 0.999879837 0.015495116 -0.806023836 0.003239708 -0.015493365 0.999874711 49.122657776
0.999997556 -0.001241785 -0.001849819 -0.431050718 0.001267523 0.999901593 0.013978477 -0.807154477 0.001832279 -0.013980785 0.999900520 50.334545135
0.999999881 0.000223935 -0.000418425 -0.444296688 -0.000218851 0.999926805 0.012109738 -0.809182942 0.000421106 -0.012109647 0.999926567 51.531532288
0.999999762 0.000396293 0.000498904 -0.452686578 -0.000401982 0.999934375 0.011455699 -0.810509324 -0.000494331 -0.011455896 0.999934196 52.741523743
0.999999762 -0.000011901 0.000745297 -0.464191139 0.000003776 0.999940693 0.010900545 -0.816593111 -0.000745382 -0.010900537 0.999940276 53.941963196
0.999999762 -0.000662419 0.000079220 -0.467693597 0.000661586 0.999948800 0.010091316 -0.830148101 -0.000085901 -0.010091264 0.999949098 55.153049469
0.999998331 -0.000222201 -0.001829287 -0.472561806 0.000241607 0.999943614 0.010614918 -0.834823728 0.001826825 -0.010615341 0.999942064 56.366035461
0.999995768 -0.000246236 -0.002879032 -0.484631896 0.000279307 0.999933898 0.011492153 -0.842914760 0.002876013 -0.011492909 0.999929845 57.557926178
0.999993265 -0.000822078 -0.003577385 -0.496714443 0.000864434 0.999929309 0.011854479 -0.850683928 0.003567387 -0.011857492 0.999923348 58.764770508
0.999988139 0.000623307 -0.004835106 -0.503850222 -0.000564782 0.999926686 0.012096115 -0.864310741 0.004842291 -0.012093240 0.999915063 59.967864990
0.999984920 0.000920547 -0.005412320 -0.515353739 -0.000856148 0.999928951 0.011888884 -0.868721247 0.005422879 -0.011884071 0.999914646 61.169502258
0.999985516 -0.000003980 -0.005375237 -0.530324101 0.000064417 0.999936759 0.011243508 -0.876052678 0.005374852 -0.011243694 0.999922335 62.375961304
0.999984145 -0.001053800 -0.005529916 -0.541430593 0.001111689 0.999944568 0.010475584 -0.886212409 0.005518571 -0.010481566 0.999929845 63.584781647
0.999979258 -0.001946290 -0.006125586 -0.550731659 0.002019434 0.999926448 0.011957251 -0.901530027 0.006101863 -0.011969373 0.999909759 64.763877869
0.999974549 -0.002671537 -0.006603183 -0.557065189 0.002762559 0.999900699 0.013814155 -0.912034810 0.006565623 -0.013832045 0.999882758 65.963890076
0.999979138 -0.001383476 -0.006308613 -0.585836768 0.001458431 0.999928176 0.011892295 -0.917537987 0.006291708 -0.011901247 0.999909401 67.165977478
0.999982893 0.000556128 -0.005819176 -0.607356966 -0.000493181 0.999941409 0.010812923 -0.924807608 0.005824849 -0.010809867 0.999924660 68.362731934
0.999975801 0.002418596 -0.006525591 -0.613252640 -0.002347427 0.999937952 0.010891876 -0.930721104 0.006551530 -0.010876292 0.999919415 69.552680969
0.999967933 0.004920016 -0.006320144 -0.630225718 -0.004851081 0.999929130 0.010876525 -0.935711920 0.006373208 -0.010845515 0.999920905 70.741035461
0.999963224 0.006072695 -0.006051039 -0.648140669 -0.006003581 0.999917209 0.011375335 -0.944164634 0.006119616 -0.011338591 0.999916971 71.945411682
0.999967694 0.006568230 -0.004643338 -0.666274250 -0.006512120 0.999906719 0.011997697 -0.948013008 0.004721708 -0.011967073 0.999917269 73.139511108
0.999961913 0.008142805 -0.003158614 -0.669827640 -0.008102003 0.999886155 0.012722140 -0.954295874 0.003261848 -0.012696065 0.999914110 74.332107544
0.999971390 0.007561606 -0.000321524 -0.676850915 -0.007557751 0.999914706 0.010653779 -0.965657115 0.000402056 -0.010651043 0.999943137 75.515518188
0.999985933 0.004940709 0.001996758 -0.676900804 -0.004951694 0.999972463 0.005534411 -0.974641085 -0.001969359 -0.005544220 0.999982715 76.690399170
0.999971390 0.006068315 0.004515002 -0.672967672 -0.006092464 0.999967039 0.005354128 -0.988836229 -0.004482363 -0.005381482 0.999975383 77.876678467
0.999963880 0.004828262 0.007005904 -0.667009234 -0.004890242 0.999948800 0.008856866 -1.003236175 -0.006962782 -0.008890807 0.999936223 79.057098389
0.999924541 0.005460825 0.011006714 -0.667158723 -0.005571048 0.999934375 0.010008447 -1.012541413 -0.010951339 -0.010069010 0.999889374 80.231376648
0.999875128 0.005481301 0.014819033 -0.653962255 -0.005605470 0.999949455 0.008350533 -1.022894144 -0.014772512 -0.008432558 0.999855399 81.401145935
0.999816298 0.004406078 0.018652985 -0.640411317 -0.004506867 0.999975383 0.005364738 -1.037456751 -0.018628888 -0.005447820 0.999811649 82.567581177
0.999757051 0.002871773 0.021854246 -0.614772320 -0.002913391 0.999993980 0.001872739 -1.053275943 -0.021848733 -0.001935953 0.999759376 83.736190796
0.999662936 0.002898013 0.025800521 -0.594292343 -0.002920330 0.999995351 0.000827309 -1.069510818 -0.025798002 -0.000902376 0.999666750 84.886123657
0.999581516 0.002400659 0.028829096 -0.560341120 -0.002481613 0.999993145 0.002772608 -1.090965033 -0.028822234 -0.002842990 0.999580503 86.056198120
0.999458492 0.003612222 0.032706801 -0.535145938 -0.003731455 0.999986768 0.003585212 -1.114506364 -0.032693408 -0.003705315 0.999458551 87.221931458
0.999339640 0.003191658 0.036194656 -0.489274263 -0.003235483 0.999994040 0.001152296 -1.131643057 -0.036190759 -0.001268643 0.999344051 88.374504089
0.999211729 0.002959617 0.039587695 -0.449484199 -0.002918812 0.999995112 -0.001088505 -1.151314139 -0.039590724 0.000972098 0.999215424 89.518806458
0.999078214 0.003167251 0.042810179 -0.401015222 -0.003104046 0.999993980 -0.001542813 -1.168386221 -0.042814802 0.001408506 0.999081969 90.697967529
0.998971164 0.002350981 0.045289464 -0.347989440 -0.002335105 0.999997139 -0.000403435 -1.187027693 -0.045290280 0.000297264 0.998973787 91.850807190
0.998832047 0.001164561 0.048302472 -0.296486020 -0.001229342 0.999998331 0.001311479 -1.208522797 -0.048300859 -0.001369327 0.998831928 93.012359619
0.998707831 0.000326437 0.050818514 -0.233401135 -0.000476612 0.999995589 0.002943019 -1.226752281 -0.050817326 -0.002963437 0.998703599 94.173919678
0.998588383 -0.001194489 0.053101376 -0.168119833 0.000996566 0.999992549 0.003753577 -1.240799904 -0.053105466 -0.003695360 0.998582065 95.337509155
0.998458087 -0.002203056 0.055466764 -0.116235964 0.002114311 0.999996305 0.001658591 -1.259811044 -0.055470224 -0.001538759 0.998459160 96.485275269
0.998329222 -0.003632883 0.057666823 -0.048457529 0.003747733 0.999991179 -0.001883583 -1.278181076 -0.057659466 0.002096556 0.998334110 97.644798279
0.998219013 -0.002901164 0.059585556 0.013365892 0.003177640 0.999984562 -0.004545763 -1.298402071 -0.059571452 0.004727010 0.998212874 98.795295715
0.998104513 -0.002918193 0.061471377 0.081587061 0.003268465 0.999979019 -0.005598346 -1.320147991 -0.061453737 0.005788653 0.998093128 99.991241455
0.998119235 -0.002693393 0.061243311 0.159860075 0.003010071 0.999982655 -0.005079159 -1.340914607 -0.061228558 0.005253953 0.998109996 101.173782349
0.998120546 -0.002649787 0.061222628 0.212245479 0.002851036 0.999990821 -0.003200042 -1.367717862 -0.061213583 0.003368576 0.998119056 102.358421326
0.998228610 -0.002907499 0.059421752 0.283566952 0.003014160 0.999993980 -0.001705429 -1.385182619 -0.059416428 0.001881515 0.998231530 103.544029236
0.998305142 -0.002557861 0.058140438 0.338155001 0.002616355 0.999996126 -0.000929986 -1.404474497 -0.058137834 0.001080525 0.998307884 104.732818604
0.998456001 -0.002292285 0.055499703 0.399133742 0.002320857 0.999997199 -0.000450366 -1.425891280 -0.055498514 0.000578478 0.998458683 105.955459595
0.998620987 -0.001817041 0.052467972 0.465026259 0.001841939 0.999998152 -0.000426197 -1.442423940 -0.052467104 0.000522252 0.998622537 107.153564453
0.998789966 0.000144209 0.049179778 0.506929338 -0.000096277 0.999999464 -0.000977009 -1.454859138 -0.049179897 0.000971092 0.998789489 108.365821838
0.998989761 -0.000387200 0.044936992 0.552804232 0.000422810 0.999999702 -0.000782944 -1.474023938 -0.044936668 0.000801153 0.998989522 109.566993713
0.999155581 0.000428615 0.041084722 0.609834194 -0.000446719 0.999999762 0.000431450 -1.491340399 -0.041084532 -0.000449439 0.999155581 110.813156128
0.999330282 0.000854677 0.036580835 0.639206409 -0.000902148 0.999998808 0.001281208 -1.517310023 -0.036579695 -0.001313352 0.999329865 111.996513367
0.999482810 0.000560462 0.032154243 0.674190342 -0.000624713 0.999997854 0.001988193 -1.536955595 -0.032153059 -0.002007252 0.999480903 113.212120056
0.999622285 0.001276462 0.027451249 0.697757542 -0.001319656 0.999997914 0.001555426 -1.543672800 -0.027449200 -0.001591064 0.999621928 114.448104858
0.999744534 0.001932724 0.022518506 0.718189478 -0.001979443 0.999995887 0.002052605 -1.573208332 -0.022514449 -0.002096655 0.999744236 115.676315308
0.999842942 0.002086851 0.017596580 0.730242252 -0.002119549 0.999996126 0.001839755 -1.587565303 -0.017592674 -0.001876763 0.999843419 116.902374268
0.999913633 0.003625483 0.012630731 0.751790702 -0.003637781 0.999992907 0.000950813 -1.608181953 -0.012627197 -0.000996678 0.999919772 118.125267029
0.999940693 0.005827950 0.009191232 0.753967404 -0.005835385 0.999982715 0.000782317 -1.621119499 -0.009186513 -0.000835905 0.999957383 119.359672546
0.999948621 0.007497901 0.006816676 0.755952477 -0.007504716 0.999971390 0.000974733 -1.640152454 -0.006809171 -0.001025840 0.999976277 120.589096069
0.999942482 0.008838906 0.006076431 0.751928627 -0.008843609 0.999960601 0.000747550 -1.668710232 -0.006069585 -0.000801244 0.999981225 121.830924988
0.999925971 0.011040303 0.005112564 0.743564188 -0.011046454 0.999938250 0.001176439 -1.680719495 -0.005099259 -0.001232827 0.999986231 123.073898315
0.999916434 0.012244957 0.004151636 0.747068584 -0.012252694 0.999923229 0.001843488 -1.705028534 -0.004128743 -0.001894203 0.999989688 124.309989929
0.999922216 0.011968994 0.003506355 0.741534054 -0.011977274 0.999925494 0.002350344 -1.722965717 -0.003477962 -0.002392157 0.999991119 125.563232422
0.999871135 0.015835658 0.002657831 0.733912230 -0.015847681 0.999863982 0.004565194 -1.740805030 -0.002585177 -0.004606726 0.999986112 126.807884216
0.999857485 0.016771859 0.001883966 0.731057346 -0.016785933 0.999829292 0.007719463 -1.751603603 -0.001754174 -0.007749986 0.999968469 128.047882080
0.999880850 0.015402755 0.001038607 0.731450140 -0.015409997 0.999854147 0.007368275 -1.765280008 -0.000924963 -0.007383403 0.999972343 129.303848267
0.999886215 0.015084411 0.000312202 0.726140797 -0.015085945 0.999870002 0.005692419 -1.771471620 -0.000226294 -0.005696480 0.999983788 130.551651001
0.999917865 0.012818964 0.000027370 0.719116867 -0.012818863 0.999895632 0.006663967 -1.783739090 0.000058058 -0.006663772 0.999977767 131.827957153
0.999946475 0.010247414 -0.001428186 0.719871521 -0.010234890 0.999911427 0.008516533 -1.793841600 0.001515332 -0.008501461 0.999962747 133.084747314
0.999973953 0.007080466 -0.001440846 0.718253493 -0.007064348 0.999915659 0.010899831 -1.812494874 0.001517901 -0.010889366 0.999939561 134.335418701
0.999983132 0.005644816 -0.001329751 0.706516504 -0.005629249 0.999918938 0.011433070 -1.811919451 0.001394180 -0.011425393 0.999933660 135.627243042
0.999998868 0.001124864 -0.000988526 0.702891588 -0.001114956 0.999949753 0.009966870 -1.823971152 0.000999687 -0.009965758 0.999949753 136.894882202
0.999999225 -0.000964615 -0.000765793 0.696977794 0.000971099 0.999963224 0.008512410 -1.825926781 0.000757554 -0.008513147 0.999963462 138.175247192
0.999996603 -0.002540964 -0.000642528 0.690298498 0.002546201 0.999962389 0.008286405 -1.836775064 0.000621449 -0.008288015 0.999965489 139.451263428
0.999996960 -0.002451625 -0.000111913 0.684644222 0.002452486 0.999960899 0.008487863 -1.844431400 0.000091099 -0.008488110 0.999963939 140.735717773
0.999998629 -0.001544853 0.000507054 0.675085068 0.001539289 0.999940455 0.010794273 -1.857077479 -0.000523699 -0.010793477 0.999941587 142.011886597
0.999999106 0.000720743 0.001165987 0.675493419 -0.000734756 0.999927044 0.012062061 -1.865068793 -0.001157208 -0.012062905 0.999926567 143.304977417
0.999998212 0.000762649 0.001771210 0.670437634 -0.000780744 0.999947429 0.010237862 -1.871376872 -0.001763309 -0.010239225 0.999946058 144.579147339
0.999996722 0.001130240 0.002292403 0.665459573 -0.001149800 0.999962747 0.008549622 -1.881051421 -0.002282655 -0.008552230 0.999960840 145.868545532
0.999996841 0.000863167 0.002373970 0.668887854 -0.000876893 0.999982834 0.005787273 -1.888669491 -0.002368933 -0.005789337 0.999980509 147.144134521
0.999994278 0.000369664 0.003345577 0.660565853 -0.000376366 0.999997914 0.002003015 -1.909618020 -0.003344829 -0.002004263 0.999992490 148.401763916
0.999992430 0.000517013 0.003865346 0.659501255 -0.000510852 0.999998629 -0.001594841 -1.932480454 -0.003866165 0.001592854 0.999991238 149.670745850
0.999992967 -0.000028431 0.003766302 0.661319733 0.000038690 0.999996364 -0.002723856 -1.952917933 -0.003766210 0.002723983 0.999989152 150.944885254
0.999991834 -0.000197819 0.004039855 0.660003662 0.000206950 0.999997318 -0.002260054 -1.982761264 -0.004039397 0.002260871 0.999989271 152.203384399
0.999993145 0.000411726 0.003699780 0.660461485 -0.000405227 0.999998271 -0.001757227 -2.007880688 -0.003700497 0.001755716 0.999991596 153.465759277
0.999992549 0.001358594 0.003606330 0.661158502 -0.001356259 0.999998868 -0.000649913 -2.028289795 -0.003607209 0.000645017 0.999993205 154.736145020
0.999992251 0.002021206 0.003369199 0.658517122 -0.002020953 0.999997973 -0.000078699 -2.051195383 -0.003369351 0.000071890 0.999994338 156.008026123
0.999995351 0.001677232 0.002529550 0.660259247 -0.001675956 0.999998450 -0.000506400 -2.074908257 -0.002530396 0.000502158 0.999996662 157.284362793
0.999996364 0.002086499 0.001657357 0.654371560 -0.002085826 0.999997735 -0.000407268 -2.094570160 -0.001658203 0.000403810 0.999998569 158.550628662
0.999998510 0.001126709 0.001259373 0.654483318 -0.001127915 0.999998808 0.000957299 -2.121585608 -0.001258292 -0.000958719 0.999998748 159.836669922
0.999996960 0.002311776 0.000892591 0.640355110 -0.002313271 0.999995828 0.001677301 -2.145776033 -0.000888709 -0.001679360 0.999998212 161.086395264
0.999997139 0.002364920 -0.000230649 0.647816181 -0.002364865 0.999997199 0.000237176 -2.164728880 0.000231209 -0.000236629 0.999999940 162.370040894
0.999995768 0.002738700 -0.000926296 0.639356315 -0.002739237 0.999996126 -0.000579701 -2.191482544 0.000924704 0.000582236 0.999999404 163.637741089
0.999989510 0.004385572 -0.001281495 0.625331938 -0.004386188 0.999990225 -0.000477871 -2.217406273 0.001279387 0.000483487 0.999999046 164.883865356
0.999989331 0.003978885 -0.002333408 0.618346393 -0.003982738 0.999990642 -0.001648229 -2.236954689 0.002326829 0.001657504 0.999995887 166.154937744
0.999986649 0.004271639 -0.002926905 0.610224903 -0.004278638 0.999987960 -0.002389029 -2.263110876 0.002916665 0.002401520 0.999992847 167.434799194
0.999982357 0.004679729 -0.003681643 0.600745738 -0.004688656 0.999986112 -0.002419745 -2.282376528 0.003670268 0.002436964 0.999990284 168.704666138
0.999980748 0.004531209 -0.004234827 0.586535275 -0.004534404 0.999989390 -0.000745226 -2.314628363 0.004231405 0.000764414 0.999990761 169.974060059
0.999978125 0.003815825 -0.005406645 0.581265748 -0.003815738 0.999992728 0.000026491 -2.340772867 0.005406707 -0.000005860 0.999985337 171.242324829
0.999972582 0.004614463 -0.005789817 0.559968412 -0.004614631 0.999989331 -0.000015578 -2.360054970 0.005789684 0.000042296 0.999983251 172.503860474
0.999966025 0.004986762 -0.006558456 0.543095052 -0.004985267 0.999987483 0.000244242 -2.382229090 0.006559593 -0.000211538 0.999978423 173.776535034
0.999958396 0.005353703 -0.007391231 0.530400395 -0.005356779 0.999985576 -0.000396320 -2.410047293 0.007389002 0.000435897 0.999972641 175.040435791
0.999950409 0.006802881 -0.007271243 0.505214274 -0.006809777 0.999976397 -0.000924004 -2.430922270 0.007264785 0.000973474 0.999973059 176.307052612
0.999952018 0.006095207 -0.007665456 0.488496840 -0.006101013 0.999981105 -0.000734114 -2.452131510 0.007660836 0.000780846 0.999970317 177.584274292
0.999948621 0.006577091 -0.007712090 0.471864909 -0.006590739 0.999976754 -0.001745475 -2.475816488 0.007700431 0.001796214 0.999968648 178.822662354
0.999955654 0.005061512 -0.007940947 0.455246925 -0.005090247 0.999980450 -0.003602542 -2.496633530 0.007922558 0.003642804 0.999961972 180.115921021
0.999963045 0.002101430 -0.008333090 0.440414637 -0.002130129 0.999991775 -0.003436552 -2.521205425 0.008325800 0.003454176 0.999959409 181.381347656
0.999959648 0.001947840 -0.008772161 0.430185854 -0.001942756 0.999997973 0.000588163 -2.550368309 0.008773290 -0.000571097 0.999961257 182.647048950
0.999960721 0.001367481 -0.008760612 0.410197765 -0.001322030 0.999985695 0.005191758 -2.572718143 0.008767587 -0.005179972 0.999948084 183.913864136
0.999958932 0.002363390 -0.008745032 0.395896316 -0.002327218 0.999988735 0.004144155 -2.585095406 0.008754728 -0.004123635 0.999953151 185.176620483
0.999958515 0.004002994 -0.008187411 0.370739579 -0.003994971 0.999991596 0.000996081 -2.602545500 0.008191328 -0.000963332 0.999966025 186.421524048
0.999952435 0.004214851 -0.008793219 0.353965521 -0.004223683 0.999990642 -0.000986099 -2.624069929 0.008788980 0.001023192 0.999960899 187.668746948
0.999952137 0.004261123 -0.008807680 0.335241824 -0.004266750 0.999990761 -0.000620038 -2.647403955 0.008804956 0.000657588 0.999961078 188.918884277
0.999953091 0.003796222 -0.008913781 0.321683824 -0.003791182 0.999992669 0.000582326 -2.672327280 0.008915925 -0.000548505 0.999960124 190.176696777
0.999954760 0.003890162 -0.008675568 0.301713943 -0.003863521 0.999987841 0.003085459 -2.697886229 0.008687465 -0.003051801 0.999957621 191.421112061
0.999962926 0.003358003 -0.007920875 0.287220895 -0.003329430 0.999987960 0.003617703 -2.717485905 0.007932927 -0.003591197 0.999962091 192.680511475
0.999973416 0.003208955 -0.006540447 0.272025466 -0.003188912 0.999990225 0.003072621 -2.737153530 0.006550241 -0.003051682 0.999973953 193.921630859
0.999984026 0.002229536 -0.005205540 0.259397447 -0.002221555 0.999996364 0.001538554 -2.759315014 0.005208951 -0.001526966 0.999985158 195.149993896
0.999990523 0.001687579 -0.004006465 0.246471941 -0.001689305 0.999998569 -0.000427558 -2.774769545 0.004005738 0.000434322 0.999991894 196.390457153
0.999995589 0.001736068 -0.002417993 0.236393183 -0.001737824 0.999998152 -0.000724147 -2.804289818 0.002416732 0.000728346 0.999996781 197.600494385
0.999998569 0.001589985 -0.000715844 0.227495670 -0.001589976 0.999998689 0.000013341 -2.827327728 0.000715864 -0.000012203 0.999999762 198.811981201
0.999998927 0.001436710 0.000301111 0.226864502 -0.001437294 0.999997199 0.001950165 -2.850125074 -0.000298309 -0.001950596 0.999998093 200.047302246
0.999996603 0.002415315 0.000969910 0.225662932 -0.002417535 0.999994516 0.002294546 -2.872058630 -0.000964362 -0.002296884 0.999996960 201.257278442
0.999995053 0.001967818 0.002491427 0.219126135 -0.001973784 0.999995232 0.002394115 -2.891912937 -0.002486704 -0.002399020 0.999993980 202.462615967
0.999992132 0.002156652 0.003325429 0.218796536 -0.002164763 0.999994755 0.002437382 -2.907935858 -0.003320155 -0.002444561 0.999991477 203.669616699
0.999985993 0.002466610 0.004684027 0.214064375 -0.002479008 0.999993503 0.002642832 -2.930890560 -0.004677476 -0.002654407 0.999985516 204.851043701
0.999981523 0.002658946 0.005475501 0.214795366 -0.002672355 0.999993563 0.002443088 -2.950289249 -0.005468969 -0.002457676 0.999981999 206.053390503
0.999971807 0.002481899 0.007100350 0.200104818 -0.002498816 0.999994159 0.002374696 -2.969334126 -0.007094414 -0.002392371 0.999971986 207.217285156
0.999973238 0.001554792 0.007150893 0.207959741 -0.001572167 0.999995828 0.002424804 -2.990203619 -0.007147092 -0.002435982 0.999971449 208.376983643
0.999967694 0.001795140 0.007824088 0.203436643 -0.001823610 0.999991715 0.003633161 -3.015160322 -0.007817501 -0.003647312 0.999962807 209.533554077
0.999975026 0.000611612 0.007039141 0.210529312 -0.000645387 0.999988258 0.004796886 -3.037282944 -0.007036123 -0.004801310 0.999963760 210.665191650
0.999976754 0.001022218 0.006738992 0.212426588 -0.001052816 0.999989152 0.004538334 -3.055963755 -0.006734281 -0.004545324 0.999967039 211.784896851
0.999976933 0.001519914 0.006626000 0.210079819 -0.001543240 0.999992609 0.003516756 -3.074566841 -0.006620607 -0.003526901 0.999971926 212.887756348
0.999980211 0.001885001 0.005997232 0.210398927 -0.001902174 0.999994099 0.002858941 -3.094114542 -0.005991808 -0.002870293 0.999977946 213.980514526
0.999982595 0.001841135 0.005602410 0.210307017 -0.001855068 0.999995172 0.002482637 -3.109982252 -0.005597813 -0.002492986 0.999981284 215.047683716
0.999989927 0.001752144 0.004137942 0.208488405 -0.001763171 0.999994934 0.002662481 -3.135970592 -0.004133256 -0.002669750 0.999987900 216.109878540
0.999995649 0.001341326 0.002642591 0.207410589 -0.001349987 0.999993801 0.003278487 -3.153155804 -0.002638177 -0.003282039 0.999991179 217.167556763
0.999999940 -0.000048084 0.000362342 0.207481042 0.000046215 0.999986887 0.005152719 -3.172221184 -0.000362585 -0.005152702 0.999986589 218.209655762
0.999999523 0.000657371 -0.000877534 0.189350232 -0.000651389 0.999976754 0.006799175 -3.186788082 0.000881983 -0.006798598 0.999976397 219.240158081
0.999990880 0.000442831 -0.004250824 0.194448367 -0.000412214 0.999974012 0.007200769 -3.207936764 0.004253902 -0.007198951 0.999965012 220.243286133
0.999974608 0.001022620 -0.007049855 0.185874358 -0.000974151 0.999975979 0.006875182 -3.226944923 0.007056715 -0.006868139 0.999951482 221.240020752
0.999953330 0.001050844 -0.009595126 0.164759815 -0.000986761 0.999977171 0.006680985 -3.239129066 0.009601926 -0.006671206 0.999931633 222.208465576
0.999917805 0.000885371 -0.012788127 0.150719240 -0.000794809 0.999974549 0.007085035 -3.253165245 0.012794076 -0.007074288 0.999893129 223.155364990
0.999880075 0.001647828 -0.015394798 0.124040172 -0.001541701 0.999974966 0.006902983 -3.270462036 0.015405786 -0.006878422 0.999857605 224.081665039
0.999831676 0.001161006 -0.018307721 0.103958338 -0.001047880 0.999980271 0.006187518 -3.285312653 0.018314544 -0.006167293 0.999813259 224.994110107
0.999763489 0.001901701 -0.021664720 0.084223017 -0.001785569 0.999983847 0.005378499 -3.294295073 0.021674599 -0.005338543 0.999750853 225.871383667
0.999694288 0.002765154 -0.024572454 0.051817682 -0.002628569 0.999980867 0.005589050 -3.315052032 0.024587439 -0.005522751 0.999682486 226.727523804
0.999607384 0.003154088 -0.027843883 0.025309762 -0.003033179 0.999985754 0.004383550 -3.325215101 0.027857313 -0.004297373 0.999602735 227.562179565
0.999549091 0.004731585 -0.029650373 -0.013734763 -0.004587732 0.999977350 0.004917807 -3.347590208 0.029672975 -0.004779561 0.999548256 228.388290405
0.999508381 0.005723263 -0.030827081 -0.038422834 -0.005571629 0.999971986 0.005002501 -3.355998278 0.030854847 -0.004828284 0.999512196 229.188812256
0.999518096 0.005590711 -0.030536929 -0.068024673 -0.005398376 0.999965012 0.006377263 -3.371883154 0.030571517 -0.006209339 0.999513328 229.970062256
0.999523997 0.005483556 -0.030360175 -0.092223763 -0.005275605 0.999962151 0.006925316 -3.384420872 0.030397002 -0.006761851 0.999514997 230.733932495
0.999541402 0.005740101 -0.029733572 -0.119359717 -0.005556869 0.999965072 0.006241417 -3.394667625 0.029768361 -0.006073330 0.999538362 231.481399536
0.999555886 0.006467559 -0.029092707 -0.146230772 -0.006340291 0.999969959 0.004464666 -3.408054590 0.029120710 -0.004278227 0.999566734 232.213241577
0.999580324 0.006432076 -0.028247522 -0.169422403 -0.006368731 0.999976993 0.002331881 -3.419141054 0.028261876 -0.002151001 0.999598205 232.943588257
0.999606788 0.006148588 -0.027360704 -0.190282837 -0.006124465 0.999980748 0.000965354 -3.434395552 0.027366113 -0.000797404 0.999625146 233.674209595
0.999642015 0.006712348 -0.025900992 -0.214045197 -0.006708810 0.999977469 0.000223525 -3.444112778 0.025901908 -0.000049680 0.999664485 234.417587280
0.999685764 0.006200160 -0.024290815 -0.229805723 -0.006206756 0.999980688 -0.000196166 -3.454554081 0.024289129 0.000346871 0.999704897 235.137557983
0.999735236 0.005993675 -0.022219129 -0.253185034 -0.005992217 0.999982059 0.000132213 -3.474968433 0.022219522 0.000000964 0.999753177 235.842590332
0.999767780 0.006190957 -0.020639775 -0.267290592 -0.006196482 0.999980748 -0.000203765 -3.486262798 0.020638118 0.000331612 0.999786973 236.576507568
0.999794662 0.005663784 -0.019457860 -0.270558745 -0.005680713 0.999983549 -0.000814901 -3.497726679 0.019452922 0.000925268 0.999810338 237.282028198
0.999850273 0.005795486 -0.016298411 -0.290482551 -0.005796379 0.999983191 -0.000007509 -3.515383005 0.016298091 0.000101979 0.999867201 237.997482300
0.999900937 0.004714211 -0.013256225 -0.293871850 -0.004702883 0.999988556 0.000885514 -3.530268431 0.013260248 -0.000823084 0.999911726 238.703979492
0.999945343 0.004069018 -0.009635298 -0.310205340 -0.004059776 0.999991298 0.000978562 -3.541463137 0.009639195 -0.000939392 0.999953091 239.394973755
0.999969006 0.003579379 -0.007016469 -0.311415404 -0.003571441 0.999992967 0.001143444 -3.556493521 0.007020512 -0.001118350 0.999974787 240.089080811
0.999987245 0.003443866 -0.003721392 -0.318673313 -0.003439382 0.999993384 0.001210580 -3.572182178 0.003725536 -0.001197765 0.999992371 240.777038574
0.999995410 0.002954491 -0.000608043 -0.322869152 -0.002953944 0.999995232 0.000898795 -3.586533070 0.000610695 -0.000896995 0.999999344 241.474960327
0.999990225 0.003954358 0.001989170 -0.319532216 -0.003953891 0.999992073 -0.000238946 -3.595541000 -0.001990099 0.000231079 0.999997973 242.168304443
0.999977708 0.003892462 0.005406355 -0.321490347 -0.003888130 0.999992013 -0.000811491 -3.606309891 -0.005409471 0.000790452 0.999985039 242.862838745
0.999956250 0.004635353 0.008125136 -0.316026837 -0.004638607 0.999989152 0.000381677 -3.622228146 -0.008123278 -0.000419350 0.999966919 243.565048218
0.999936581 0.004586348 0.010284573 -0.308374941 -0.004599325 0.999988616 0.001238596 -3.634833813 -0.010278774 -0.001285820 0.999946356 244.268768311
0.999907076 0.004412689 0.012899796 -0.304372758 -0.004422107 0.999989986 0.000701667 -3.645000696 -0.012896570 -0.000758646 0.999916553 244.971069336
0.999871433 0.004488340 0.015393775 -0.299981236 -0.004476249 0.999989629 -0.000819813 -3.656842470 -0.015397298 0.000750801 0.999881208 245.677993774
0.999840021 0.004671249 0.017264571 -0.292597175 -0.004618336 0.999984503 -0.003103490 -3.668465376 -0.017278802 0.003023260 0.999846160 246.384078979
0.999824643 0.003366055 0.018418407 -0.280296326 -0.003278790 0.999983251 -0.004766065 -3.679202795 -0.018434141 0.004704839 0.999818981 247.102554321
0.999830186 0.004166202 0.017954469 -0.260215938 -0.004068397 0.999976754 -0.005480512 -3.691632271 -0.017976884 0.005406535 0.999823749 247.833877563
0.999841928 0.002507813 0.017606203 -0.244783506 -0.002405250 0.999980092 -0.005844189 -3.708532810 -0.017620506 0.005800917 0.999827862 248.564239502
0.999828935 0.004320797 0.017987354 -0.237145260 -0.004208519 0.999971509 -0.006275251 -3.721957445 -0.018013954 0.006198477 0.999818504 249.301345825
0.999821782 0.004546746 0.018322952 -0.227217764 -0.004426905 0.999968588 -0.006575717 -3.737580776 -0.018352276 0.006493431 0.999810457 250.039138794
0.999819636 0.003317561 0.018701959 -0.215565041 -0.003158575 0.999958634 -0.008524225 -3.752381802 -0.018729465 0.008463615 0.999788761 250.784759521
0.999814630 -0.000357238 0.019248348 -0.202883199 0.000560187 0.999944270 -0.010539396 -3.771066189 -0.019243510 0.010548227 0.999759138 251.530944824
0.999794185 -0.003686688 0.019955056 -0.187170163 0.003915083 0.999927104 -0.011418504 -3.785801411 -0.019911505 0.011494281 0.999735594 252.293106079
0.999790072 -0.001099900 0.020460233 -0.174150825 0.001253155 0.999971211 -0.007479042 -3.798268080 -0.020451419 0.007503110 0.999762654 253.067291260
0.999776065 0.002569483 0.021007553 -0.168494359 -0.002539179 0.999995649 -0.001469106 -3.813449383 -0.021011237 0.001415435 0.999778152 253.847427368
0.999762714 0.001935143 0.021700757 -0.151415706 -0.001979796 0.999995887 0.002036392 -3.831173420 -0.021696730 -0.002078872 0.999762416 254.633651733
0.999704421 0.000975069 0.024292890 -0.133578584 -0.000969660 0.999999523 -0.000234455 -3.839032412 -0.024293106 0.000210830 0.999704778 255.435470581
0.999603987 0.001669249 0.028089939 -0.111587785 -0.001491782 0.999978781 -0.006337623 -3.852043152 -0.028099926 0.006293208 0.999585271 256.239257812
0.999483109 0.003681653 0.031935684 -0.095246725 -0.003361661 0.999943733 -0.010067808 -3.863135576 -0.031970952 0.009955248 0.999439180 257.040924072
0.999372900 0.005966806 0.034901474 -0.069314793 -0.005627639 0.999936104 -0.009808008 -3.880041122 -0.034957770 0.009605445 0.999342561 257.853210449
0.999261379 0.004535239 0.038158599 -0.033816624 -0.004249869 0.999962330 -0.007556332 -3.897743464 -0.038191438 0.007388582 0.999243140 258.694305420
0.999154925 0.001408572 0.041078079 0.003319974 -0.001227491 0.999989450 -0.004433080 -3.914257288 -0.041083891 0.004378911 0.999146104 259.529083252
0.999023974 -0.001710502 0.044138808 0.037545841 0.001853640 0.999993145 -0.003202164 -3.929559946 -0.044133030 0.003280855 0.999020338 260.364227295
0.998882711 -0.000984280 0.047247097 0.066715986 0.001102658 0.999996245 -0.002479491 -3.943580627 -0.047244474 0.002528818 0.998880148 261.215332031
0.998757541 0.001405935 0.049814064 0.104999028 -0.001179388 0.999988794 -0.004576928 -3.958703279 -0.049819939 0.004512491 0.998748004 262.057159424
0.998642445 0.002060863 0.052047648 0.143612042 -0.001729770 0.999978006 -0.006405569 -3.981402159 -0.052059699 0.006306842 0.998624146 262.890380859
0.998501837 0.002316526 0.054669276 0.192373127 -0.001938539 0.999974012 -0.006966086 -3.994206190 -0.054683983 0.006849672 0.998480201 263.762390137
0.998338401 0.003125621 0.057537623 0.235184669 -0.002849153 0.999984086 -0.004886399 -4.013106823 -0.057551969 0.004714347 0.998331368 264.603942871
0.998170197 0.004619713 0.060289752 0.284612626 -0.004433127 0.999984980 -0.003228219 -4.033866882 -0.060303755 0.002955040 0.998175681 265.444793701
0.997959614 0.004987752 0.063653819 0.327976078 -0.004784743 0.999982893 -0.003341306 -4.049611092 -0.063669413 0.003029921 0.997966468 266.313079834
0.997771382 0.005359111 0.066510610 0.375882506 -0.005101138 0.999978721 -0.004047902 -4.062549591 -0.066530913 0.003699601 0.997777581 267.158477783
0.997647464 0.003305775 0.068474099 0.442912996 -0.003010379 0.999985695 -0.004416720 -4.079470634 -0.068487734 0.004200196 0.997643173 267.993011475
0.997541189 -0.000075202 0.070081495 0.516465545 0.000323696 0.999993622 -0.003534444 -4.099518299 -0.070080802 0.003548439 0.997534990 268.854064941
0.997503340 -0.000594189 0.070615418 0.580599427 0.000859040 0.999992669 -0.003720306 -4.114862919 -0.070612699 0.003771679 0.997496665 269.703613281
0.997491837 -0.001325699 0.070768848 0.642040372 0.001567365 0.999993026 -0.003359440 -4.136551380 -0.070763916 0.003461935 0.997487068 270.552368164
0.997451842 -0.002042441 0.071312599 0.701402187 0.002299623 0.999991119 -0.003524485 -4.152252197 -0.071304776 0.003679496 0.997447789 271.420013428
0.997467935 -0.001644255 0.071098059 0.756859899 0.001863446 0.999993682 -0.003016736 -4.167848587 -0.071092658 0.003141584 0.997464776 272.280456543
0.997521877 -0.001174443 0.070346005 0.813872755 0.001357059 0.999995828 -0.002548222 -4.184472561 -0.070342720 0.002637371 0.997519433 273.130004883
0.997614980 -0.002309563 0.068984099 0.873703539 0.002516921 0.999992549 -0.002919123 -4.207519531 -0.068976842 0.003085789 0.997613490 273.988494873
0.997703552 -0.001458131 0.067716256 0.928793728 0.001725975 0.999990880 -0.003897052 -4.225458622 -0.067709967 0.004004980 0.997696996 274.848205566
0.997807503 -0.000638768 0.066179924 0.981101930 0.000980092 0.999986351 -0.005125180 -4.237164021 -0.066175751 0.005178806 0.997794509 275.705657959
0.997891188 0.000449766 0.064906918 1.025812268 -0.000141761 0.999988675 -0.004749869 -4.266841412 -0.064908326 0.004730652 0.997880042 276.549163818
0.998008966 0.001751450 0.063047200 1.078025579 -0.001449003 0.999987185 -0.004842547 -4.286080837 -0.063054882 0.004741550 0.997998834 277.411285400
0.998153389 0.002053899 0.060708739 1.128995180 -0.001786820 0.999988496 -0.004453319 -4.303017139 -0.060717188 0.004336620 0.998145580 278.264190674
0.998328507 0.001285018 0.057779711 1.166182637 -0.001124596 0.999995410 -0.002808879 -4.320951939 -0.057783060 0.002739204 0.998325467 279.114654541
0.998577237 0.000324710 0.053323638 1.225625157 -0.000282369 0.999999583 -0.000801562 -4.331788063 -0.053323884 0.000785364 0.998576999 279.968353271
0.998819709 -0.000837501 0.048563898 1.255983591 0.000791285 0.999999225 0.000970881 -4.352259636 -0.048564669 -0.000931306 0.998819649 280.796569824
0.999030769 -0.001199334 0.044001568 1.284622908 0.001094435 0.999996543 0.002407996 -4.368669987 -0.044004306 -0.002357504 0.999028563 281.631652832
0.999231339 -0.001682955 0.039163653 1.321242452 0.001568124 0.999994397 0.002962651 -4.377657890 -0.039168410 -0.002898961 0.999228418 282.458801270
0.999406815 -0.002239305 0.034364916 1.345831275 0.002122910 0.999991953 0.003423162 -4.391856194 -0.034372300 -0.003348178 0.999403477 283.267028809
0.999555469 -0.003277322 0.029632639 1.368543744 0.003171558 0.999988437 0.003615391 -4.405966759 -0.029644141 -0.003519802 0.999554336 284.082244873
0.999655426 -0.003140015 0.026061989 1.372947335 0.003047110 0.999988854 0.003603749 -4.421164036 -0.026073007 -0.003523093 0.999653816 284.859771729
0.999759555 -0.003187620 0.021696804 1.395697474 0.003122006 0.999990463 0.003057306 -4.431813717 -0.021706341 -0.002988833 0.999759912 285.628234863
0.999834836 -0.002692251 0.017974442 1.401840568 0.002638800 0.999992073 0.002996779 -4.445409775 -0.017982367 -0.002948853 0.999833941 286.375885010
