1.000000000 0.000000000 0.000000000 0.000000000 0.000000000 1.000000000 0.000000000 0.000000000 0.000000000 0.000000000 1.000000000 0.000000000
1.000000000 -0.000120148 0.000098433 -0.013026170 0.000120009 0.999998987 0.001410323 -0.012932258 -0.000098603 -0.001410311 0.999998987 1.318656921
0.999998927 -0.001431778 -0.000228162 -0.022462856 0.001432207 0.999997139 0.001895433 -0.040102120 0.000225448 -0.001895758 0.999998152 2.630736113
0.999995947 -0.002833576 -0.000278000 -0.029485295 0.002833844 0.999995470 0.000969196 -0.056815982 0.000275252 -0.000969980 0.999999464 3.944186926
0.999995708 -0.002918717 -0.000359359 -0.036195789 0.002919110 0.999995172 0.001097949 -0.076234989 0.000356152 -0.001098994 0.999999344 5.260918617
0.999993622 -0.003550053 -0.000405339 -0.039011616 0.003550818 0.999991894 0.001901344 -0.099239551 0.000398586 -0.001902771 0.999998093 6.605056763
0.999987125 -0.005086007 0.000059228 -0.053528801 0.005085799 0.999982297 0.003099150 -0.116768248 -0.000074989 -0.003098809 0.999995172 7.914239883
0.999989569 -0.004551418 -0.000264522 -0.055289917 0.004552330 0.999983311 0.003562318 -0.134863287 0.000248304 -0.003563484 0.999993563 9.264856339
0.999992907 -0.003715397 -0.000621863 -0.059259493 0.003716493 0.999991536 0.001770532 -0.151967332 0.000615280 -0.001772830 0.999998271 10.614417076
0.999999046 -0.001157830 -0.000706138 -0.071039565 0.001157755 0.999999344 -0.000105940 -0.177381873 0.000706260 0.000105122 0.999999762 11.930638313
0.999996185 0.002765213 0.000024007 -0.089985952 -0.002765189 0.999995768 -0.000934959 -0.198120520 -0.000026592 0.000934889 0.999999583 13.279863358
0.999988556 0.004778569 0.000140814 -0.120620959 -0.004778407 0.999987960 -0.001133981 -0.218932778 -0.000146232 0.001133295 0.999999344 14.589378357
0.999982715 0.005873328 0.000011370 -0.125014693 -0.005873324 0.999982715 -0.000366761 -0.237890318 -0.000013523 0.000366687 0.999999940 15.940354347
0.999993801 0.003458104 0.000515091 -0.138822407 -0.003459284 0.999991357 0.002308496 -0.257297337 -0.000507103 -0.002310264 0.999997139 17.289716721
0.999999225 -0.000715048 0.000920435 -0.145076945 0.000711193 0.999990940 0.004183327 -0.276309937 -0.000923418 -0.004182670 0.999990821 18.645629883
0.999995172 -0.003013759 0.000672409 -0.152397215 0.003012437 0.999993622 0.001959483 -0.292395711 -0.000678311 -0.001957448 0.999997795 19.983858109
0.999987364 -0.005024166 0.000220854 -0.149733976 0.005024068 0.999987423 0.000444775 -0.325426996 -0.000223086 -0.000443660 0.999999881 21.363433838
0.999996781 -0.002134637 0.001418035 -0.171618149 0.002136610 0.999996841 -0.001391465 -0.340223461 -0.001415060 0.001394490 0.999998033 22.707508087
0.999998569 0.000425355 0.001635998 -0.173925802 -0.000426299 0.999999762 0.000577202 -0.356804252 -0.001635752 -0.000577899 0.999998510 24.077068329
0.999997497 0.001154120 0.001930273 -0.178921744 -0.001162053 0.999990940 0.004114074 -0.374994248 -0.001925508 -0.004116306 0.999989688 25.443819046
0.999995351 -0.001402164 0.002674020 -0.179911762 0.001385440 0.999979556 0.006246013 -0.390768826 -0.002682723 -0.006242280 0.999976993 26.831600189
0.999976158 -0.006585020 0.002064612 -0.177988023 0.006575782 0.999968469 0.004449616 -0.410794497 -0.002093847 -0.004435934 0.999987960 28.193748474
0.999976814 -0.006501919 0.001979009 -0.182959616 0.006497243 0.999976099 0.002359917 -0.425064534 -0.001994306 -0.002347005 0.999995232 29.563207626
0.999973834 -0.006608521 0.002945142 -0.178862676 0.006609923 0.999978006 -0.000466545 -0.444384426 -0.002941994 0.000486000 0.999995530 30.936536789
0.999989092 -0.003079308 0.003498350 -0.188663527 0.003083126 0.999994636 -0.001086574 -0.467096299 -0.003494985 0.001097348 0.999993265 32.314357758
0.999988556 -0.002505266 0.004081638 -0.208860412 0.002518487 0.999991596 -0.003237213 -0.495161086 -0.004073494 0.003247455 0.999986410 33.664394379
0.999990523 -0.002008776 0.003871246 -0.206463963 0.002018683 0.999994755 -0.002557041 -0.519536972 -0.003866090 0.002564832 0.999989152 35.049346924
0.999989986 -0.001931435 0.004030617 -0.221965328 0.001936083 0.999997437 -0.001149603 -0.545706213 -0.004028386 0.001157395 0.999991238 36.414833069
0.999991953 -0.000709494 0.003940322 -0.233636528 0.000707095 0.999999583 0.000610310 -0.574199378 -0.003940754 -0.000607519 0.999992013 37.813591003
0.999989450 0.002154036 0.004058111 -0.246494308 -0.002158129 0.999997139 0.001004609 -0.595732749 -0.004055934 -0.001013357 0.999991238 39.192306519
0.999976039 0.005306955 0.004434429 -0.251527965 -0.005309263 0.999985695 0.000509025 -0.612486064 -0.004431663 -0.000532556 0.999990046 40.577423096
0.999970317 0.006458914 0.004233373 -0.260674745 -0.006463681 0.999978483 0.001113337 -0.639117658 -0.004226091 -0.001140667 0.999990404 41.985351562
0.999970317 0.006898565 0.003422600 -0.257389039 -0.006903345 0.999975204 0.001386858 -0.663036644 -0.003412947 -0.001410444 0.999993145 43.394054413
0.999972045 0.006649001 0.003456132 -0.268623084 -0.006652875 0.999977231 0.001110494 -0.685431063 -0.003448670 -0.001133456 0.999993324 44.778656006
0.999980450 0.005627548 0.002731834 -0.268037885 -0.005629019 0.999984026 0.000531356 -0.701648235 -0.002728801 -0.000546723 0.999996066 46.182003021
0.999985814 0.004999803 0.001842045 -0.278444737 -0.005001558 0.999987066 0.000949173 -0.728805482 -0.001837276 -0.000958372 0.999997854 47.584117889
0.999983430 0.005717620 0.000725502 -0.284230977 -0.005719060 0.999981701 0.001998374 -0.746224225 -0.000714063 -0.002002490 0.999997795 49.002147675
0.999982297 0.005930922 -0.000277862 -0.298659712 -0.005930383 0.999980628 0.001900810 -0.769237399 0.000289130 -0.001899129 0.999998152 50.403442383
0.999978304 0.006404598 -0.001524543 -0.307555944 -0.006401413 0.999977291 0.002085273 -0.782137394 0.001537864 -0.002075469 0.999996662 51.836181641
0.999978602 0.005951258 -0.002723281 -0.316505611 -0.005942538 0.999977231 0.003198641 -0.808319867 0.002742255 -0.003182389 0.999991119 53.249763489
0.999984562 0.004487119 -0.003283985 -0.326836914 -0.004474044 0.999982059 0.003978184 -0.824851692 0.003301777 -0.003963429 0.999986708 54.689624786
0.999988794 0.002545040 -0.003971345 -0.339141786 -0.002527008 0.999986649 0.004538969 -0.849965572 0.003982844 -0.004528884 0.999981821 56.127960205
0.999989867 0.000237044 -0.004475818 -0.347757518 -0.000219553 0.999992430 0.003907893 -0.866511285 0.004476711 -0.003906871 0.999982297 57.555561066
0.999989927 -0.000814047 -0.004409522 -0.372491837 0.000832047 0.999991298 0.004081816 -0.883980870 0.004406161 -0.004085444 0.999981940 58.954761505
0.999989808 -0.002400965 -0.003813603 -0.380685389 0.002419885 0.999984801 0.004964220 -0.903441727 0.003801626 -0.004973398 0.999980450 60.387439728
0.999988735 -0.003287626 -0.003401314 -0.393710911 0.003306698 0.999978781 0.005616945 -0.924568534 0.003382775 -0.005628129 0.999978423 61.800571442
0.999981821 -0.005249594 -0.002943578 -0.406378448 0.005266493 0.999969542 0.005763124 -0.948832989 0.002913234 -0.005778521 0.999979019 63.201065063
0.999977648 -0.006278698 -0.002293973 -0.417445123 0.006288717 0.999970555 0.004387100 -0.962680101 0.002266360 -0.004401428 0.999987662 64.624259949
0.999979675 -0.006085531 -0.001883066 -0.418379426 0.006093154 0.999973178 0.004069530 -0.981992066 0.001858250 -0.004080922 0.999989927 66.037956238
0.999990582 -0.004257423 -0.000806433 -0.441726118 0.004260519 0.999983430 0.003876804 -1.000546575 0.000789915 -0.003880203 0.999992132 67.450363159
0.999999583 -0.000880809 -0.000294993 -0.453893811 0.000882264 0.999987245 0.004970046 -1.020081997 0.000290612 -0.004970304 0.999987602 68.842086792
0.999997675 0.002106762 0.000426402 -0.466749310 -0.002109321 0.999979317 0.006089455 -1.031871915 -0.000413564 -0.006090341 0.999981344 70.259246826
0.999973655 0.007110151 0.001464326 -0.485718399 -0.007119742 0.999952495 0.006651720 -1.056973577 -0.001416962 -0.006661970 0.999976814 71.634651184
0.999942899 0.010554576 0.001681008 -0.495120674 -0.010565153 0.999923646 0.006413309 -1.074721336 -0.001613190 -0.006430702 0.999978065 73.029052734
0.999886394 0.014781174 0.002955844 -0.518036246 -0.014796983 0.999875903 0.005399491 -1.088115335 -0.002875666 -0.005442615 0.999980986 74.423927307
0.999860704 0.016328074 0.003461069 -0.519578278 -0.016347194 0.999850869 0.005570338 -1.110139370 -0.003369601 -0.005626142 0.999978483 75.825828552
0.999864936 0.016005550 0.003749266 -0.524478555 -0.016027775 0.999853730 0.005974874 -1.125597954 -0.003653087 -0.006034160 0.999975145 77.231910706
0.999862731 0.016084170 0.003975722 -0.530512750 -0.016104434 0.999857187 0.005118477 -1.145913124 -0.003892828 -0.005181802 0.999979019 78.658096313
0.999886632 0.014603140 0.003660849 -0.535662711 -0.014619327 0.999883294 0.004434854 -1.158547759 -0.003595659 -0.004487870 0.999983549 80.059967041
0.999895930 0.014049602 0.003285705 -0.527015686 -0.014065099 0.999889851 0.004741961 -1.190951824 -0.003218720 -0.004787680 0.999983370 81.397827148
0.999900758 0.013797956 0.002848825 -0.526170731 -0.013810790 0.999894321 0.004535865 -1.198938608 -0.002785938 -0.004574758 0.999985635 82.813102722
0.999911129 0.013105475 0.002419507 -0.532544315 -0.013115366 0.999905527 0.004118304 -1.218692422 -0.002365306 -0.004149671 0.999988556 84.184387207
0.999908447 0.013401374 0.001834102 -0.540699780 -0.013409885 0.999899030 0.004708888 -1.239128709 -0.001770811 -0.004733051 0.999987245 85.521408081
0.999913573 0.013114257 0.000904089 -0.552016675 -0.013118813 0.999900281 0.005232731 -1.252621651 -0.000835376 -0.005244140 0.999985874 86.924674988
0.999941885 0.010776385 0.000213551 -0.558506787 -0.010777526 0.999921679 0.006369765 -1.274560452 -0.000144891 -0.006371696 0.999979675 88.304229736
0.999958336 0.009005641 -0.001494700 -0.555668533 -0.008995379 0.999936879 0.006734094 -1.295898557 0.001555251 -0.006720367 0.999976158 89.687362671
0.999973416 0.006886604 -0.002406234 -0.561342478 -0.006870549 0.999954522 0.006617832 -1.307653666 0.002451699 -0.006601123 0.999975204 91.057960510
0.999978125 0.006038725 -0.002709349 -0.574829042 -0.006022408 0.999963999 0.005990922 -1.326252818 0.002745429 -0.005974474 0.999978364 92.434295654
0.999983490 0.004901502 -0.003007181 -0.582417130 -0.004884027 0.999971271 0.005791407 -1.346032858 0.003035481 -0.005776623 0.999978662 93.745292664
0.999980211 0.005377194 -0.003277899 -0.594705939 -0.005360203 0.999972224 0.005170668 -1.362300038 0.003305612 -0.005152995 0.999981225 95.119331360
0.999982655 0.005060164 -0.003021053 -0.606775582 -0.005045741 0.999975920 0.004762470 -1.380268216 0.003045079 -0.004747144 0.999984086 96.486427307
0.999977887 0.006060902 -0.002733631 -0.628410876 -0.006049149 0.999972582 0.004287585 -1.402630210 0.002759543 -0.004270955 0.999987066 97.817604065
0.999971926 0.007173887 -0.002173420 -0.660549939 -0.007164448 0.999964952 0.004320516 -1.420620203 0.002204339 -0.004304823 0.999988317 99.134635925
0.999968827 0.007665770 -0.001920899 -0.675808430 -0.007654469 0.999953687 0.005823004 -1.436047554 0.001965448 -0.005808119 0.999981165 100.462944031
0.999959469 0.008826437 -0.001771969 -0.690016210 -0.008813499 0.999935389 0.007181958 -1.458234310 0.001835246 -0.007166049 0.999972582 101.808135986
0.999963164 0.008397203 -0.001769175 -0.700216055 -0.008387287 0.999949574 0.005538423 -1.470232010 0.001815593 -0.005523381 0.999983072 103.138603210
0.999964952 0.008263109 -0.001331050 -0.719382763 -0.008258515 0.999960005 0.003420429 -1.493321538 0.001359260 -0.003409316 0.999993265 104.448883057
0.999969959 0.007493892 -0.001975220 -0.721758485 -0.007489801 0.999969780 0.002070514 -1.508083105 0.001990677 -0.002055658 0.999995887 105.793334961
0.999984741 0.005331874 -0.001426090 -0.729091942 -0.005327040 0.999980092 0.003373013 -1.528383970 0.001444046 -0.003365366 0.999993265 107.142723083
0.999995649 0.002710288 -0.001168984 -0.731004536 -0.002704243 0.999983191 0.005141840 -1.543550134 0.001182900 -0.005138656 0.999986112 108.487678528
0.999999046 0.001377885 -0.000063016 -0.735094965 -0.001377503 0.999982774 0.005703209 -1.560274005 0.000070873 -0.005703117 0.999983668 109.823982239
0.999999344 0.000650233 0.000929845 -0.741625905 -0.000654409 0.999989569 0.004497420 -1.578339338 -0.000926911 -0.004498026 0.999989390 111.141761780
0.999996006 0.002338808 0.001530394 -0.748184979 -0.002342141 0.999994874 0.002179463 -1.599007607 -0.001525288 -0.002183039 0.999996483 112.471618652
0.999985635 0.004488486 0.002930696 -0.753699958 -0.004487820 0.999989867 -0.000233854 -1.617499590 -0.002931716 0.000220697 0.999995589 113.811676025
0.999959826 0.007900358 0.004219731 -0.766508698 -0.007900897 0.999968767 0.000111621 -1.642332315 -0.004218717 -0.000144956 0.999991119 115.101669312
0.999939322 0.009395102 0.005758721 -0.773252428 -0.009404477 0.999954462 0.001603013 -1.658871651 -0.005743399 -0.001657074 0.999982178 116.447822571
0.999932051 0.009379328 0.006919878 -0.772580147 -0.009408238 0.999947190 0.004157367 -1.683769584 -0.006880519 -0.004222188 0.999967396 117.769912720
0.999933004 0.008340464 0.008031923 -0.771052420 -0.008376697 0.999954820 0.004488203 -1.696642399 -0.007994128 -0.004555183 0.999957740 119.108184814
0.999918997 0.009279609 0.008706292 -0.764317989 -0.009313882 0.999948978 0.003904453 -1.712182641 -0.008669618 -0.003985227 0.999954462 120.452301025
0.999890983 0.011019718 0.009827502 -0.755449116 -0.011054221 0.999932826 0.003463273 -1.729839921 -0.009788680 -0.003571531 0.999945700 121.799804688
0.999850452 0.013376064 0.010969966 -0.758426249 -0.013409996 0.999905467 0.003025428 -1.748534441 -0.010928460 -0.003172082 0.999935210 123.132247925
0.999826610 0.013928554 0.012357551 -0.754675150 -0.013955436 0.999900401 0.002091836 -1.765836596 -0.012327184 -0.002263929 0.999921381 124.470542908
0.999802053 0.015264967 0.012758198 -0.742699742 -0.015282089 0.999882400 0.001245680 -1.790674090 -0.012737682 -0.001440405 0.999917805 125.801109314
0.999807119 0.014096583 0.013674890 -0.731668115 -0.014110839 0.999899983 0.000946496 -1.806770563 -0.013660179 -0.001139278 0.999906063 127.149467468
0.999803364 0.013645388 0.014383504 -0.720387876 -0.013678531 0.999903977 0.002208315 -1.831236720 -0.014351991 -0.002404626 0.999894142 128.483474731
0.999800622 0.012768726 0.015353873 -0.709724903 -0.012814457 0.999913752 0.002883878 -1.852074385 -0.015315725 -0.003080055 0.999877930 129.804077148
0.999799728 0.011958987 0.016046965 -0.700826645 -0.012015559 0.999921918 0.003433524 -1.871141553 -0.016004652 -0.003625650 0.999865294 131.142990112
0.999825478 0.009508763 0.016075671 -0.681036115 -0.009563378 0.999948740 0.003323792 -1.886390567 -0.016043244 -0.003476950 0.999865234 132.495590210
0.999850631 0.007757303 0.015453035 -0.655454874 -0.007820597 0.999961257 0.004039740 -1.904654622 -0.015421100 -0.004159987 0.999872386 133.882843018
0.999866664 0.006564620 0.014958219 -0.647055745 -0.006619898 0.999971449 0.003649022 -1.921337247 -0.014933837 -0.003747557 0.999881506 135.232650757
0.999887645 0.005217326 0.014056602 -0.640096962 -0.005267364 0.999979913 0.003525158 -1.937508941 -0.014037929 -0.003598803 0.999894977 136.564788818
0.999910891 0.003068984 0.012987813 -0.622945845 -0.003128611 0.999984622 0.004573165 -1.954224706 -0.012973578 -0.004613391 0.999905169 137.952407837
0.999926627 0.001817086 0.011976204 -0.613253593 -0.001876131 0.999986053 0.004920760 -1.975433111 -0.011967096 -0.004942867 0.999916196 139.286239624
0.999942064 0.001708560 0.010629046 -0.604069591 -0.001758667 0.999987364 0.004706634 -1.990553737 -0.010620872 -0.004725054 0.999932408 140.634857178
0.999948800 0.001079969 0.010057277 -0.605941653 -0.001125352 0.999989092 0.004507915 -2.013138056 -0.010052299 -0.004519002 0.999939263 141.977066040
0.999959886 0.001339114 0.008857005 -0.600522041 -0.001375402 0.999990702 0.004092150 -2.033460379 -0.008851442 -0.004104167 0.999952376 143.319015503
0.999965847 -0.001224344 0.008173646 -0.604318380 0.001212796 0.999998331 0.001417676 -2.048630714 -0.008175367 -0.001407714 0.999965549 144.645828247
0.999951839 -0.006709166 0.007161330 -0.590108335 0.006702723 0.999977112 0.000923537 -2.066450834 -0.007167363 -0.000875493 0.999973953 146.037551880
0.999883890 -0.013644258 0.006789981 -0.591417015 0.013622564 0.999902010 0.003230876 -2.082937717 -0.006833397 -0.003138004 0.999971747 147.383255005
0.999765933 -0.021033511 0.005065914 -0.578242183 0.021009795 0.999768257 0.004689828 -2.105069876 -0.005163385 -0.004582296 0.999976158 148.734664917
0.999689281 -0.024606621 0.003982142 -0.560768843 0.024600606 0.999696136 0.001552120 -2.123935461 -0.004019124 -0.001453675 0.999990880 150.096038818
0.999710202 -0.023657024 0.004459173 -0.562264740 0.023665465 0.999718249 -0.001849236 -2.146963120 -0.004414170 0.001954229 0.999988377 151.453582764
0.999788702 -0.019934379 0.005012817 -0.563962102 0.019951515 0.999795198 -0.003392115 -2.178660870 -0.004944171 0.003491411 0.999981642 152.781967163
0.999780416 -0.019975549 0.006319427 -0.571784317 0.019999811 0.999792755 -0.003799311 -2.200485229 -0.006242225 0.003924864 0.999972761 154.139892578
0.999704838 -0.023212776 0.007165715 -0.574561357 0.023215894 0.999730468 -0.000351585 -2.226230860 -0.007155622 0.000517840 0.999974251 155.481628418
0.999567807 -0.028392864 0.007614362 -0.561172605 0.028376915 0.999594808 0.002194696 -2.246534109 -0.007673592 -0.001977675 0.999968529 156.843841553
0.999463677 -0.031902302 0.007386856 -0.545969546 0.031875249 0.999484718 0.003752352 -2.265012741 -0.007502759 -0.003514881 0.999965668 158.186660767
0.999412477 -0.033381503 0.007786057 -0.544156313 0.033354495 0.999437153 0.003573327 -2.286917210 -0.007900959 -0.003311528 0.999963284 159.534317017
0.999458134 -0.031692360 0.008895321 -0.543574214 0.031653635 0.999488950 0.004460558 -2.306964397 -0.009032141 -0.004176572 0.999950469 160.874160767
0.999552608 -0.028410895 0.009352673 -0.518082619 0.028374458 0.999589384 0.004005835 -2.333298683 -0.009462642 -0.003738667 0.999948204 162.256103516
0.999654055 -0.023915425 0.010947109 -0.537134647 0.023901016 0.999713302 0.001445157 -2.343986750 -0.010978532 -0.001183010 0.999938965 163.580230713
0.999704301 -0.021163050 0.011978826 -0.529845655 0.021157663 0.999776006 0.000576194 -2.360076189 -0.011988336 -0.000322580 0.999928057 164.933883667
0.999750197 -0.018692471 0.012251887 -0.528278828 0.018670632 0.999823868 0.001894563 -2.382611036 -0.012285141 -0.001665340 0.999923170 166.278198242
0.999779940 -0.017234191 0.011957680 -0.515513659 0.017214080 0.999850273 0.001782429 -2.409688473 -0.011986608 -0.001576197 0.999926865 167.645523071
0.999837637 -0.014186786 0.011109864 -0.499025971 0.014201026 0.999898434 -0.001204028 -2.422226667 -0.011091654 0.001361604 0.999937534 169.005249023
0.999893188 -0.009944560 0.010707989 -0.497074515 0.009989403 0.999941468 -0.004142332 -2.444238186 -0.010666169 0.004248856 0.999934077 170.360015869
0.999932110 -0.004701608 0.010654807 -0.498783201 0.004759310 0.999974132 -0.005396761 -2.471612215 -0.010629158 0.005447105 0.999928653 171.705490112
0.999938726 0.000118475 0.011078658 -0.500689089 -0.000072114 0.999991238 -0.004184973 -2.501264095 -0.011079057 0.004183917 0.999929786 173.078826904
0.999928653 0.003093799 0.011535335 -0.496408731 -0.003067069 0.999992490 -0.002334208 -2.525736570 -0.011542471 0.002298661 0.999930680 174.441406250
0.999917269 0.004430998 0.012073647 -0.500360131 -0.004429780 0.999990225 -0.000127599 -2.548554420 -0.012074095 0.000074106 0.999927044 175.825897217
0.999938607 0.000553762 0.011058854 -0.489482641 -0.000564545 0.999999344 0.000971954 -2.569813728 -0.011058308 -0.000978138 0.999938369 177.186309814
0.999955058 -0.001395563 0.009363780 -0.475728244 0.001385432 0.999998391 0.001088261 -2.588016748 -0.009365282 -0.001075239 0.999955535 178.567520142
0.999970973 -0.001767072 0.007414294 -0.469272673 0.001791386 0.999993026 -0.003273966 -2.614641905 -0.007408457 0.003287154 0.999967158 179.983795166
0.999983072 -0.000144553 0.005816459 -0.463662952 0.000187670 0.999972522 -0.007412988 -2.643347263 -0.005815228 0.007413954 0.999955595 181.378402710
0.999975264 0.004685082 0.005237214 -0.472670436 -0.004643566 0.999957919 -0.007911485 -2.676104784 -0.005274060 0.007886970 0.999954998 182.791992188
0.999951005 0.008390338 0.005257473 -0.481207401 -0.008353516 0.999940693 -0.006986732 -2.709203959 -0.005315783 0.006942471 0.999961734 184.178451538
0.999928653 0.010494254 0.005706889 -0.490848213 -0.010474239 0.999938905 -0.003525871 -2.740840912 -0.005743543 0.003465844 0.999977529 185.571701050
0.999922454 0.010978013 0.005872615 -0.486980826 -0.010970527 0.999938965 -0.001305411 -2.768945217 -0.005886587 0.001240885 0.999981880 186.964630127
0.999927044 0.010445643 0.006057936 -0.486605674 -0.010442653 0.999945343 -0.000525231 -2.788284302 -0.006063091 0.000461931 0.999981523 188.370635986
0.999943912 0.008556551 0.006234015 -0.487589866 -0.008556095 0.999963343 -0.000100004 -2.803303242 -0.006234643 0.000046660 0.999980569 189.809768677
0.999965250 0.005777373 0.006009272 -0.473684609 -0.005781743 0.999983013 0.000709918 -2.835772276 -0.006005069 -0.000744637 0.999981701 191.256301880
0.999972999 0.003475027 0.006469923 -0.481086761 -0.003479900 0.999993622 0.000741971 -2.858604670 -0.006467304 -0.000764466 0.999978840 192.667633057
0.999977469 0.000011117 0.006708322 -0.463248312 -0.000023385 0.999998450 0.001828789 -2.879166365 -0.006708290 -0.001828904 0.999975801 194.112762451
0.999965966 -0.004534428 0.006884267 -0.449525714 0.004510941 0.999983966 0.003423476 -2.898953676 -0.006899680 -0.003392305 0.999970436 195.552505493
0.999947250 -0.007049534 0.007467941 -0.444394559 0.007025828 0.999970198 0.003195768 -2.917793751 -0.007490247 -0.003143131 0.999966979 196.978775024
0.999956667 -0.004618809 0.008083919 -0.448389232 0.004628386 0.999988616 -0.001166455 -2.937917233 -0.008078439 0.001203820 0.999966562 198.410278320
0.999963939 0.002435902 0.008132908 -0.447038293 -0.002384896 0.999977469 -0.006275362 -2.958887577 -0.008148009 0.006255740 0.999947190 199.848388672
0.999881327 0.011830667 0.009861436 -0.461826533 -0.011768609 0.999910712 -0.006327347 -2.989191294 -0.009935413 0.006210541 0.999931335 201.291854858
0.999743879 0.019804316 0.010941299 -0.471728027 -0.019776020 0.999800861 -0.002688237 -3.015588999 -0.010992358 0.002471173 0.999936521 202.724334717
0.999738097 0.019917784 0.011278613 -0.455134451 -0.019915083 0.999801636 -0.000351518 -3.044594765 -0.011283376 0.000126812 0.999936283 204.187484741
0.999765098 0.018496037 0.011301028 -0.454968750 -0.018494351 0.999829054 -0.000253537 -3.060359478 -0.011303783 0.000044472 0.999936104 205.621551514
0.999843836 0.014860511 0.009565530 -0.428852171 -0.014860434 0.999889553 -0.000079047 -3.086278915 -0.009565648 -0.000063113 0.999954224 207.081314087
0.999868870 0.013120394 0.009492809 -0.448135644 -0.013116447 0.999913871 -0.000477953 -3.111554146 -0.009498262 0.000353378 0.999954820 208.508758545
0.999872744 0.013439385 0.008597277 -0.433490545 -0.013431757 0.999909341 -0.000944502 -3.132916927 -0.008609191 0.000828905 0.999962568 209.982086182
0.999856055 0.014740659 0.008402918 -0.433932036 -0.014734047 0.999891102 -0.000848320 -3.159373283 -0.008414508 0.000724389 0.999964297 211.427627563
0.999844432 0.015563133 0.008302860 -0.427513093 -0.015566633 0.999878764 0.000357017 -3.188082218 -0.008296298 -0.000486209 0.999965489 212.887588501
0.999855697 0.014914241 0.008129949 -0.429861099 -0.014914555 0.999888778 -0.000021628 -3.216689587 -0.008129366 -0.000099630 0.999966979 214.361511230
0.999870896 0.014062441 0.007770767 -0.421156287 -0.014055594 0.999900818 -0.000934993 -3.245713234 -0.007783145 0.000825649 0.999969423 215.838821411
0.999880195 0.013595787 0.007396919 -0.420355588 -0.013584164 0.999906421 -0.001619297 -3.260936737 -0.007418243 0.001518622 0.999971330 217.300659180
0.999877751 0.013952098 0.007055451 -0.420855165 -0.013939743 0.999901235 -0.001797231 -3.284883261 -0.007079829 0.001698660 0.999973416 218.773086548
0.999869525 0.014559045 0.006999548 -0.428215206 -0.014545500 0.999892175 -0.001982354 -3.309626818 -0.007027654 0.001880284 0.999973476 220.245498657
0.999869406 0.014701274 0.006712900 -0.421021074 -0.014689134 0.999890387 -0.001854100 -3.341826916 -0.006739423 0.001755252 0.999975801 221.729965210
0.999861896 0.015386672 0.006278337 -0.435311735 -0.015373028 0.999879360 -0.002215790 -3.367382050 -0.006311673 0.002118967 0.999977827 223.203018188
0.999862313 0.015425581 0.006113688 -0.437016845 -0.015411525 0.999878466 -0.002339558 -3.394299507 -0.006149034 0.002245015 0.999978542 224.686004639
0.999858856 0.015613756 0.006201604 -0.461434245 -0.015599297 0.999875426 -0.002373117 -3.416173458 -0.006237886 0.002276042 0.999977946 226.172470093
0.999875128 0.014593749 0.006069427 -0.461579025 -0.014579996 0.999891043 -0.002304549 -3.444839478 -0.006102398 0.002215770 0.999978900 227.662216187
0.999897242 0.013025718 0.005988161 -0.465584457 -0.013013357 0.999913096 -0.002098539 -3.478430510 -0.006014975 0.002020398 0.999979854 229.168777466
0.999913216 0.011617380 0.006208587 -0.469960332 -0.011607841 0.999931395 -0.001570362 -3.509665251 -0.006226405 0.001498157 0.999979436 230.664688110
0.999922872 0.010633890 0.006414551 -0.470394611 -0.010624815 0.999942482 -0.001447202 -3.525918484 -0.006429572 0.001378937 0.999978364 232.165740967
0.999920309 0.010890961 0.006381963 -0.466754705 -0.010884421 0.999940157 -0.001058789 -3.552628994 -0.006393113 0.000989240 0.999979019 233.673080444
0.999919474 0.010983773 0.006375319 -0.468469858 -0.010975010 0.999938786 -0.001408014 -3.586295605 -0.006390394 0.001337931 0.999978662 235.175888062
0.999908805 0.011781008 0.006599472 -0.467767477 -0.011766423 0.999928176 -0.002244220 -3.609446764 -0.006625440 0.002166363 0.999975622 236.682083130
0.999881089 0.013607212 0.007257408 -0.474190265 -0.013596124 0.999906301 -0.001575169 -3.636488199 -0.007278162 0.001476309 0.999972403 238.183242798
0.999876201 0.013540428 0.008017834 -0.475733936 -0.013545395 0.999908030 0.000565515 -3.663831949 -0.008009438 -0.000674050 0.999967694 239.691436768
0.999875128 0.013329853 0.008499142 -0.469120502 -0.013340862 0.999910295 0.001239841 -3.691066504 -0.008481852 -0.001353072 0.999963164 241.196044922
0.999870241 0.013525723 0.008741940 -0.456564099 -0.013523369 0.999908447 -0.000328634 -3.717060804 -0.008745586 0.000210371 0.999961674 242.690246582
0.999866784 0.013281038 0.009491945 -0.449754059 -0.013267140 0.999910772 -0.001525794 -3.739907265 -0.009511361 0.001399660 0.999953806 244.203140259
0.999858499 0.013845393 0.009557261 -0.438064307 -0.013835547 0.999903619 -0.001095931 -3.769984722 -0.009571515 0.000963546 0.999953747 245.755172729
0.999866068 0.013542746 0.009191217 -0.420820296 -0.013542362 0.999908268 -0.000104154 -3.795032740 -0.009191785 -0.000020330 0.999957740 247.290267944
0.999857068 0.014088078 0.009340510 -0.423308372 -0.014092247 0.999900639 0.000380746 -3.822541952 -0.009334217 -0.000512320 0.999956310 248.821563721
0.999861181 0.014000505 0.009030050 -0.410996497 -0.014007181 0.999901652 0.000676613 -3.849079609 -0.009019689 -0.000803004 0.999958992 250.354324341
0.999835551 0.015703386 0.009070001 -0.409698337 -0.015709983 0.999876380 0.000656457 -3.869753361 -0.009058570 -0.000798839 0.999958575 251.879272461
0.999813437 0.016916968 0.009319381 -0.406873882 -0.016924176 0.999856532 0.000695457 -3.894826889 -0.009306277 -0.000853050 0.999956310 253.410293579
0.999807596 0.017165476 0.009494281 -0.407281309 -0.017175755 0.999851942 0.001002092 -3.919113636 -0.009475674 -0.001164970 0.999954402 254.954025269
0.999827862 0.015788518 0.009749847 -0.406389326 -0.015801221 0.999874353 0.001227229 -3.942020655 -0.009729247 -0.001381077 0.999951720 256.498748779
0.999859273 0.014171810 0.008978905 -0.385992587 -0.014188256 0.999897718 0.001770465 -3.959048986 -0.008952896 -0.001897610 0.999958158 258.035461426
0.999885499 0.011614650 0.009700614 -0.391186267 -0.011639550 0.999929070 0.002514307 -3.983423948 -0.009670723 -0.002626930 0.999949813 259.563629150
0.999897659 0.010516339 0.009693212 -0.382857054 -0.010534884 0.999942720 0.001864175 -4.006478786 -0.009673053 -0.001966102 0.999951363 261.098052979
0.999911606 0.009384786 0.009414627 -0.380605310 -0.009394578 0.999955356 0.000996578 -4.035652161 -0.009404853 -0.001084936 0.999955177 262.636474609
0.999919355 0.007701959 0.010105781 -0.374510646 -0.007727177 0.999967098 0.002458584 -4.052720070 -0.010086513 -0.002536475 0.999945879 264.173126221
0.999921858 0.006120229 0.010901229 -0.383980006 -0.006167242 0.999971807 0.004284305 -4.074954987 -0.010874700 -0.004351201 0.999931395 265.686126709
0.999925137 0.005231721 0.011060539 -0.374768674 -0.005271332 0.999979794 0.003555142 -4.094721794 -0.011041715 -0.003613180 0.999932528 267.225708008
0.999925971 0.004537862 0.011288479 -0.357510954 -0.004565665 0.999986589 0.002438384 -4.112345695 -0.011277263 -0.002489743 0.999933243 268.779663086
0.999924421 0.005185121 0.011150128 -0.339606762 -0.005212376 0.999983430 0.002416712 -4.138798714 -0.011137413 -0.002474647 0.999934912 270.324005127
0.999886274 0.007440173 0.013117955 -0.336496204 -0.007471489 0.999969363 0.002339990 -4.164606094 -0.013100145 -0.002437734 0.999911189 271.881622314
0.999860644 0.008992120 0.014062099 -0.328261465 -0.009018036 0.999957740 0.001780624 -4.183445930 -0.014045493 -0.001907188 0.999899566 273.418579102
0.999828279 0.010705512 0.015124955 -0.318185329 -0.010728889 0.999941289 0.001465256 -4.206027985 -0.015108382 -0.001627278 0.999884546 274.966247559
0.999803483 0.011480357 0.016162703 -0.299879402 -0.011503295 0.999932885 0.001326854 -4.235887051 -0.016146386 -0.001512517 0.999868512 276.503051758
0.999771357 0.012886284 0.017062772 -0.275498360 -0.012899587 0.999916494 0.000669885 -4.272270679 -0.017052712 -0.000889834 0.999854207 278.044799805
0.999761283 0.011851843 0.018353373 -0.257621586 -0.011859893 0.999929607 0.000329909 -4.295739651 -0.018348170 -0.000547500 0.999831498 279.615081787
0.999766588 0.011269121 0.018432286 -0.220868707 -0.011280657 0.999936223 0.000521958 -4.321122646 -0.018425228 -0.000729765 0.999829948 281.199218750
0.999763072 0.010201779 0.019235894 -0.201138869 -0.010230158 0.999946713 0.001377380 -4.341363907 -0.019220818 -0.001573839 0.999814034 282.794128418
0.999768734 0.009132864 0.019469174 -0.181503758 -0.009171010 0.999956191 0.001870868 -4.367740154 -0.019451234 -0.002048988 0.999808669 284.364440918
0.999780774 0.008726669 0.019032905 -0.145063937 -0.008716341 0.999961793 -0.000625508 -4.398369789 -0.019037636 0.000459473 0.999818683 285.947082520
0.999792874 0.007615301 0.018875262 -0.118916526 -0.007558597 0.999966621 -0.003073710 -4.422515392 -0.018898040 0.002930403 0.999817133 287.522705078
0.999805629 0.007649577 0.018168004 -0.096510790 -0.007597308 0.999966800 -0.002944284 -4.451351643 -0.018189922 0.002805685 0.999830604 289.080352783
0.999831021 0.006630769 0.017145816 -0.077448823 -0.006580123 0.999973774 -0.003008610 -4.478329659 -0.017165313 0.002895279 0.999848485 290.642364502
0.999851942 0.006527935 0.015921770 -0.061336752 -0.006468800 0.999971986 -0.003762738 -4.505124569 -0.015945883 0.003659186 0.999866188 292.184051514
0.999856651 0.006627098 0.015581318 -0.050611205 -0.006565941 0.999970496 -0.003972815 -4.535336971 -0.015607187 0.003869940 0.999870658 293.756652832
0.999866605 0.006868649 0.014820560 -0.029393004 -0.006816508 0.999970376 -0.003565821 -4.565462589 -0.014844614 0.003464321 0.999883771 295.337249756
0.999883235 0.006534562 0.013813721 -0.012059856 -0.006486902 0.999972880 -0.003492260 -4.596514225 -0.013836164 0.003402243 0.999898493 296.918090820
0.999904990 0.006054635 0.012382458 0.006708406 -0.006029178 0.999979615 -0.002092226 -4.626585007 -0.012394873 0.002017371 0.999921143 298.481933594
0.999893665 0.008488392 0.011858262 0.017368224 -0.008476539 0.999963522 -0.001049435 -4.653269768 -0.011866738 0.000948807 0.999929070 300.050720215
0.999898076 0.007450171 0.012180844 0.032113463 -0.007444813 0.999972165 -0.000485146 -4.686841965 -0.012184119 0.000394413 0.999925613 301.618347168
0.999883950 0.007883293 0.013031885 0.043958731 -0.007874573 0.999968648 -0.000720320 -4.711905479 -0.013037157 0.000617615 0.999914825 303.222656250
0.999889016 0.006610149 0.013352303 0.056473650 -0.006595741 0.999977589 -0.001122720 -4.732721806 -0.013359426 0.001034527 0.999910235 304.817321777
0.999904096 0.004639902 0.013049094 0.079010591 -0.004615148 0.999987483 -0.001926430 -4.763996601 -0.013057870 0.001866022 0.999912918 306.419128418
0.999897897 0.003591033 0.013839157 0.092085131 -0.003535798 0.999985635 -0.004013672 -4.788515568 -0.013853372 0.003964330 0.999896109 308.008789062
0.999907076 0.002674327 0.013363476 0.107857138 -0.002608626 0.999984384 -0.004931397 -4.826502323 -0.013376457 0.004896079 0.999898553 309.597259521
0.999934912 0.003268980 0.010931456 0.119689815 -0.003201189 0.999975622 -0.006213317 -4.852367878 -0.010951502 0.006177919 0.999920964 311.205108643
0.999945581 0.004657019 0.009337476 0.121298864 -0.004607102 0.999975026 -0.005360342 -4.886524677 -0.009362207 0.005317030 0.999942064 312.844055176
0.999943316 0.005877839 0.008885105 0.126939654 -0.005856480 0.999979913 -0.002428045 -4.912631989 -0.008899199 0.002375871 0.999957621 314.476928711
0.999937892 0.004741003 0.010088461 0.138177693 -0.004748715 0.999988377 0.000740522 -4.941121578 -0.010084831 -0.000788383 0.999948859 316.124450684
0.999945998 0.004037822 0.009569790 0.154746607 -0.004052435 0.999990523 0.001508102 -4.965379715 -0.009563611 -0.001546801 0.999953091 317.742065430
0.999937654 0.003660223 0.010541478 0.149758920 -0.003657874 0.999993265 -0.000242179 -4.980792046 -0.010542292 0.000203605 0.999944389 319.372375488
0.999937117 0.002467788 0.010940211 0.155824706 -0.002468164 0.999996901 0.000020899 -5.005368710 -0.010940127 -0.000047900 0.999940157 320.993988037
0.999930501 0.002499853 0.011519675 0.145935789 -0.002502570 0.999996841 0.000221381 -5.032679081 -0.011519084 -0.000250195 0.999933600 322.594177246
0.999923170 0.002559625 0.012128640 0.158384725 -0.002561615 0.999996662 0.000148499 -5.059420109 -0.012128218 -0.000179557 0.999926448 324.216278076
0.999921918 0.003210500 0.012081207 0.173738912 -0.003203362 0.999994695 -0.000610151 -5.086576462 -0.012083103 0.000571402 0.999926865 325.831878662
0.999895096 0.005254182 0.013497236 0.176352516 -0.005232556 0.999984980 -0.001636996 -5.118659496 -0.013505635 0.001566199 0.999907553 327.435241699
0.999898612 0.003649402 0.013766686 0.197621718 -0.003659311 0.999993086 0.000694687 -5.152214050 -0.013764056 -0.000744993 0.999904990 329.070098877
0.999895036 0.002687390 0.014236792 0.208520338 -0.002708668 0.999995172 0.001475546 -5.183228970 -0.014232758 -0.001513954 0.999897540 330.662567139
0.999906659 0.001256185 0.013605095 0.238617599 -0.001259888 0.999999106 0.000263619 -5.210909367 -0.013604753 -0.000280735 0.999907434 332.302520752
0.999908149 0.001883843 0.013427967 0.255532622 -0.001886802 0.999998093 0.000207704 -5.236541748 -0.013427552 -0.000233021 0.999909818 333.923889160
0.999908209 0.004137399 0.012901819 0.265066326 -0.004121056 0.999990702 -0.001292948 -5.274188519 -0.012907049 0.001239661 0.999915898 335.557281494
0.999913692 0.005528330 0.011919145 0.280764341 -0.005477224 0.999975801 -0.004315977 -5.301598549 -0.011942716 0.004250320 0.999919653 337.179840088
0.999914885 0.006717789 0.011181047 0.284514517 -0.006676828 0.999970794 -0.003696680 -5.337016106 -0.011205552 0.003621711 0.999930680 338.780700684
0.999915242 0.008078046 0.010211268 0.288908869 -0.008069970 0.999967098 -0.000831855 -5.364869118 -0.010217653 0.000749380 0.999947548 340.350769043
0.999927878 0.008371604 0.008610337 0.302054316 -0.008395772 0.999960840 0.002774463 -5.398513794 -0.008586774 -0.002846553 0.999958992 341.981140137
0.999937356 0.008699375 0.007047005 0.308554888 -0.008710791 0.999960780 0.001590912 -5.423109055 -0.007032890 -0.001652198 0.999973834 343.587554932
0.999954760 0.008034318 0.005097192 0.308294743 -0.008034256 0.999967754 -0.000032686 -5.448857784 -0.005097290 -0.000008268 0.999987006 345.171234131
0.999971569 0.006876542 0.003095173 0.315478355 -0.006880603 0.999975502 0.001303422 -5.477673054 -0.003086134 -0.001324682 0.999994338 346.751922607
0.999986410 0.004977657 0.001576342 0.318810612 -0.004980441 0.999986053 0.001766981 -5.501930237 -0.001567525 -0.001774808 0.999997199 348.357391357
0.999984503 0.005247982 0.001854701 0.297540247 -0.005249936 0.999985695 0.001050287 -5.529059887 -0.001849162 -0.001060008 0.999997735 349.927185059
0.999991000 0.003858968 0.001771750 0.293649733 -0.003859637 0.999992490 0.000374591 -5.559731007 -0.001770291 -0.000381426 0.999998331 351.527069092
0.999990761 0.003957166 0.001665514 0.291398048 -0.003957157 0.999992192 -0.000008854 -5.581199169 -0.001665536 0.000002263 0.999998569 353.121734619
0.999992788 0.003211467 0.002025489 0.282396317 -0.003211327 0.999994874 -0.000072412 -5.611658096 -0.002025711 0.000065907 0.999997914 354.723449707
0.999992490 0.003484573 0.001711750 0.280729175 -0.003482897 0.999993443 -0.000980734 -5.635402203 -0.001715157 0.000974765 0.999998033 356.318023682
0.999994874 0.002818638 0.001483989 0.278453529 -0.002816333 0.999994814 -0.001553131 -5.661749840 -0.001488359 0.001548944 0.999997675 357.930023193
0.999995351 0.002324031 0.001995821 0.268316984 -0.002321483 0.999996483 -0.001278135 -5.690036774 -0.001998784 0.001273495 0.999997199 359.517822266
0.999995589 0.002566040 0.001438751 0.278174490 -0.002562820 0.999994159 -0.002235561 -5.719987869 -0.001444479 0.002231865 0.999996483 361.143951416
0.999998510 0.001126558 0.001325482 0.277804464 -0.001121465 0.999992013 -0.003836492 -5.749176979 -0.001329793 0.003835000 0.999991775 362.736389160
0.999998748 -0.000706654 0.001434728 0.269921809 0.000709218 0.999998152 -0.001787415 -5.780179501 -0.001433462 0.001788431 0.999997318 364.333190918
0.999996662 -0.002543237 0.000478695 0.284693807 0.002543640 0.999996424 -0.000842996 -5.813739300 -0.000476549 0.000844211 0.999999583 365.940887451
0.999995589 -0.002699059 0.001239772 0.279844165 0.002701406 0.999994576 -0.001895529 -5.841578960 -0.001234649 0.001898869 0.999997437 367.506927490
0.999996424 -0.001189446 0.002393321 0.257464141 0.001195683 0.999995887 -0.002606099 -5.865087986 -0.002390211 0.002608951 0.999993742 369.129455566
0.999996841 -0.000308836 0.002488382 0.249484926 0.000312596 0.999998808 -0.001510773 -5.901929379 -0.002487913 0.001511547 0.999995768 370.700683594
0.999995947 0.001412522 0.002471934 0.249883980 -0.001410861 0.999998748 -0.000673478 -5.926723957 -0.002472882 0.000669988 0.999996722 372.307373047
0.999995530 0.000669025 0.002891279 0.247331396 -0.000667340 0.999999523 -0.000583716 -5.966660500 -0.002891668 0.000581784 0.999995649 373.887573242
0.999995410 0.000813319 0.002899988 0.236196175 -0.000806312 0.999996722 -0.002416490 -5.979578018 -0.002901944 0.002414141 0.999992907 375.475555420
0.999992430 0.001374660 0.003638401 0.231431842 -0.001368363 0.999997556 -0.001732551 -6.023600578 -0.003640774 0.001727559 0.999991834 377.071411133
0.999991536 0.001546528 0.003794037 0.241776481 -0.001538890 0.999996781 -0.002015282 -6.051241398 -0.003797141 0.002009426 0.999990761 378.701171875
0.999986112 0.003311190 0.004087626 0.227869436 -0.003303339 0.999992669 -0.001925845 -6.077022076 -0.004093973 0.001912317 0.999989808 380.299713135
0.999977469 0.005008765 0.004470519 0.228566438 -0.005002198 0.999986351 -0.001479063 -6.104868889 -0.004477867 0.001456668 0.999988914 381.904083252
0.999964178 0.006657764 0.005230388 0.208883762 -0.006644409 0.999974549 -0.002566462 -6.129099369 -0.005247342 0.002531617 0.999982953 383.533477783
