1.000000000 0.000000000 0.000000000 0.000000000 0.000000000 1.000000000 0.000000000 0.000000000 0.000000000 0.000000000 1.000000000 0.000000000
0.999873877 0.001499284 0.015812611 0.010831674 -0.001483900 0.999998391 -0.000984590 -0.002468017 -0.015814062 0.000961002 0.999874473 0.128036618
0.999293566 0.004295423 0.037335690 0.027579872 -0.004284033 0.999990761 -0.000385075 -0.004502144 -0.037337001 0.000224856 0.999302685 0.274101704
0.997896373 0.005952675 0.064555779 0.056585971 -0.006028726 0.999981344 0.000983322 -0.004234919 -0.064548723 -0.001370443 0.997913599 0.436870545
0.995120585 0.005742980 0.098500371 0.103421181 -0.006093326 0.999976099 0.003256318 -0.003239695 -0.098479331 -0.003840623 0.995131671 0.612971067
0.990609586 0.002580506 0.136696801 0.163336530 -0.003326443 0.999980807 0.005228729 -0.003889349 -0.136680648 -0.005634343 0.990599155 0.799437881
0.984347999 -0.000337982 0.176235408 0.238732979 -0.000598159 0.999985993 0.005258724 -0.000996406 -0.176234692 -0.005281831 0.984334052 0.996886790
0.975521207 -0.000177117 0.219905570 0.320069700 -0.001265265 0.999978662 0.006418235 0.004540261 -0.219901994 -0.006539364 0.975500047 1.205561757
0.963445365 -0.000344482 0.267904669 0.415530294 -0.002278710 0.999952435 0.009480529 0.002381871 -0.267895162 -0.009744448 0.963398695 1.407242894
0.948930800 -0.004047891 0.315458179 0.531278670 -0.001267697 0.999860704 0.016643357 -0.001854008 -0.315481633 -0.016193299 0.948793530 1.622658491
0.931974053 -0.013486295 0.362274051 0.676531613 0.004871084 0.999683559 0.024683801 -0.006530782 -0.362492293 -0.021239996 0.931744754 1.841534972
0.910592079 -0.018595541 0.412887722 0.833457828 0.007358848 0.999558449 0.028788507 -0.001409262 -0.413240761 -0.023176206 0.910326838 2.062990904
0.885132611 -0.019612949 0.464925319 1.001515508 0.005006655 0.999454916 0.032630406 0.002351562 -0.465311915 -0.026554519 0.884748459 2.291456223
0.856841624 -0.021952970 0.515112102 1.176695108 0.003126765 0.999295950 0.037386760 0.003470644 -0.515570164 -0.030423900 0.856307030 2.493940115
0.824114501 -0.025826747 0.565834045 1.370662928 0.002906324 0.999139607 0.041371461 0.011798749 -0.566415608 -0.032450330 0.823480487 2.710663319
0.788165689 -0.032176238 0.614621460 1.607972741 0.005673509 0.998969913 0.045021895 0.009354465 -0.615436971 -0.031997658 0.787536383 2.923077106
0.749832392 -0.036030915 0.660646021 1.851070404 0.006113941 0.998850882 0.047536906 0.017959429 -0.661599636 -0.031605568 0.749190986 3.132149458
0.709672809 -0.038719591 0.703466654 2.118112803 0.006633442 0.998811662 0.048283745 0.033890679 -0.704500198 -0.029599257 0.709086299 3.337171078
0.667405665 -0.041146301 0.743556798 2.419603586 0.005972567 0.998736143 0.049906302 0.038997296 -0.744670451 -0.028866809 0.666807830 3.553496361
0.624450743 -0.040281415 0.780024827 2.733704567 0.000610947 0.998694241 0.051084671 0.067362562 -0.781063974 -0.031423308 0.623659968 3.770814180
0.582622886 -0.040494241 0.811733186 3.078967571 -0.002929370 0.998646915 0.051921207 0.083970539 -0.812737286 -0.032628346 0.581716001 3.977209568
0.541965067 -0.042109095 0.839345455 3.452607155 -0.004107018 0.998599291 0.052750595 0.103644222 -0.840391040 -0.032036185 0.541032910 4.186562538
0.503184915 -0.043550637 0.863080740 3.860540152 -0.006930914 0.998493910 0.054424305 0.123609357 -0.864151001 -0.033367425 0.502125144 4.392309666
0.465849489 -0.043482594 0.883794963 4.329555035 -0.009079542 0.998504341 0.053912122 0.152591109 -0.884817302 -0.033139385 0.464757979 4.627091885
0.428686708 -0.042650953 0.902445972 4.787016869 -0.010355535 0.998587370 0.052113917 0.173587918 -0.903393865 -0.031685852 0.427639544 4.825656891
0.395179927 -0.041249909 0.917677104 5.274433136 -0.009130128 0.998765469 0.048826579 0.195607901 -0.918558419 -0.027673794 0.394315481 5.004079819
0.366179317 -0.039312761 0.929713547 5.791857243 -0.006975096 0.998963177 0.044988200 0.221511602 -0.930518150 -0.022958586 0.365525424 5.171092987
0.341150016 -0.037856154 0.939246297 6.332901001 -0.005325429 0.999094903 0.042202629 0.241383970 -0.939993799 -0.019399317 0.340639621 5.340116501
0.321106642 -0.037092250 0.946316421 6.904270172 -0.004086054 0.999169230 0.040550385 0.266462743 -0.947034180 -0.016887700 0.320688277 5.515906811
0.306356430 -0.037415579 0.951181293 7.504182339 -0.003134277 0.999182224 0.040313222 0.294285744 -0.951911747 -0.015331481 0.305988580 5.701971531
0.294738412 -0.039001126 0.954781711 8.123281479 -0.001780370 0.999142706 0.041362785 0.315499634 -0.955576301 -0.013891065 0.294416249 5.882911682
0.283889025 -0.041002609 0.957980096 8.770571709 -0.003448971 0.999035299 0.043781891 0.334287316 -0.958850920 -0.015733244 0.283473700 6.075490952
0.273267418 -0.042731691 0.960988522 9.448567390 -0.004667000 0.998942196 0.045746479 0.362333834 -0.961926818 -0.016985951 0.272778898 6.265926361
0.263082653 -0.044260021 0.963757455 10.144343376 -0.005802541 0.998856544 0.047455877 0.391233414 -0.964755833 -0.018077062 0.262524962 6.456319809
0.252475053 -0.046130259 0.966503143 10.864960670 -0.006606739 0.998757541 0.049395576 0.421914667 -0.967580855 -0.018856585 0.251856565 6.651649952
0.242044300 -0.047011185 0.969125688 11.593813896 -0.007118609 0.998712659 0.050224330 0.456162304 -0.970239043 -0.019055339 0.241398066 6.833384037
0.232800514 -0.048256166 0.971326530 12.366238594 -0.007118953 0.998656869 0.051320173 0.495257020 -0.972498417 -0.018862192 0.232144326 6.999914169
0.222392291 -0.051048003 0.973619878 13.144774437 -0.008386090 0.998491228 0.054267567 0.529751956 -0.974921286 -0.020233553 0.221628666 7.176084995
0.211100295 -0.054891177 0.975921869 13.933469772 -0.010109780 0.998246074 0.058333635 0.562803090 -0.977412164 -0.022180606 0.210175097 7.347147942
0.199494079 -0.059418909 0.978095829 14.712354660 -0.010684083 0.997968674 0.062805310 0.589623153 -0.979840755 -0.022979345 0.198453993 7.491666794
0.185487866 -0.061494891 0.980720460 15.499195099 -0.011927523 0.997825444 0.064823337 0.622788787 -0.982574165 -0.023721511 0.184351042 7.654916763
0.171922892 -0.062013555 0.983156562 16.299781799 -0.013623630 0.997771502 0.065317750 0.657286525 -0.985016227 -0.024623781 0.170694917 7.789401054
0.157592833 -0.060861729 0.985626876 17.111761093 -0.014719692 0.997843385 0.063969627 0.698267698 -0.987394512 -0.024589285 0.156357095 7.916733265
0.141575336 -0.059431657 0.988141894 17.933506012 -0.015390049 0.997943461 0.062226180 0.738260806 -0.989807904 -0.024017243 0.140369520 8.022924423
0.120958395 -0.057914078 0.990966737 18.756383896 -0.018511752 0.997991323 0.060584191 0.772530973 -0.992484987 -0.025672695 0.119643353 8.123763084
0.094863489 -0.056375843 0.993892670 19.567102432 -0.022564910 0.998016894 0.058763523 0.811075866 -0.995234549 -0.028001614 0.093403257 8.208260536
0.064850807 -0.056311749 0.996304870 20.418411255 -0.026676137 0.997951865 0.058141224 0.837626457 -0.997538328 -0.030348072 0.063215807 8.252567291
0.031312138 -0.055753339 0.997953475 21.272418976 -0.030124854 0.997936785 0.056697607 0.877782166 -0.999055564 -0.031838533 0.029567979 8.276803970
-0.003794706 -0.055096727 0.998473883 22.098308563 -0.031737391 0.997984707 0.054949109 0.909399152 -0.999489009 -0.031480439 -0.005535671 8.274260521
-0.037050527 -0.053949289 0.997856140 22.938522339 -0.032830898 0.998068273 0.052741744 0.936545134 -0.998773932 -0.030806405 -0.038750153 8.231690407
-0.069922544 -0.052615844 0.996163905 23.777290344 -0.033932973 0.998155534 0.050339222 0.956298530 -0.996975064 -0.030282956 -0.071578979 8.161940575
-0.102441378 -0.050109513 0.993476093 24.657533646 -0.037678983 0.998209059 0.046463009 0.980941355 -0.994025171 -0.032673433 -0.104145996 8.084469795
-0.135153130 -0.045265369 0.989790201 25.500257492 -0.034955114 0.998551846 0.040893033 1.004687548 -0.990207970 -0.029071407 -0.136539668 7.957966328
-0.166569605 -0.039327208 0.985245168 26.329971313 -0.029318433 0.998960078 0.034917958 1.020084381 -0.985593677 -0.023069577 -0.167549402 7.799443245
-0.195695490 -0.033004478 0.980109096 27.149623871 -0.022064026 0.999328732 0.029246222 1.028835297 -0.980416477 -0.015901798 -0.196292326 7.605679989
-0.225011185 -0.027432336 0.973969936 27.995178223 -0.016223786 0.999570429 0.024405289 1.032743812 -0.974221110 -0.010310015 -0.225359589 7.402174473
-0.253091514 -0.021231217 0.967209399 28.815563202 -0.007516621 0.999772131 0.019979114 1.035774350 -0.967413127 -0.002213601 -0.253193468 7.170231819
-0.279015750 -0.010752965 0.960226297 29.614267349 -0.001052463 0.999940157 0.010891880 1.030040622 -0.960285962 0.002028403 -0.279010415 6.916021824
-0.304475784 0.005151036 0.952506125 30.403064728 0.003724413 0.999984145 -0.004217253 1.019594669 -0.952512801 0.002263475 -0.304490119 6.648822308
-0.329183221 0.021853905 0.944013119 31.181081772 0.003873349 0.999754965 -0.021793667 0.994204938 -0.944258034 -0.003517618 -0.329187244 6.367751122
-0.354222238 0.036706157 0.934440613 31.949680328 0.004481211 0.999284506 -0.037554607 0.961735904 -0.935150445 -0.009115252 -0.354133278 6.067757130
-0.378794461 0.046780270 0.924297750 32.707817078 0.007918314 0.998848855 -0.047308359 0.916341901 -0.925446868 -0.010601267 -0.378728867 5.746629238
-0.401806563 0.051448088 0.914278150 33.442050934 0.011409041 0.998624265 -0.051180355 0.869001269 -0.915653467 -0.010133564 -0.401840776 5.407512188
-0.424684316 0.051047128 0.903901279 34.196311951 0.015031880 0.998669088 -0.049336571 0.813590944 -0.905216694 -0.007365134 -0.424886495 5.048017979
-0.444497705 0.046748303 0.894559443 34.932704926 0.018541096 0.998903513 -0.042988289 0.759463668 -0.895588100 -0.002522084 -0.444877148 4.661652565
-0.462603003 0.045566548 0.885393798 35.661361694 0.026531011 0.998942614 -0.037548304 0.707607329 -0.886168480 0.006120433 -0.463322788 4.267125607
-0.476117253 0.045892783 0.878183484 36.365367889 0.028502066 0.998917937 -0.036749497 0.660645545 -0.878919780 0.007532971 -0.476910114 3.874737024
-0.487016201 0.050134055 0.871952891 37.060451508 0.032149613 0.998703659 -0.039465066 0.616697490 -0.872801006 0.008812819 -0.487996638 3.471784353
-0.496921837 0.052514866 0.866204858 37.757362366 0.033012532 0.998588741 -0.041602287 0.568916500 -0.867167175 0.007922533 -0.497954190 3.068031788
-0.507911921 0.051657464 0.859858751 38.435371399 0.026885753 0.998664677 -0.044115260 0.518100441 -0.860989332 0.000711283 -0.508622468 2.675300598
-0.519013762 0.050236523 0.853288293 39.157119751 0.026140425 0.998737335 -0.042899743 0.469976902 -0.854366004 0.000039757 -0.519671679 2.248717070
-0.527438283 0.051643994 0.848022282 39.829944611 0.028253982 0.998664796 -0.043245107 0.427259266 -0.849123478 0.001150878 -0.528193235 1.818355560
-0.534593403 0.054693390 0.843337715 40.508129120 0.031293772 0.998500288 -0.044919048 0.380291253 -0.844529808 0.002377791 -0.535503268 1.384369135
-0.537991345 0.057538096 0.840984285 41.206680298 0.032724135 0.998341262 -0.047369909 0.330746859 -0.842314839 0.002035887 -0.538981795 0.932567060
-0.537781000 0.059779711 0.840962648 41.909996033 0.032375965 0.998211622 -0.050253868 0.283338845 -0.842462778 0.000201404 -0.538754523 0.485392541
-0.534158289 0.059920643 0.843258262 42.635688782 0.034290038 0.998199761 -0.049209666 0.233805031 -0.844688773 0.002629613 -0.535251200 0.020875121
-0.528728247 0.058754839 0.846755147 43.369789124 0.032731056 0.998270631 -0.048830401 0.177745610 -0.848159850 0.001897183 -0.529736936 -0.421786189
-0.521793962 0.057418883 0.851136923 44.126228333 0.030368052 0.998350084 -0.048732791 0.129884407 -0.852530837 0.000418892 -0.522676885 -0.871427298
-0.514357150 0.057168428 0.855668366 44.900115967 0.028682699 0.998364151 -0.049460460 0.080145769 -0.857096255 -0.000897466 -0.515155554 -1.334733009
-0.508767307 0.055415336 0.859118700 45.687267303 0.025559070 0.998458624 -0.049267109 0.024030089 -0.860524654 -0.003107223 -0.509399474 -1.781094432
-0.504321933 0.053268850 0.861871004 46.493614197 0.021156946 0.998558104 -0.049336996 -0.025630193 -0.863256454 -0.006647170 -0.504721820 -2.242731333
-0.502837062 0.050486006 0.862905562 47.319160461 0.016980117 0.998677194 -0.048534844 -0.081930280 -0.864214361 -0.009752879 -0.503029168 -2.713741064
-0.503605366 0.047867801 0.862606704 48.154975891 0.014119252 0.998786449 -0.047181621 -0.142644554 -0.863818407 -0.011581560 -0.503670096 -3.185206175
-0.504634261 0.046649687 0.862072051 49.000980377 0.013024966 0.998836696 -0.046426035 -0.202030405 -0.863234997 -0.012199705 -0.504654825 -3.672267675
-0.504896402 0.046032611 0.861951649 49.867134094 0.012534223 0.998862624 -0.046002328 -0.253895432 -0.863088965 -0.012422513 -0.504899144 -4.179297924
-0.505113721 0.045517739 0.861851692 50.738574982 0.012340627 0.998887002 -0.045522518 -0.309004784 -0.862964571 -0.012358260 -0.505113304 -4.685423374
-0.505126238 0.044583291 0.861892998 51.611553192 0.012616291 0.998939574 -0.044278327 -0.367850542 -0.862953126 -0.011492259 -0.505153060 -5.190859318
-0.505136192 0.044418361 0.861895740 52.497955322 0.012659614 0.998948574 -0.044061974 -0.427087277 -0.862946689 -0.011346034 -0.505167425 -5.706755638
-0.505620778 0.043043576 0.861681402 53.393325806 0.010247489 0.998983860 -0.043889184 -0.481427580 -0.862694919 -0.013361217 -0.505548120 -6.222606182
-0.505770028 0.041967168 0.861646831 54.277347565 0.009244199 0.999022245 -0.043231972 -0.543131709 -0.862618685 -0.013900204 -0.505663574 -6.728747845
-0.505273998 0.041149471 0.861977339 55.167716980 0.008551875 0.999052167 -0.042680271 -0.607363462 -0.862916529 -0.014193710 -0.505146980 -7.243087769
-0.504038930 0.039745260 0.862765968 56.050983429 0.007887961 0.999110758 -0.041418042 -0.664317846 -0.863644898 -0.014070841 -0.503904223 -7.752837658
-0.501652002 0.037624955 0.864250898 56.939685822 0.008044452 0.999213457 -0.038831126 -0.723510206 -0.865032077 -0.012527293 -0.501560152 -8.268871307
-0.499357402 0.035981823 0.865648568 57.829326630 0.008213664 0.999289036 -0.036798626 -0.785245776 -0.866357148 -0.011265521 -0.499297917 -8.772950172
-0.496571392 0.035902798 0.867252946 58.717136383 0.008524470 0.999297678 -0.036488287 -0.839075506 -0.867954075 -0.010726166 -0.496528685 -9.279689789
-0.494530946 0.035810921 0.868421972 59.600715637 0.008616563 0.999303758 -0.036301289 -0.899799347 -0.869117320 -0.010469295 -0.494495183 -9.779019356
-0.493932307 0.036639668 0.868728161 60.476974487 0.008536428 0.999268055 -0.037291795 -0.950265706 -0.869458377 -0.011003786 -0.493883610 -10.270077705
-0.494666100 0.038180072 0.868244052 61.353462219 0.008312898 0.999196649 -0.039202448 -1.006878614 -0.869043410 -0.012174495 -0.494586140 -10.765635490
-0.497891605 0.039885394 0.866321564 62.228317261 0.006663306 0.999088287 -0.042168438 -1.067454696 -0.867213666 -0.015222745 -0.497703493 -11.253742218
-0.502339602 0.040265393 0.863732338 63.101696014 0.005228293 0.999038339 -0.043532345 -1.125648618 -0.864654601 -0.017352173 -0.502067029 -11.756276131
-0.507639766 0.038855311 0.860692799 63.965641022 0.007010532 0.999135792 -0.040970370 -1.186877489 -0.861540914 -0.014764274 -0.507473409 -12.266498566
-0.512763798 0.036667023 0.857746363 64.819793701 0.008307178 0.999252617 -0.037750095 -1.245074868 -0.858489573 -0.012231428 -0.512685180 -12.783385277
-0.518932462 0.034142110 0.854133129 65.690399170 0.005235401 0.999310255 -0.036764458 -1.299686193 -0.854799211 -0.014606539 -0.518753231 -13.281532288
-0.523659170 0.037339401 0.851109266 66.534805298 0.007687114 0.999205470 -0.039106984 -1.359443665 -0.851893246 -0.013936149 -0.523530066 -13.804265976
-0.528952062 0.039268754 0.847742677 67.376037598 0.007863163 0.999112904 -0.041374199 -1.407348871 -0.848615229 -0.015219035 -0.528791666 -14.320021629
-0.533952653 0.040281050 0.844554365 68.201416016 0.006346149 0.999027371 -0.043636419 -1.463069081 -0.845490575 -0.017940111 -0.533688903 -14.828024864
-0.537100852 0.040330008 0.842553377 69.003547668 0.005547433 0.999003649 -0.044282410 -1.524097681 -0.843499839 -0.019110108 -0.536789417 -15.350522995
-0.540520668 0.039967809 0.840380907 69.814704895 0.006719249 0.999044180 -0.043191984 -1.581581116 -0.841304004 -0.017699424 -0.540272534 -15.869018555
-0.542468488 0.033101808 0.839423716 70.639945984 0.007277654 0.999371052 -0.034706060 -1.629463077 -0.840044677 -0.012717909 -0.542368293 -16.401832581
-0.545089722 0.023447024 0.838049948 71.455856323 0.005552254 0.999687910 -0.024358017 -1.688029766 -0.838359356 -0.008624237 -0.545049787 -16.927709579
-0.547094882 0.022208413 0.836775959 72.270767212 0.006695569 0.999732077 -0.022155693 -1.729957104 -0.837043762 -0.006518576 -0.547096968 -17.451379776
-0.547727287 0.027162312 0.836215973 73.063552856 0.007246071 0.999589384 -0.027722852 -1.772570372 -0.836625576 -0.009125281 -0.547699153 -17.971828461
-0.549736857 0.032727208 0.834696531 73.866127014 0.007709709 0.999388456 -0.034106858 -1.814856291 -0.835302293 -0.012314533 -0.549652994 -18.477739334
-0.549004436 0.036896035 0.835004687 74.640830994 0.014466618 0.999294996 -0.034643862 -1.867035151 -0.835694253 -0.006939937 -0.549151123 -19.019351959
-0.548656940 0.038586061 0.835156679 75.432060242 0.017998189 0.999247968 -0.034343511 -1.914508104 -0.835853875 -0.003811496 -0.548938751 -19.552114487
-0.548592091 0.035111193 0.835352600 76.236030579 0.016389675 0.999377429 -0.031242007 -1.957777977 -0.835929573 -0.003447956 -0.548826039 -20.065252304
-0.547973871 0.030427204 0.835941911 77.025718689 0.014856033 0.999534547 -0.026643392 -1.995332241 -0.836363554 -0.002181100 -0.548170865 -20.581361771
-0.547950447 0.023035815 0.836193621 77.823410034 0.011960391 0.999734282 -0.019703563 -2.046524763 -0.836425304 -0.000795372 -0.548080325 -21.079380035
-0.547268033 0.017604999 0.836772203 78.657073975 0.004197135 0.999823868 -0.018290453 -2.090639353 -0.836947024 -0.006497732 -0.547245443 -21.610460281
-0.545522809 0.012502356 0.838002622 79.453620911 -0.003738937 0.999842525 -0.017350851 -2.114957571 -0.838087559 -0.012598526 -0.545390129 -22.111953735
-0.543271363 0.013354252 0.839450955 80.235122681 0.000219147 0.999875724 -0.015764514 -2.153831005 -0.839557230 -0.008380447 -0.543206751 -22.623790741
-0.540495813 0.016387016 0.841187119 81.019096375 0.004827027 0.999854207 -0.016376425 -2.197978020 -0.841332853 -0.004790956 -0.540496051 -23.120468140
-0.535020173 0.019308643 0.844618618 81.822883606 0.006382833 0.999802709 -0.018813089 -2.223408699 -0.844815254 -0.004674324 -0.535037816 -23.627069473
-0.526892662 0.022351805 0.849637866 82.619987488 0.011853525 0.999750078 -0.018950054 -2.248164654 -0.849849164 0.000086560 -0.527025938 -24.138263702
-0.518821657 0.025913686 0.854489625 83.411262512 0.019542817 0.999638677 -0.018449713 -2.285533667 -0.854659021 0.007127024 -0.519140720 -24.625175476
-0.510111094 0.025184736 0.859739721 84.210548401 0.016083507 0.999675691 -0.019741083 -2.307154894 -0.859958112 0.003757488 -0.510350764 -25.075929642
-0.498072833 0.022597197 0.866840720 85.038970947 0.012741293 0.999743164 -0.018740814 -2.332568645 -0.867041528 0.001710381 -0.498232841 -25.558923721
-0.486795098 0.018764067 0.873314559 85.824668884 0.014612641 0.999804378 -0.013336583 -2.383183956 -0.873393953 0.006269250 -0.486973971 -25.988159180
-0.475988626 0.017942706 0.879268408 86.638404846 0.014216999 0.999818265 -0.012706376 -2.414680004 -0.879336536 0.006452468 -0.476157129 -26.419628143
-0.464144707 0.017117906 0.885593951 87.447738647 0.014323489 0.999827504 -0.011818942 -2.439017534 -0.885643601 0.007199096 -0.464309812 -26.833616257
-0.451881349 0.018174794 0.891892910 88.278388977 0.016139749 0.999795377 -0.012196334 -2.468950510 -0.891932011 0.008883630 -0.452082157 -27.256481171
-0.440242618 0.021750271 0.897615373 89.115402222 0.014196694 0.999750137 -0.017262233 -2.497870922 -0.897766590 0.005143600 -0.440441430 -27.659315109
-0.428914487 0.031256564 0.902804136 89.938117981 0.017184386 0.999502718 -0.026440267 -2.529587984 -0.903181612 0.004173523 -0.429238260 -28.044803619
-0.415799886 0.035921495 0.908746421 90.774604797 0.016362568 0.999353409 -0.032016315 -2.562439680 -0.909308851 0.001557046 -0.416118801 -28.429716110
-0.404307604 0.031687442 0.914074004 91.623680115 0.013430323 0.999497592 -0.028708331 -2.604594469 -0.914524436 0.000669311 -0.404530048 -28.805639267
-0.393159986 0.028141098 0.919039369 92.462173462 0.011306797 0.999603927 -0.025771009 -2.640775919 -0.919400692 0.000259263 -0.393322378 -29.148237228
-0.382997423 0.028958168 0.923295438 93.299263000 0.008465667 0.999576628 -0.027838953 -2.683334827 -0.923710585 -0.002845934 -0.383080333 -29.488615036
-0.376173735 0.032723807 0.925971210 94.147743225 0.003967702 0.999423862 -0.033707757 -2.734737635 -0.926540732 -0.009005995 -0.376086801 -29.819610596
-0.371688247 0.037574824 0.927596807 94.987899780 -0.002665306 0.999133289 -0.041540582 -2.776669025 -0.928353786 -0.017912477 -0.371265978 -30.139633179
-0.368463933 0.040090848 0.928777099 95.828788757 -0.005286087 0.998963177 -0.045217536 -2.824369669 -0.929627061 -0.021570629 -0.367870003 -30.459182739
-0.364455462 0.039819386 0.930369079 96.670097351 -0.005691922 0.998971403 -0.044985242 -2.882499456 -0.931203485 -0.021690706 -0.363853961 -30.784019470
-0.359881490 0.039340027 0.932168186 97.495483398 -0.008287790 0.998936534 -0.045357481 -2.933871269 -0.932961226 -0.024048941 -0.359172732 -31.091501236
-0.353895336 0.035274111 0.934619546 98.342994690 -0.011013508 0.999062061 -0.041876569 -2.984956980 -0.935220242 -0.025113365 -0.353174984 -31.405967712
-0.348824799 0.031204574 0.936668336 99.193260193 -0.011100823 0.999237776 -0.037423104 -3.038750410 -0.937122226 -0.023451895 -0.348212540 -31.714059830
-0.343048334 0.028143665 0.938896060 100.037078857 -0.013626656 0.999296725 -0.034933019 -3.086439848 -0.939218938 -0.024777725 -0.342423558 -32.013156891
-0.336933017 0.026084213 0.941167235 100.897750854 -0.021112613 0.999155462 -0.035249550 -3.142483950 -0.941291869 -0.031747237 -0.336097777 -32.309268951
-0.331093878 0.026542749 0.943224370 101.748764038 -0.028239552 0.998877764 -0.038021598 -3.185108662 -0.943175137 -0.039224949 -0.329972744 -32.584720612
-0.324279487 0.030627402 0.945465386 102.590644836 -0.026355691 0.998795152 -0.041394547 -3.235491276 -0.945594013 -0.038341798 -0.323081583 -32.868289948
-0.317389697 0.034013059 0.947684944 103.434867859 -0.025006017 0.998708844 -0.044219106 -3.282169580 -0.947965443 -0.037732515 -0.316129327 -33.147865295
-0.310808271 0.032590915 0.949913740 104.308006287 -0.026256353 0.998736084 -0.042856973 -3.328295231 -0.950109899 -0.038261559 -0.309559673 -33.425971985
-0.304235101 0.027780756 0.952191830 105.161643982 -0.026871216 0.998926580 -0.037729912 -3.377686977 -0.952217877 -0.037065312 -0.303162038 -33.686557770
-0.296288222 0.024852216 0.954775214 106.034996033 -0.027515270 0.999024391 -0.034542598 -3.432805538 -0.954702079 -0.036505453 -0.295315325 -33.963722229
-0.290004939 0.028193222 0.956609786 106.890480042 -0.030283604 0.998795152 -0.038617257 -3.475101233 -0.956545770 -0.040168788 -0.288801730 -34.213989258
-0.283726841 0.030763157 0.958411455 107.745574951 -0.029246498 0.998742640 -0.040715802 -3.527312994 -0.958458960 -0.039582349 -0.282470375 -34.457752228
-0.277107209 0.031204792 0.960332096 108.600166321 -0.031693317 0.998631835 -0.041594505 -3.575140476 -0.960316181 -0.041962251 -0.275739133 -34.692600250
-0.269801825 0.031134544 0.962412357 109.464035034 -0.031258769 0.998667121 -0.041070465 -3.622193098 -0.962408364 -0.041164711 -0.268469065 -34.932495117
-0.261532933 0.030938469 0.964698553 110.324356079 -0.026824299 0.998867035 -0.039306436 -3.674142838 -0.964821756 -0.036157288 -0.260406762 -35.166774750
-0.253849417 0.032150712 0.966709256 111.180480957 -0.024193341 0.998923659 -0.039575055 -3.721646070 -0.966941118 -0.033434037 -0.252798349 -35.391937256
-0.246910945 0.032954179 0.968477726 112.039627075 -0.022911763 0.998943627 -0.039832130 -3.769339085 -0.968767226 -0.032024518 -0.245895088 -35.608638763
-0.240778625 0.031551838 0.970067084 112.916664124 -0.029243510 0.998781860 -0.039744280 -3.819046974 -0.970139384 -0.037937738 -0.239562631 -35.801475525
-0.234749928 0.029323149 0.971613407 113.777839661 -0.034095451 0.998681426 -0.038377803 -3.873503685 -0.971457660 -0.042136781 -0.233440608 -35.998378754
-0.230749622 0.029780757 0.972557306 114.649406433 -0.031454101 0.998780787 -0.038046576 -3.912682772 -0.972504556 -0.039370146 -0.229531556 -36.190589905
-0.225179553 0.029921262 0.973857701 115.531593323 -0.028265934 0.998906970 -0.037226658 -3.967863083 -0.973907173 -0.035909679 -0.224087715 -36.409526825
-0.220234707 0.031518608 0.974937499 116.401367188 -0.027642954 0.998874784 -0.038536903 -4.010304451 -0.975055099 -0.035437316 -0.219115645 -36.603218079
-0.214188159 0.030740000 0.976308584 117.266822815 -0.021758167 0.999106526 -0.036231246 -4.055054665 -0.976550043 -0.029002991 -0.213327944 -36.794101715
-0.209274888 0.029568391 0.977409661 118.138404846 -0.014716064 0.999334395 -0.033382531 -4.096784115 -0.977746069 -0.021369752 -0.208700463 -36.979175568
-0.204689547 0.028738739 0.978404939 119.008918762 -0.013331673 0.999394298 -0.032144345 -4.142455101 -0.978736162 -0.019623384 -0.204182431 -37.153388977
-0.200642124 0.030390371 0.979193091 119.879714966 -0.015290759 0.999299824 -0.034147568 -4.184609413 -0.979545295 -0.021824047 -0.200036928 -37.322837830
-0.197432950 0.032396123 0.979780912 120.749008179 -0.016696982 0.999197662 -0.036402702 -4.227449894 -0.980174184 -0.023546478 -0.196733639 -37.490119934
-0.195442617 0.031665452 0.980203807 121.629707336 -0.019445302 0.999157012 -0.036154930 -4.271185875 -0.980522275 -0.026126573 -0.194662139 -37.657764435
-0.194193378 0.030734723 0.980481684 122.507553101 -0.020049075 0.999175966 -0.035291627 -4.312202930 -0.980758309 -0.026511151 -0.193417162 -37.827613831
-0.192942515 0.026251599 0.980858803 123.381736755 -0.018583255 0.999364972 -0.030402362 -4.356390953 -0.981033981 -0.024093460 -0.192332163 -38.003101349
-0.192638129 0.021336174 0.981037855 124.258285522 -0.020522030 0.999457300 -0.025766505 -4.393054962 -0.981055260 -0.025096504 -0.192095727 -38.159080505
-0.191735804 0.019437015 0.981254101 125.126739502 -0.019915637 0.999520838 -0.023690339 -4.432703018 -0.981244504 -0.024084583 -0.191256866 -38.325790405
-0.190560415 0.023775790 0.981387496 125.984008789 -0.020604251 0.999389470 -0.028212743 -4.475306511 -0.981459260 -0.025596984 -0.189954221 -38.488353729
-0.190777704 0.027727226 0.981241584 126.857276917 -0.019757047 0.999289989 -0.032078490 -4.515855312 -0.981434464 -0.025506295 -0.190094456 -38.652339935
-0.190809980 0.027381450 0.981245041 127.689819336 -0.023109764 0.999208450 -0.032376580 -4.548171043 -0.981354952 -0.028854113 -0.190026149 -38.800834656
-0.190529212 0.025968218 0.981338084 128.539901733 -0.025197512 0.999191344 -0.031332817 -4.596521854 -0.981358171 -0.030697089 -0.189720780 -38.954452515
-0.189178154 0.027856678 0.981547654 129.379013062 -0.020089218 0.999278605 -0.032231778 -4.635062695 -0.981737256 -0.025816072 -0.188482031 -39.124092102
-0.188434005 0.029680304 0.981637180 130.244537354 -0.022628644 0.999146640 -0.034553479 -4.679424286 -0.981825113 -0.028724175 -0.187601581 -39.291172028
-0.189255759 0.030073553 0.981467128 131.084777832 -0.031281337 0.998839021 -0.036637805 -4.727134705 -0.981429398 -0.037635524 -0.188095286 -39.430339813
-0.188510388 0.031298280 0.981572270 131.916412354 -0.037387718 0.998538733 -0.039019562 -4.774454117 -0.981359243 -0.044054344 -0.187064767 -39.576152802
-0.188063070 0.035883173 0.981501222 132.741851807 -0.034406114 0.998478293 -0.043096308 -4.815924644 -0.981554151 -0.041874461 -0.186542302 -39.731498718
-0.187548429 0.036487997 0.981577396 133.570449829 -0.033190083 0.998503685 -0.043458775 -4.868729115 -0.981694520 -0.040729258 -0.186056778 -39.885833740
-0.185749248 0.037917085 0.981865346 134.380599976 -0.034328844 0.998394668 -0.045049738 -4.915601730 -0.981997252 -0.042074248 -0.184149429 -40.032444000
-0.183674753 0.037065808 0.982288003 135.199844360 -0.025026489 0.998788476 -0.042368062 -4.967410088 -0.982668400 -0.032365166 -0.182524621 -40.191783905
-0.180869177 0.033704206 0.982929468 136.006530762 -0.021829711 0.999028862 -0.038273145 -5.015475750 -0.983264863 -0.028379502 -0.179957762 -40.338062286
-0.178822026 0.028708991 0.983462512 136.820419312 -0.017625919 0.999320328 -0.032376811 -5.064666271 -0.983723581 -0.023124114 -0.178194433 -40.486206055
-0.175633177 0.028487327 0.984043419 137.627746582 -0.017086184 0.999342442 -0.031979781 -5.102716446 -0.984307408 -0.022430258 -0.175030947 -40.623771667
-0.170291618 0.033372678 0.984828413 138.429595947 -0.015766159 0.999206126 -0.036586095 -5.150159836 -0.985267580 -0.021757267 -0.169630259 -40.764522552
-0.164044142 0.036532100 0.985776305 139.227340698 -0.015784517 0.999088883 -0.039652172 -5.191851616 -0.986326694 -0.022064708 -0.163318053 -40.889953613
-0.156228259 0.037678748 0.987002015 140.027893066 -0.016078560 0.999042749 -0.040683400 -5.228204727 -0.987590075 -0.022225466 -0.155472860 -41.007720947
-0.146431521 0.033221290 0.988662779 140.827850342 -0.014178156 0.999262750 -0.035677414 -5.271075726 -0.989119172 -0.019241715 -0.145852551 -41.122669220
-0.134603798 0.031638194 0.990394294 141.619750977 -0.010984220 0.999381125 -0.033418138 -5.316262245 -0.990838587 -0.015376917 -0.134172976 -41.228393555
-0.120607994 0.034552243 0.992098689 142.416107178 -0.006582191 0.999344230 -0.035604779 -5.354046345 -0.992678344 -0.010824404 -0.120301470 -41.324722290
-0.106371894 0.035671871 0.993686318 143.202682495 -0.007150585 0.999302983 -0.036638957 -5.394082069 -0.994300663 -0.011002793 -0.106042668 -41.404472351
-0.092353292 0.035740413 0.995084643 143.988723755 -0.006159202 0.999315917 -0.036464028 -5.435707569 -0.995707273 -0.009496500 -0.092070006 -41.474769592
-0.078907765 0.037209570 0.996187270 144.768798828 -0.005349810 0.999272883 -0.037748586 -5.480649471 -0.996867597 -0.008308068 -0.078651346 -41.531368256
-0.065268472 0.043568913 0.996916115 145.537307739 -0.008583290 0.998984873 -0.044221271 -5.531176567 -0.997830808 -0.011443073 -0.064828254 -41.570426941
-0.052723795 0.052867550 0.997208714 146.300979614 -0.015667534 0.998430908 -0.053760707 -5.576454163 -0.998486161 -0.018458268 -0.051812761 -41.593482971
-0.038898341 0.060607798 0.997403383 147.063217163 -0.019961722 0.997912645 -0.061417229 -5.627266884 -0.999043763 -0.022298921 -0.037607312 -41.607799530
-0.025969809 0.061484456 0.997770131 147.828445435 -0.020647928 0.997860849 -0.062027469 -5.678275108 -0.999449492 -0.022212734 -0.024644727 -41.618507385
-0.013804276 0.057592612 0.998244703 148.596511841 -0.024511777 0.998020351 -0.057918627 -5.734346390 -0.999604225 -0.025268277 -0.012365251 -41.616569519
-0.003236504 0.054917824 0.998485684 149.360321045 -0.028124908 0.998090923 -0.054987267 -5.794739246 -0.999599159 -0.028260283 -0.001685768 -41.603981018
0.005421693 0.061562024 0.998088539 150.117050171 -0.032683086 0.997580886 -0.061353173 -5.853940010 -0.999451041 -0.032287966 0.007420614 -41.584411621
0.012225699 0.069609068 0.997499466 150.863876343 -0.035888918 0.996961772 -0.069131680 -5.908616543 -0.999281049 -0.034953982 0.014686748 -41.564846039
0.015239790 0.072383888 0.997260392 151.609634399 -0.038821410 0.996667027 -0.071747564 -5.963471413 -0.999129951 -0.037621640 0.017999040 -41.543041229
0.015022140 0.067772925 0.997587681 152.363616943 -0.041116379 0.996898293 -0.067106932 -6.024404049 -0.999041438 -0.040009107 0.017762121 -41.522075653
0.013333940 0.063462950 0.997895122 153.121444702 -0.043335311 0.997082770 -0.062832251 -6.091068745 -0.998971581 -0.042406291 0.016045230 -41.505462646
0.010436847 0.060715575 0.998100579 153.871032715 -0.041895837 0.997304916 -0.060229089 -6.146240711 -0.999067426 -0.041187659 0.012952451 -41.496185303
0.007887356 0.061230496 0.998092473 154.611495972 -0.040203448 0.997335911 -0.060866378 -6.197357655 -0.999160409 -0.039646681 0.010328021 -41.488445282
0.004382517 0.061243050 0.998113275 155.370101929 -0.038288396 0.997401237 -0.061031245 -6.256064415 -0.999257088 -0.037948687 0.006716025 -41.487300873
-0.000458944 0.060077883 0.998193622 156.108489990 -0.039053109 0.997431159 -0.060049955 -6.311670303 -0.999237001 -0.039010115 0.001888462 -41.480140686
-0.006112320 0.059934959 0.998183608 156.843963623 -0.039681084 0.997401536 -0.060130984 -6.365235806 -0.999193788 -0.039976545 -0.003718154 -41.475570679
-0.011628789 0.058096781 0.998243272 157.591369629 -0.042059381 0.997398853 -0.058537602 -6.418774605 -0.999047458 -0.042666212 -0.009155025 -41.488594055
-0.017397357 0.055702355 0.998295844 158.325668335 -0.038695108 0.997661412 -0.056341298 -6.476173401 -0.999099612 -0.039609361 -0.015201264 -41.496479034
-0.023102026 0.055499878 0.998191416 159.056945801 -0.039472390 0.997628748 -0.056382131 -6.527584076 -0.998953581 -0.040703546 -0.020856533 -41.507198334
-0.028686745 0.057063065 0.997958362 159.782669067 -0.041655988 0.997433722 -0.058230486 -6.577008724 -0.998720169 -0.043241382 -0.026236108 -41.518936157
-0.032320037 0.059162248 0.997725010 160.504333496 -0.041344073 0.997312963 -0.060477097 -6.636408329 -0.998622060 -0.043204639 -0.029787183 -41.537902832
-0.034869585 0.061212145 0.997515500 161.223434448 -0.041406501 0.997176886 -0.062638804 -6.692704201 -0.998533785 -0.043487813 -0.032236561 -41.561443329
-0.036174376 0.062663890 0.997378826 161.938537598 -0.038112387 0.997219503 -0.064036191 -6.748141766 -0.998618424 -0.040328961 -0.033685528 -41.589817047
-0.035902716 0.061557509 0.997457564 162.664169312 -0.035530832 0.997391343 -0.062832326 -6.799695969 -0.998723447 -0.037696350 -0.033621874 -41.611724854
-0.031432427 0.057416260 0.997855365 163.376037598 -0.031746961 0.997787595 -0.058412388 -6.861541271 -0.999001563 -0.033514917 -0.029540088 -41.636051178
-0.023780107 0.057261523 0.998075962 164.079238892 -0.031191589 0.997829735 -0.057990562 -6.917290688 -0.999230444 -0.032510601 -0.021942416 -41.650268555
-0.012584671 0.058045324 0.998234630 164.773223877 -0.028236477 0.997894883 -0.058381546 -6.969435215 -0.999522030 -0.028921342 -0.010919182 -41.651187897
0.001377208 0.058386624 0.998293161 165.463821411 -0.026711620 0.997940004 -0.058329120 -7.019716263 -0.999642253 -0.026585698 0.002933975 -41.642852783
0.016748738 0.055783983 0.998302341 166.140411377 -0.027109168 0.998100698 -0.055317894 -7.069691181 -0.999492168 -0.026136646 0.018229187 -41.623252869
0.033110116 0.050770737 0.998161316 166.825668335 -0.032026328 0.998249948 -0.049712896 -7.117497444 -0.998938441 -0.030321445 0.034678169 -41.584865570
0.049362503 0.044136450 0.997805238 167.508285522 -0.033439167 0.998536110 -0.042514510 -7.161971092 -0.998220980 -0.031267155 0.050766125 -41.538722992
0.066220738 0.037394997 0.997104049 168.182373047 -0.033664979 0.998812318 -0.035223275 -7.194398880 -0.997236907 -0.031234970 0.067400984 -41.481086731
0.083849475 0.030004613 0.996026635 168.855667114 -0.034123886 0.999046862 -0.027222911 -7.228374004 -0.995894015 -0.031705666 0.084793404 -41.413337708
0.100683942 0.024479276 0.994617283 169.514587402 -0.035891943 0.999136031 -0.020957185 -7.258161545 -0.994270802 -0.033588700 0.101475544 -41.331020355
0.118542671 0.022072988 0.992703617 170.153182983 -0.037932701 0.999123693 -0.017686050 -7.288996696 -0.992224157 -0.035559382 0.119276084 -41.240600586
0.136205733 0.020645360 0.990465462 170.796798706 -0.036564317 0.999206364 -0.015799345 -7.311635494 -0.990005612 -0.034063734 0.136852533 -41.140251160
0.153828859 0.020178879 0.987891495 171.439636230 -0.037418555 0.999193251 -0.014583126 -7.329963207 -0.987388730 -0.034722168 0.154459819 -41.027282715
0.169370547 0.019623071 0.985357046 172.057174683 -0.043838024 0.998962164 -0.012358801 -7.350306988 -0.984577000 -0.041102894 0.170055002 -40.900657654
0.184224188 0.016129296 0.982751906 172.686614990 -0.045837369 0.998918414 -0.007802065 -7.368135929 -0.981814861 -0.043609437 0.184764236 -40.770042419
0.195927769 0.012198642 0.980542481 173.308074951 -0.042510685 0.999088228 -0.003935064 -7.384067059 -0.979696453 -0.040912531 0.196267709 -40.637310028
0.207049742 0.011056136 0.978267968 173.922927856 -0.040470734 0.999177039 -0.002726843 -7.398770332 -0.977492988 -0.039026625 0.207326800 -40.504985809
0.216618553 0.015083918 0.976139724 174.526229858 -0.045077827 0.998968720 -0.005433309 -7.414834023 -0.975215077 -0.042825308 0.217075095 -40.355873108
0.225902289 0.022203684 0.973896861 175.119018555 -0.048975602 0.998734772 -0.011409717 -7.432294846 -0.972918034 -0.045119714 0.226703927 -40.204280853
0.234947667 0.031724159 0.971490204 175.702285767 -0.048457973 0.998606741 -0.020890450 -7.451706409 -0.970799446 -0.042168289 0.236157611 -40.059928894
0.243072957 0.037397895 0.969286799 176.300201416 -0.043221712 0.998681605 -0.027693104 -7.471145630 -0.969044626 -0.035162784 0.244368866 -39.908088684
0.249181524 0.035465945 0.967807233 176.901123047 -0.043449331 0.998732388 -0.025412310 -7.490668297 -0.967481732 -0.035718292 0.250406653 -39.742366791
0.255043596 0.028431082 0.966511428 177.507705688 -0.046568248 0.998768806 -0.017091516 -7.501520157 -0.965807557 -0.040649664 0.256053597 -39.569694519
0.259514987 0.017785409 0.965575218 178.124649048 -0.050370026 0.998718798 -0.004858082 -7.523720264 -0.964424610 -0.047375306 0.260078371 -39.393959045
0.261599779 0.009935644 0.965125263 178.732086182 -0.050669108 0.998709559 0.003452618 -7.541092873 -0.963845551 -0.049805246 0.261765659 -39.222187042
0.262251586 0.008868641 0.964958787 179.337448120 -0.047759220 0.998851657 0.003799625 -7.559284687 -0.963817000 -0.047082141 0.262374073 -39.054908752
0.263589919 0.010954404 0.964572549 179.944229126 -0.043612938 0.999048352 0.000572223 -7.565173626 -0.963648438 -0.042218678 0.263816804 -38.894283295
0.265812576 0.010189976 0.963970780 180.549926758 -0.039980605 0.999200344 0.000462172 -7.572183132 -0.963195384 -0.038662989 0.266007423 -38.735218048
0.267338067 0.008220722 0.963567674 181.158538818 -0.042179625 0.999105096 0.003178660 -7.572565556 -0.962679267 -0.041492697 0.267445505 -38.557285309
0.270019561 0.004622759 0.962843657 181.768661499 -0.042463243 0.999072671 0.007111676 -7.579485893 -0.961917996 -0.042805754 0.269965440 -38.377296448
0.272526890 -0.000391328 0.962148011 182.382156372 -0.042160477 0.999034464 0.012348219 -7.587395191 -0.961224020 -0.043929841 0.272247285 -38.191055298
0.277021497 -0.003318106 0.960857987 183.004028320 -0.040637530 0.999058783 0.015166082 -7.589182854 -0.960004032 -0.043248229 0.276625931 -38.011947632
0.282927811 -0.005669092 0.959124386 183.616302490 -0.038652021 0.999102831 0.017307175 -7.586346149 -0.958362103 -0.041968782 0.282454818 -37.821758270
0.290469825 -0.008570683 0.956845701 184.238967896 -0.037305530 0.999098241 0.020273993 -7.585360050 -0.956156731 -0.041584622 0.289888114 -37.623016357
0.301125079 -0.010591378 0.953525841 184.853729248 -0.034674380 0.999155343 0.022048438 -7.588349819 -0.952954054 -0.039702252 0.300503433 -37.436676025
0.312413424 -0.008358731 0.949909508 185.469482422 -0.036348198 0.999123812 0.020746265 -7.587385178 -0.949250638 -0.041008912 0.311835825 -37.226005554
0.323720604 -0.004555243 0.946141720 186.078643799 -0.037688531 0.999132574 0.017705431 -7.584761143 -0.945401728 -0.041390300 0.323268145 -37.002906799
0.335698247 -0.001927615 0.941967607 186.692367554 -0.038110245 0.999151349 0.015626358 -7.584644318 -0.941198230 -0.041144360 0.335339934 -36.777805328
0.347533107 -0.001339769 0.937666774 187.311904907 -0.036813490 0.999208450 0.015072109 -7.577653885 -0.936944783 -0.039756838 0.347208738 -36.546260834
0.358910650 -0.004288942 0.933362067 187.940643311 -0.035785396 0.999190986 0.018352179 -7.572898388 -0.932685673 -0.039987519 0.358466834 -36.299358368
