1.000000000 -0.000000000 0.000000000 0.000000000 -0.000000000 1.000000000 0.000000000 0.000000000 0.000000000 0.000000000 1.000000000 0.000000000
0.999997556 -0.001673902 -0.001428609 -0.002439534 0.001672620 0.999998212 -0.000898351 -0.008392204 0.001430111 0.000895959 0.999998569 0.564596593
0.999995530 -0.001802878 -0.002385084 -0.007804478 0.001796703 0.999995053 -0.002588850 -0.018098995 0.002389740 0.002584553 0.999993801 1.119688511
0.999987125 -0.002502698 -0.004415763 -0.010841318 0.002486987 0.999990582 -0.003559995 -0.035412714 0.004424631 0.003548967 0.999983907 1.680837035
0.999971211 -0.004190762 -0.006324369 -0.018954206 0.004155583 0.999975860 -0.005565445 -0.041654203 0.006347539 0.005539004 0.999964535 2.247713804
0.999939799 -0.007322534 -0.008174047 -0.016826702 0.007264564 0.999948442 -0.007099271 -0.062522314 0.008225608 0.007039461 0.999941409 2.822098732
0.999915063 -0.008465597 -0.009911594 -0.022361338 0.008388935 0.999934793 -0.007750972 -0.072939195 0.009976564 0.007667166 0.999920845 3.401802540
0.999899030 -0.008581013 -0.011325965 -0.033128418 0.008501317 0.999938905 -0.007066263 -0.085397676 0.011385907 0.006969264 0.999910951 3.984228849
0.999885440 -0.008969118 -0.012190396 -0.047054850 0.008878384 0.999932647 -0.007477097 -0.100776240 0.012256637 0.007368010 0.999897778 4.572947502
0.999876797 -0.008115642 -0.013438727 -0.058731224 0.007977182 0.999914885 -0.010324931 -0.115657359 0.013521377 0.010216454 0.999856412 5.164540768
0.999867499 -0.006593489 -0.014885271 -0.072237112 0.006384877 0.999881327 -0.014019002 -0.132913023 0.014975940 0.013922104 0.999790907 5.785460949
0.999850154 -0.005603366 -0.016378725 -0.085481651 0.005312080 0.999827921 -0.017774295 -0.143614158 0.016475502 0.017684627 0.999707937 6.373527527
0.999843061 -0.003315017 -0.017399542 -0.083501287 0.003005929 0.999837756 -0.017760361 -0.158080652 0.017455593 0.017705271 0.999690771 6.993067265
0.999833047 -0.000837358 -0.018246423 -0.108115025 0.000631019 0.999935865 -0.011311267 -0.163955718 0.018254723 0.011297865 0.999769509 7.642638683
0.999823570 0.000384354 -0.018777277 -0.125385672 -0.000398752 0.999999642 -0.000763033 -0.179274395 0.018776976 0.000770387 0.999823332 8.309272766
0.999804854 0.000825983 -0.019739075 -0.145617947 -0.000706560 0.999981463 0.006056278 -0.190424636 0.019743709 -0.006041149 0.999786735 8.993523598
0.999777496 0.003511485 -0.020798882 -0.167019129 -0.003406652 0.999981344 0.005073657 -0.207091674 0.020816309 -0.005001673 0.999770761 9.662583351
0.999749362 0.005281752 -0.021754256 -0.185914829 -0.005326206 0.999983847 -0.001986024 -0.214076370 0.021743411 0.002101396 0.999761343 10.343084335
0.999725699 0.004601289 -0.022964248 -0.198224276 -0.004783350 0.999957561 -0.007879411 -0.217003882 0.022927018 0.007987096 0.999705255 11.039674759
0.999704838 0.002406419 -0.024178870 -0.217762858 -0.002561184 0.999976516 -0.006371890 -0.220070496 0.024162965 0.006431935 0.999687374 11.775959015
0.999708116 0.001936753 -0.024084320 -0.243867144 -0.001865315 0.999993801 0.002988281 -0.229408398 0.024089960 -0.002942484 0.999705434 12.536346436
0.999699593 0.001146929 -0.024484487 -0.268252403 -0.000897986 0.999947965 0.010175930 -0.232054561 0.024494881 -0.010150885 0.999648452 13.301640511
0.999690652 0.000517479 -0.024865076 -0.296456039 -0.000196926 0.999916911 0.012892464 -0.239231959 0.024869680 -0.012883577 0.999607682 14.084787369
0.999660671 -0.001728436 -0.025988864 -0.283452332 0.002035137 0.999928534 0.011779403 -0.235900670 0.025966641 -0.011828298 0.999592841 14.884557724
0.999674857 -0.002222534 -0.025400795 -0.308775514 0.002457591 0.999954343 0.009226467 -0.231897697 0.025379131 -0.009285891 0.999634743 15.705911636
0.999687731 -0.000016986 -0.024989959 -0.332856148 0.000166030 0.999982238 0.005962087 -0.232647404 0.024989409 -0.005964374 0.999669969 16.546129227
0.999704599 -0.003026771 -0.024114894 -0.353968561 0.003035020 0.999995351 0.000305489 -0.238267601 0.024113856 -0.000378589 0.999709129 17.397415161
0.999704301 -0.005833358 -0.023605563 -0.369043440 0.005697924 0.999966919 -0.005800550 -0.249512792 0.023638615 0.005664331 0.999704480 18.279630661
0.999729335 -0.004711903 -0.022781597 -0.380272299 0.004451036 0.999924123 -0.011488013 -0.258892745 0.022833999 0.011383500 0.999674439 19.148216248
0.999745727 -0.003611733 -0.022257401 -0.409949392 0.003337627 0.999918282 -0.012340146 -0.273226440 0.022300152 0.012262721 0.999676108 20.052026749
0.999718726 -0.003610657 -0.023438759 -0.421753138 0.003333161 0.999924064 -0.011867532 -0.289661497 0.023479827 0.011786068 0.999654830 20.994247437
0.999731719 -0.002354973 -0.023042150 -0.454058588 0.002055486 0.999913275 -0.013012451 -0.318723738 0.023070792 0.012961596 0.999649823 21.925376892
0.999741197 0.001425015 -0.022706246 -0.494965792 -0.001768464 0.999884188 -0.015112842 -0.344679981 0.022682082 0.015149085 0.999627948 22.855525970
0.999723315 0.004460623 -0.023096194 -0.522575498 -0.004832973 0.999858797 -0.016091060 -0.366042376 0.023021156 0.016198229 0.999603748 23.821315765
0.999711812 0.006238435 -0.023183150 -0.552814007 -0.006606217 0.999852955 -0.015821647 -0.394521952 0.023081046 0.015970239 0.999606013 24.797336578
0.999711394 0.007075828 -0.022957103 -0.589816630 -0.007449064 0.999840796 -0.016213456 -0.417557836 0.022838727 0.016379785 0.999604940 25.770896912
0.999719918 0.008184195 -0.022210678 -0.653731525 -0.008536876 0.999838233 -0.015830722 -0.451278150 0.022077527 0.016015897 0.999627888 26.752761841
0.999701500 0.009207089 -0.022634484 -0.678612828 -0.009537038 0.999849200 -0.014512807 -0.481351107 0.022497451 0.014724342 0.999638438 27.754068375
0.999686301 0.009765533 -0.023065731 -0.703816533 -0.010060611 0.999868572 -0.012711631 -0.506909251 0.022938564 0.012939699 0.999653101 28.770414352
0.999702752 0.011364447 -0.021567475 -0.778334916 -0.011597473 0.999875367 -0.010710334 -0.558100641 0.021443071 0.010957280 0.999710023 29.747257233
0.999701083 0.011256728 -0.021704771 -0.802996159 -0.011510913 0.999866188 -0.011621873 -0.584954798 0.021571042 0.011868241 0.999696851 30.771844864
0.999671876 0.012557715 -0.022327032 -0.826821625 -0.012841531 0.999837935 -0.012614127 -0.610752881 0.022165008 0.012896703 0.999671161 31.804542542
0.999681413 0.012294172 -0.022045165 -0.867566407 -0.012551902 0.999854028 -0.011590982 -0.635637820 0.021899445 0.011863998 0.999689817 32.846473694
0.999641538 0.010493823 -0.024630882 -0.848219752 -0.010739109 0.999893844 -0.009847449 -0.649643064 0.024524935 0.010108430 0.999648094 33.925933838
0.999624550 0.011001798 -0.025093637 -0.879949570 -0.011164250 0.999917567 -0.006342912 -0.669921279 0.025021786 0.006620680 0.999664962 34.980041504
0.999601722 0.011316665 -0.025851781 -0.914213240 -0.011431826 0.999925315 -0.004311243 -0.687309444 0.025801064 0.004605056 0.999656498 36.034736633
0.999589086 0.011167147 -0.026398838 -0.944742084 -0.011263132 0.999930501 -0.003490034 -0.718147159 0.026358029 0.003785933 0.999645412 37.141143799
0.999570131 0.010780117 -0.027264865 -0.971441567 -0.010920654 0.999927819 -0.005010888 -0.736086845 0.027208880 0.005306484 0.999615669 38.217914581
0.999534547 0.011312025 -0.028331295 -1.004882455 -0.011471380 0.999919355 -0.005468495 -0.755749047 0.028267147 0.005790949 0.999583662 39.312679291
0.999531031 0.010993411 -0.028579313 -1.046521902 -0.011120054 0.999929130 -0.004276118 -0.778204203 0.028530275 0.004591917 0.999582410 40.374374390
0.999514818 0.010878925 -0.029185485 -1.085242271 -0.010939148 0.999938309 -0.001904574 -0.810182631 0.029162960 0.002222914 0.999572217 41.462493896
0.999504924 0.011035187 -0.029463684 -1.127179742 -0.011028200 0.999939144 0.000399584 -0.827792048 0.029466294 -0.000074455 0.999565780 42.545387268
0.999456465 0.012596441 -0.030465107 -1.162025094 -0.012588684 0.999920666 0.000446383 -0.850083709 0.030468311 -0.000062625 0.999535739 43.617847443
0.999438345 0.013828343 -0.030527323 -1.204584956 -0.013940338 0.999896884 -0.003458887 -0.873661399 0.030476343 0.003882505 0.999527991 44.717510223
0.999416769 0.015230268 -0.030567741 -1.244828701 -0.015467216 0.999852002 -0.007529969 -0.889566779 0.030448543 0.007998373 0.999504328 45.809314728
0.999420166 0.015530338 -0.030300491 -1.288857460 -0.015776914 0.999844134 -0.007915520 -0.912474751 0.030172842 0.008388977 0.999509513 46.890518188
0.999421299 0.016517192 -0.029738745 -1.335125208 -0.016685793 0.999845982 -0.005430094 -0.933636546 0.029644480 0.005923165 0.999543011 47.960510254
0.999412298 0.017086297 -0.029719556 -1.373532653 -0.017188327 0.999847233 -0.003181046 -0.962777019 0.029660664 0.003690006 0.999553204 49.077625275
0.999424875 0.015108653 -0.030358741 -1.401963472 -0.015166690 0.999883592 -0.001682333 -0.986181200 0.030329790 0.002141807 0.999537647 50.173660278
0.999448299 0.015123372 -0.029570062 -1.445291877 -0.015200704 0.999881625 -0.002392234 -1.010341406 0.029530380 0.002840399 0.999559879 51.260978699
0.999468923 0.014077878 -0.029389484 -1.482507229 -0.014207015 0.999890327 -0.004189838 -1.029444337 0.029327277 0.004605149 0.999559283 52.352767944
0.999463201 0.014596001 -0.029330026 -1.514177561 -0.014796276 0.999868512 -0.006622865 -1.054806471 0.029229503 0.007053285 0.999547780 53.432086945
0.999479592 0.013538786 -0.029277233 -1.547952533 -0.013814974 0.999861717 -0.009251899 -1.079402566 0.029147925 0.009651549 0.999528527 54.528690338
0.999502957 0.012257924 -0.029044176 -1.586052299 -0.012610999 0.999848306 -0.012004646 -1.117923856 0.028892621 0.012364957 0.999505997 55.612724304
0.999534309 0.010672861 -0.028591581 -1.618709803 -0.011072101 0.999842882 -0.013841749 -1.149774194 0.028439362 0.014151868 0.999495327 56.697498322
0.999562740 0.009210407 -0.028097756 -1.655958772 -0.009527077 0.999892354 -0.011157307 -1.184410930 0.027991969 0.011420116 0.999542952 57.781074524
0.999568641 0.008019131 -0.028253444 -1.684950113 -0.008181524 0.999950707 -0.005636770 -1.208630323 0.028206846 0.005865494 0.999584854 58.880115509
0.999580741 0.006277079 -0.028264012 -1.712831378 -0.006273512 0.999980211 0.000214879 -1.229135156 0.028264809 -0.000037474 0.999600470 59.983390808
0.999582946 0.004657568 -0.028497776 -1.742377758 -0.004632486 0.999988735 0.000946128 -1.248497128 0.028501865 -0.000813718 0.999593437 61.074340820
0.999610603 0.001497509 -0.027858170 -1.778149486 -0.001561734 0.999996126 -0.002283792 -1.265278935 0.027854642 0.002326410 0.999609351 62.163436890
0.999620855 -0.000064537 -0.027534313 -1.818112612 -0.000081506 0.999985933 -0.005302882 -1.287717342 0.027534273 0.005303115 0.999606788 63.257179260
0.999622941 0.001946889 -0.027388586 -1.859874368 -0.002196471 0.999956250 -0.009085529 -1.315764904 0.027369704 0.009142260 0.999583602 64.343986511
0.999630392 0.002013472 -0.027108960 -1.896893501 -0.002369973 0.999911010 -0.013124979 -1.346230984 0.027080122 0.013184376 0.999546289 65.421813965
0.999629080 0.005013675 -0.026769577 -1.931471944 -0.005397319 0.999883533 -0.014278338 -1.370000362 0.026694873 0.014417525 0.999539614 66.538352966
0.999633551 0.008939529 -0.025550643 -1.978541374 -0.009213919 0.999900997 -0.010641533 -1.399735332 0.025452984 0.010873054 0.999616861 67.637504578
0.999615967 0.010452527 -0.025666242 -2.014114857 -0.010666687 0.999909341 -0.008221359 -1.432657719 0.025577983 0.008491974 0.999636769 68.739593506
0.999620378 0.010490483 -0.025472712 -2.041368008 -0.010685137 0.999914646 -0.007517588 -1.458156943 0.025391676 0.007786914 0.999647200 69.823310852
0.999630630 0.008861515 -0.025692575 -2.067946911 -0.009034068 0.999937296 -0.006607799 -1.486494064 0.025632411 0.006837467 0.999648035 70.916900635
0.999638915 0.008204681 -0.025587037 -2.105952263 -0.008344150 0.999950826 -0.005348765 -1.510513186 0.025541896 0.005560335 0.999658346 72.020187378
0.999645114 0.006448743 -0.025846222 -2.142486334 -0.006535226 0.999973297 -0.003263000 -1.537696600 0.025824485 0.003430753 0.999660611 73.122459412
0.999625862 0.005144069 -0.026863130 -2.170114279 -0.005198118 0.999984562 -0.001942543 -1.557099700 0.026852719 0.002081454 0.999637246 74.211563110
0.999617577 0.004391464 -0.027303336 -2.199442148 -0.004467419 0.999986351 -0.002721536 -1.589368463 0.027291009 0.002842469 0.999623477 75.298713684
0.999604046 0.004681557 -0.027747864 -2.236678362 -0.004863890 0.999966979 -0.006507239 -1.613509655 0.027716484 0.006639625 0.999593675 76.377296448
0.999575019 0.005517608 -0.028625997 -2.267514467 -0.005769238 0.999945343 -0.008715116 -1.635562539 0.028576346 0.008876561 0.999552131 77.454986572
0.999543726 0.007128713 -0.029352119 -2.305196047 -0.007331022 0.999950051 -0.006790692 -1.668541789 0.029302247 0.007002775 0.999546051 78.540863037
0.999520361 0.007855494 -0.029956276 -2.343170881 -0.007943391 0.999964416 -0.002816298 -1.687559128 0.029933091 0.003052900 0.999547243 79.625617981
0.999494553 0.009175309 -0.030436413 -2.383239269 -0.009128652 0.999957085 0.001671541 -1.718252420 0.030450437 -0.001392853 0.999535322 80.691352844
0.999462068 0.010608560 -0.031030750 -2.425874233 -0.010547215 0.999942124 0.002139870 -1.733556986 0.031051651 -0.001811431 0.999516129 81.762214661
0.999447107 0.010445924 -0.031566836 -2.466038942 -0.010455075 0.999945402 -0.000124833 -1.750716805 0.031563807 0.000454797 0.999501705 82.822090149
0.999445140 0.010075287 -0.031745769 -2.513218880 -0.010106254 0.999948621 -0.000815174 -1.772376418 0.031735919 0.001135553 0.999495625 83.900390625
0.999429941 0.009747123 -0.032322716 -2.543544292 -0.009776975 0.999951899 -0.000765646 -1.798518658 0.032313701 0.001081227 0.999477208 84.936157227
0.999410033 0.008793888 -0.033201117 -2.581475973 -0.008813966 0.999961078 -0.000458464 -1.818212867 0.033195794 0.000750827 0.999448597 85.967636108
0.999391675 0.007428734 -0.034073330 -2.614929676 -0.007404372 0.999972165 0.000841099 -1.838658333 0.034078635 -0.000588296 0.999419034 87.005203247
0.999385476 0.007704281 -0.034199368 -2.658635139 -0.007582863 0.999964476 0.003678624 -1.864887118 0.034226492 -0.003417034 0.999408185 88.007720947
0.999359608 0.007364703 -0.035018485 -2.699060202 -0.007215557 0.999964356 0.004383565 -1.879864812 0.035049524 -0.004128080 0.999377012 88.977905273
0.999296010 0.006003943 -0.037032422 -2.744318724 -0.005822374 0.999970496 0.005008866 -1.905823469 0.037061404 -0.004789724 0.999301493 89.949623108
0.999183476 0.005204874 -0.040067509 -2.789224148 -0.005054058 0.999979675 0.003864423 -1.920935392 0.040086817 -0.003658763 0.999189496 90.881736755
0.999034584 0.004842106 -0.043663047 -2.835392952 -0.004713614 0.999984264 0.003045268 -1.940023422 0.043677110 -0.002836517 0.999041617 91.800460815
0.998894870 0.004721804 -0.046761982 -2.883505583 -0.004556920 0.999983013 0.003632027 -1.956519008 0.046778344 -0.003414924 0.998899341 92.696327209
0.998734176 0.006053855 -0.049934048 -2.933138847 -0.005833018 0.999972522 0.004567122 -1.971555114 0.049960330 -0.004270074 0.998742044 93.561523438
0.998580992 0.006567840 -0.052847460 -2.987037659 -0.006266057 0.999963105 0.005874100 -1.989608645 0.052884091 -0.005534619 0.998585284 94.409011841
0.998379767 0.008068711 -0.056325834 -3.036447048 -0.007677230 0.999944866 0.007163257 -1.999401450 0.056380525 -0.006719226 0.998386681 95.216163635
0.998244107 0.009565240 -0.058456454 -3.095151186 -0.009108610 0.999925852 0.008072924 -2.015288115 0.058529340 -0.007526292 0.998257279 96.012329102
0.998076737 0.011352075 -0.060942326 -3.147647142 -0.010832258 0.999902129 0.008853282 -2.034573793 0.061036866 -0.008176113 0.998102009 96.782546997
0.997860849 0.013108100 -0.064046927 -3.197522879 -0.012644654 0.999890864 0.007636042 -2.046450138 0.064140037 -0.006809857 0.997917652 97.514305115
0.997677147 0.014453389 -0.066567920 -3.253865004 -0.014216892 0.999890804 0.004025063 -2.065013170 0.066618823 -0.003069325 0.997773767 98.205017090
0.997477174 0.017288668 -0.068850107 -3.315638542 -0.017309876 0.999850094 0.000288604 -2.076579809 0.068844780 0.000903910 0.997626960 98.872703552
0.997301996 0.018992828 -0.070908710 -3.362834692 -0.019197172 0.999813259 -0.002201342 -2.096978903 0.070853658 0.003556649 0.997480392 99.519042969
0.997231662 0.021058379 -0.071312599 -3.424832344 -0.021353142 0.999766231 -0.003373493 -2.108657837 0.071224891 0.004886902 0.997448266 100.128707886
0.997234762 0.023246540 -0.070588402 -3.476999044 -0.023495005 0.999720275 -0.002691538 -2.126535892 0.070506096 0.004342569 0.997501850 100.752166748
0.997345567 0.027348680 -0.067483336 -3.524177074 -0.027487487 0.999621451 -0.001128986 -2.141335011 0.067426912 0.002980937 0.997719765 101.319839478
0.997636378 0.029889163 -0.061873287 -3.565688133 -0.029947396 0.999551415 -0.000013793 -2.150158405 0.061845113 0.001866704 0.998084009 101.860946655
0.998033166 0.030682288 -0.054667100 -3.589339733 -0.030598037 0.999528825 0.002377762 -2.169286728 0.054714307 -0.000700380 0.998501778 102.379020691
0.998502195 0.030533521 -0.045400579 -3.603906155 -0.030370774 0.999529541 0.004270412 -2.177242517 0.045509610 -0.002885165 0.998959780 102.889099121
0.998982310 0.030019281 -0.033665258 -3.614512444 -0.029836092 0.999537110 0.005930908 -2.193277597 0.033827718 -0.004920432 0.999415576 103.366035461
0.999388278 0.029102040 -0.019395633 -3.630571365 -0.028994070 0.999562562 0.005825025 -2.201210499 0.019556675 -0.005259104 0.999794900 103.830841064
0.999571204 0.028947875 -0.004415674 -3.619313478 -0.028926296 0.999569595 0.004875014 -2.210854053 0.004554881 -0.004745196 0.999978364 104.268127441
0.999550462 0.027157264 0.012702703 -3.584558487 -0.027186306 0.999628127 0.002119330 -2.227975845 -0.012640421 -0.002463716 0.999916971 104.696189880
0.999046504 0.026915874 0.034375601 -3.561919689 -0.026838042 0.999636054 -0.002723689 -2.235438585 -0.034436397 0.001798518 0.999405265 105.114959717
0.997959077 0.024986116 0.058766693 -3.518710375 -0.024574632 0.999668241 -0.007714408 -2.244347334 -0.058939941 0.006254493 0.998241842 105.518760681
0.996055543 0.022558460 0.085816517 -3.458284140 -0.021741714 0.999709129 -0.010440181 -2.258483171 -0.086027056 0.008533201 0.996256173 105.922996521
0.993088365 0.019937683 0.115663528 -3.381402969 -0.018707743 0.999756396 -0.011709702 -2.269972086 -0.115868822 0.009464965 0.993219376 106.327880859
0.988830090 0.017477905 0.148018941 -3.299813986 -0.015647672 0.999786198 -0.013520385 -2.285624266 -0.148223594 0.011053210 0.988892078 106.705101013
0.982905269 0.015131152 0.183489323 -3.197372675 -0.012572533 0.999806941 -0.015099633 -2.302215338 -0.183682367 0.012534584 0.982905626 107.074981689
0.974990189 0.011157775 0.221967712 -3.094373226 -0.007936226 0.999850035 -0.015400233 -2.318026543 -0.222106218 0.013253488 0.974932313 107.410171509
0.964980543 0.010032444 0.262129664 -2.968698740 -0.005898680 0.999845684 -0.016552052 -2.327956915 -0.262255192 0.014426185 0.964890659 107.770881653
0.952565670 0.010447590 0.304153889 -2.837805748 -0.005371302 0.999832153 -0.017521756 -2.348278999 -0.304285824 0.015056918 0.952461660 108.100372314
0.937303662 0.012549358 0.348287851 -2.694004536 -0.006528248 0.999808371 -0.018456001 -2.359218359 -0.348452717 0.015025168 0.937205851 108.412429810
0.919295788 0.012966451 0.393353909 -2.531369209 -0.006529806 0.999822021 -0.017697353 -2.364289045 -0.393513471 0.013700574 0.919216692 108.728454590
0.898871541 0.012511864 0.438033491 -2.348867893 -0.005767084 0.999843478 -0.016724836 -2.374959707 -0.438174188 0.012507305 0.898802996 109.035820007
0.875772178 0.011893158 0.482578218 -2.149205685 -0.003903044 0.999838173 -0.017557895 -2.386856318 -0.482708991 0.013493191 0.875676870 109.322715759
0.850747764 0.011931669 0.525438845 -1.934810996 -0.001965968 0.999807477 -0.019520504 -2.405184507 -0.525570631 0.015574029 0.850607395 109.591850281
0.822506964 0.014045453 0.568581641 -1.717909932 -0.001260908 0.999737680 -0.022872111 -2.423589468 -0.568753660 0.018095544 0.822308779 109.868347168
0.791482210 0.018276786 0.610918939 -1.477087855 -0.002422221 0.999638736 -0.026767937 -2.445007563 -0.611187458 0.019706566 0.791240513 110.143074036
0.757752478 0.024489786 0.652082324 -1.220790625 -0.005425322 0.999497354 -0.031232910 -2.453809261 -0.652519464 0.020129059 0.757504523 110.394157410
0.720557153 0.029680127 0.692759991 -0.939304054 -0.007462057 0.999357522 -0.035054304 -2.458816290 -0.693355322 0.020089217 0.720315695 110.645561218
0.681987345 0.029726122 0.730759561 -0.643976271 -0.005676833 0.999358714 -0.035354350 -2.480704308 -0.731341898 0.019962819 0.681718767 110.850952148
0.642090023 0.026671303 0.766165137 -0.328179121 -0.000586435 0.999411345 -0.034299474 -2.486468077 -0.766628981 0.021574046 0.641727746 111.029800415
0.594472587 0.025265871 0.803718984 -0.016759768 0.001661677 0.999465466 -0.032648474 -2.493117332 -0.804114342 0.020744139 0.594112873 111.282859802
0.548116684 0.023663519 0.836067080 0.327392876 0.003080645 0.999535799 -0.030309878 -2.502727747 -0.836396217 0.019188976 0.547789395 111.465263367
0.499913424 0.021310395 0.865813196 0.680259705 0.004712277 0.999615490 -0.027324522 -2.515917778 -0.866062582 0.017739845 0.499620795 111.624908447
0.449400961 0.017472712 0.893159270 1.044340730 0.007462977 0.999700308 -0.023312023 -2.532660484 -0.893299043 0.017142070 0.449135840 111.763885498
0.396275878 0.017611315 0.917962611 1.414240360 0.003789985 0.999776125 -0.020817034 -2.558887959 -0.918123722 0.011728351 0.396120399 111.905158997
0.344945431 0.022437302 0.938354552 1.804429173 0.000333685 0.999711215 -0.024027091 -2.574643612 -0.938622713 0.008601151 0.344838321 112.021514893
0.294267088 0.028408401 0.955300927 2.209946871 0.001014937 0.999548256 -0.030036854 -2.570025444 -0.955722749 0.009808424 0.294105321 112.121231079
0.247256875 0.030695412 0.968463659 2.616225004 0.003830426 0.999459445 -0.032655753 -2.575797558 -0.968942404 0.011783990 0.247005612 112.206329346
0.206215009 0.030307705 0.978037238 3.041027546 0.011049704 0.999384284 -0.033298999 -2.592238903 -0.978444397 0.017673774 0.205753148 112.252662659
0.171128109 0.029833425 0.984797001 3.473901987 0.019917548 0.999232411 -0.033731800 -2.610146761 -0.985047460 0.025387200 0.170402557 112.288635254
0.140521526 0.031136667 0.989587903 3.929061651 0.024281107 0.999096394 -0.034883760 -2.626679897 -0.989779770 0.028930211 0.139638543 112.326194763
0.112638809 0.029656621 0.993193388 4.403509617 0.021995554 0.999235213 -0.032331564 -2.645570517 -0.993392587 0.025487626 0.111900367 112.368118286
0.087201044 0.025979053 0.995851874 4.886708736 0.016452624 0.999485970 -0.027514515 -2.662736654 -0.996054888 0.018783672 0.086728796 112.403160095
0.063294254 0.022452347 0.997742355 5.394739628 0.011267306 0.999667048 -0.023210432 -2.678142071 -0.997931302 0.012710952 0.063020185 112.438552856
0.040725499 0.019847799 0.998973310 5.918234348 0.015885163 0.999663532 -0.020509107 -2.698110580 -0.999044120 0.016704096 0.040396500 112.441040039
0.020316740 0.020629736 0.999580741 6.454548836 0.023664573 0.999497056 -0.021109000 -2.716836691 -0.999513447 0.024083519 0.019818321 112.426078796
0.002962077 0.023106614 0.999728620 7.021450520 0.028496938 0.999325037 -0.023181720 -2.737555742 -0.999589503 0.028557867 0.002301601 112.414840698
-0.012275659 0.028620411 0.999514997 7.638899326 0.028058765 0.999206543 -0.028266972 -2.749125957 -0.999530971 0.027698159 -0.013068986 112.430480957
-0.022438841 0.033248611 0.999195218 8.207894325 0.025712650 0.999135494 -0.032669194 -2.766708851 -0.999417484 0.024958896 -0.023274356 112.393302917
-0.028541991 0.033263084 0.999038994 8.832708359 0.027764978 0.999086976 -0.032471444 -2.782815218 -0.999206960 0.026811495 -0.029439479 112.374542236
-0.031643461 0.030104669 0.999045789 9.478913307 0.033873945 0.999004424 -0.029030509 -2.804568052 -0.998925149 0.032922991 -0.032631721 112.351913452
-0.031272739 0.028114101 0.999115407 10.121078491 0.035592586 0.999001801 -0.026996840 -2.831968546 -0.998877048 0.034716833 -0.032242175 112.326240540
-0.029546198 0.027637288 0.999181330 10.816852570 0.033980995 0.999067724 -0.026629314 -2.859725714 -0.998985767 0.033166368 -0.030457797 112.317039490
-0.027287168 0.028388664 0.999224484 11.514768600 0.030698411 0.999149144 -0.027548198 -2.881426334 -0.999156117 0.029922895 -0.028135434 112.302665710
-0.026233586 0.029515795 0.999219954 12.227642059 0.029713819 0.999145448 -0.028733481 -2.901718855 -0.999214172 0.028936859 -0.027088193 112.289657593
-0.025553066 0.030219423 0.999216676 12.943071365 0.028867578 0.999148548 -0.029479127 -2.932801485 -0.999256551 0.028091678 -0.026403671 112.280319214
-0.024428790 0.029969906 0.999252260 13.704050064 0.028715251 0.999159157 -0.029265109 -2.960923910 -0.999289036 0.027978873 -0.025268843 112.266899109
-0.023927426 0.028717995 0.999301195 14.462043762 0.027150756 0.999237239 -0.028066058 -2.988199234 -0.999344826 0.026460232 -0.024688892 112.251686096
-0.023378346 0.027408762 0.999350905 15.228125572 0.028281456 0.999242187 -0.026744176 -3.016054630 -0.999326587 0.027637864 -0.024135791 112.235183716
-0.024105892 0.025470881 0.999384880 16.032417297 0.028539713 0.999285400 -0.024779949 -3.040273190 -0.999301910 0.027924819 -0.024815595 112.226005554
-0.025222862 0.023467768 0.999406338 16.818176270 0.026116895 0.999398589 -0.022808455 -3.074294567 -0.999340594 0.025526099 -0.025820600 112.211059570
-0.026768928 0.022606544 0.999385953 17.611106873 0.025111482 0.999443948 -0.021935232 -3.099039316 -0.999326110 0.024508884 -0.027321726 112.196311951
-0.027758973 0.020190580 0.999410689 18.426094055 0.027681177 0.999428153 -0.019422073 -3.125046968 -0.999231339 0.027125726 -0.028301997 112.171844482
-0.029162791 0.018774277 0.999398291 19.242122650 0.028990343 0.999418974 -0.017928712 -3.148195982 -0.999154210 0.028450053 -0.029690119 112.150688171
-0.030739347 0.017603997 0.999372482 20.072612762 0.026639102 0.999504149 -0.016786933 -3.179970741 -0.999172390 0.026106363 -0.031193059 112.130432129
-0.031542473 0.022243405 0.999254823 20.891658783 0.023272360 0.999497652 -0.021514194 -3.210462093 -0.999231458 0.022576408 -0.032044284 112.106239319
-0.032356236 0.027004911 0.999111414 21.730260849 0.024795035 0.999348938 -0.026208341 -3.237256050 -0.999168813 0.023925001 -0.033004757 112.083229065
-0.033216998 0.028332971 0.999046445 22.564130783 0.024992006 0.999309063 -0.027509468 -3.269484282 -0.999135673 0.024054393 -0.033902142 112.054924011
-0.034908019 0.026154978 0.999048173 23.413402557 0.021563992 0.999444425 -0.025411880 -3.304481268 -0.999157846 0.020656388 -0.035452634 112.033706665
-0.036209166 0.021995829 0.999102056 24.262252808 0.018497156 0.999601126 -0.021336451 -3.338014126 -0.999173045 0.017707976 -0.036601584 112.015922546
-0.036534935 0.016870445 0.999189913 25.116172791 0.016985711 0.999723554 -0.016258379 -3.366801500 -0.999188006 0.016377954 -0.036811396 111.989799500
-0.036858618 0.011535426 0.999253809 25.966583252 0.013487115 0.999848008 -0.011044797 -3.390041351 -0.999229491 0.013069957 -0.037008602 111.966705322
-0.036749329 0.009794784 0.999276400 26.810045242 0.010623042 0.999899268 -0.009410215 -3.424539566 -0.999268115 0.010269538 -0.036849678 111.948554993
-0.036179826 0.016775776 0.999204457 27.661857605 0.012489597 0.999788523 -0.016333351 -3.454745054 -0.999267280 0.011888728 -0.036381699 111.921562195
-0.034410544 0.027980292 0.999016047 28.481645584 0.015281040 0.999505877 -0.027467670 -3.484230042 -0.999290943 0.014320828 -0.034821108 111.877517700
-0.033664409 0.032946188 0.998889983 29.316486359 0.017320305 0.999325693 -0.032376830 -3.515310526 -0.999283075 0.016211132 -0.034212347 111.849334717
-0.032744631 0.027412659 0.999087811 30.152179718 0.018956535 0.999461055 -0.026801610 -3.552526474 -0.999283910 0.018061634 -0.033246633 111.828109741
-0.032428164 0.020195950 0.999269962 30.990226746 0.021837097 0.999571502 -0.019493394 -3.581475496 -0.999235511 0.021189023 -0.032855291 111.807823181
-0.031995449 0.016940625 0.999344468 31.819362640 0.022743246 0.999609828 -0.016216969 -3.614944220 -0.999229252 0.022209466 -0.032368246 111.785545349
-0.031584550 0.017764227 0.999343216 32.620506287 0.022076076 0.999610543 -0.017071256 -3.640963078 -0.999257267 0.021522390 -0.031964414 111.755569458
-0.032482833 0.018522214 0.999300659 33.437767029 0.018881153 0.999661207 -0.017915156 -3.670923948 -0.999293864 0.018286012 -0.032821547 111.735671997
-0.034631122 0.018873015 0.999221921 34.256122589 0.017178774 0.999685228 -0.018286379 -3.698134899 -0.999252498 0.016532132 -0.034944430 111.719589233
-0.036780614 0.018388577 0.999154150 35.060028076 0.016557150 0.999704599 -0.017789209 -3.732875347 -0.999186158 0.015888847 -0.037074216 111.693016052
-0.039271809 0.018734625 0.999052882 35.870391846 0.014585855 0.999728441 -0.018173931 -3.764592409 -0.999122083 0.013858318 -0.039534405 111.670227051
-0.041354205 0.019069223 0.998962522 36.675544739 0.012794693 0.999745965 -0.018554512 -3.793155670 -0.999062598 0.012014112 -0.041587688 111.642646790
-0.043705359 0.018387016 0.998875141 37.484607697 0.010771970 0.999781132 -0.017932368 -3.819746017 -0.998986423 0.009976112 -0.043893855 111.617904663
-0.045392718 0.017357809 0.998818457 38.268993378 0.011685644 0.999789834 -0.016843626 -3.846098900 -0.998900831 0.010907259 -0.045586012 111.577560425
-0.047565114 0.017231932 0.998719573 39.061012268 0.010666044 0.999802947 -0.016742647 -3.878649473 -0.998811185 0.009856021 -0.047739532 111.547447205
-0.049344718 0.018286008 0.998614430 39.844806671 0.010732315 0.999784350 -0.017777115 -3.906760931 -0.998724163 0.009840236 -0.049530324 111.512344360
-0.050498873 0.018764166 0.998547852 40.637844086 0.011772612 0.999765217 -0.018191677 -3.929867744 -0.998654723 0.010836856 -0.050707918 111.482963562
-0.051484510 0.017754622 0.998515964 41.424819946 0.013661443 0.999760926 -0.017072363 -3.955906630 -0.998580337 0.012762208 -0.051714748 111.444610596
-0.052916899 0.016567493 0.998461485 42.174575806 0.013394319 0.999784172 -0.015879566 -3.990794182 -0.998509109 0.012533415 -0.053127389 111.399665833
-0.054496948 0.016177002 0.998382926 42.942405701 0.011993825 0.999807239 -0.015545398 -4.017050743 -0.998441935 0.011127256 -0.054680470 111.367301941
-0.055947062 0.015176211 0.998318374 43.696182251 0.010500681 0.999838114 -0.014610842 -4.042340755 -0.998378575 0.009665590 -0.056097362 111.334709167
-0.056902461 0.014118929 0.998279870 44.433868408 0.009456851 0.999862731 -0.013602273 -4.068180561 -0.998334944 0.008666583 -0.057028171 111.301147461
-0.057182975 0.013378572 0.998274028 45.147220612 0.009576187 0.999871552 -0.012851441 -4.099649429 -0.998317719 0.008824777 -0.057303745 111.255424500
-0.056976967 0.016152600 0.998244822 45.852210999 0.009449863 0.999832988 -0.015638931 -4.122662544 -0.998330772 0.008542217 -0.057120096 111.214126587
-0.056731496 0.019044798 0.998207808 46.551635742 0.009745549 0.999780893 -0.018520942 -4.148194313 -0.998341918 0.008677362 -0.056904674 111.177116394
-0.057157904 0.020734103 0.998149812 47.255096436 0.007621102 0.999764144 -0.020331228 -4.172323704 -0.998336077 0.006444911 -0.057302453 111.145210266
-0.057625901 0.021315230 0.998110652 47.956275940 0.007826729 0.999750972 -0.020898379 -4.202654839 -0.998307586 0.006607654 -0.057778381 111.111022949
-0.057305932 0.020986317 0.998136044 48.652698517 0.009272390 0.999747157 -0.020487832 -4.229501724 -0.998313665 0.008081032 -0.057486031 111.070579529
-0.058056731 0.020646464 0.998099744 49.341411591 0.009735284 0.999750376 -0.020114329 -4.255999088 -0.998265862 0.008549014 -0.058243234 111.036026001
-0.057559550 0.020961238 0.998121977 50.013988495 0.006395319 0.999766767 -0.020626971 -4.278048515 -0.998321593 0.005196030 -0.057680186 110.992408752
-0.058187801 0.020644385 0.998092115 50.718338013 0.003758637 0.999783635 -0.020460241 -4.312984467 -0.998298585 0.002560931 -0.058252808 110.974792480
-0.057960685 0.019378008 0.998130798 51.374530792 0.005299596 0.999803424 -0.019102739 -4.341558933 -0.998304725 0.004182483 -0.058051988 110.935180664
-0.058932208 0.018875880 0.998083532 52.055763245 0.005939849 0.999810100 -0.018557815 -4.364075661 -0.998244226 0.004834813 -0.059033133 110.897193909
-0.062490344 0.018133774 0.997880816 52.721340179 0.002615565 0.999834478 -0.018005483 -4.390243530 -0.998042166 0.001484854 -0.062527426 110.862907410
-0.068039522 0.017451225 0.997529984 53.403068542 -0.001044272 0.999845207 -0.017562957 -4.420810223 -0.997682035 -0.002236667 -0.068010770 110.830001831
-0.073602065 0.021977320 0.997045457 54.063167572 0.003185604 0.999757290 -0.021801930 -4.436031818 -0.997282565 0.001571526 -0.073654205 110.770462036
-0.080264874 0.025311872 0.996452153 54.722568512 0.005947573 0.999671817 -0.024914581 -4.452950001 -0.996755838 0.003926706 -0.080389097 110.718261719
-0.087366603 0.026831469 0.995814800 55.391403198 0.005224628 0.999635816 -0.026476042 -4.479943275 -0.996162534 0.002889641 -0.087474972 110.657592773
-0.093377784 0.025820706 0.995295823 56.061611176 0.001418292 0.999666095 -0.025801018 -4.508378506 -0.995629668 -0.000997622 -0.093383230 110.595542908
-0.099674635 0.025203742 0.994700849 56.760517120 0.001196088 0.999681413 -0.025210090 -4.532356739 -0.995019376 -0.001323057 -0.099673033 110.542175293
-0.104071610 0.025620326 0.994239748 57.458389282 -0.000981374 0.999664962 -0.025862854 -4.563369274 -0.994569242 -0.003667310 -0.104011610 110.474800110
-0.108634427 0.025515966 0.993754208 58.152454376 -0.002670289 0.999659359 -0.025959497 -4.575430393 -0.994078219 -0.005473707 -0.108529292 110.408058167
-0.110649660 0.021608666 0.993624568 58.835159302 -0.002736161 0.999753118 -0.022046650 -4.611541271 -0.993855715 -0.005158171 -0.110563211 110.327079773
-0.112342820 0.018688686 0.993493855 59.550205231 -0.000616058 0.999821663 -0.018877381 -4.635208130 -0.993669331 -0.002732789 -0.112311266 110.248146057
-0.113659285 0.015559963 0.993397951 60.263183594 -0.001012852 0.999874890 -0.015777299 -4.663585663 -0.993519306 -0.002799402 -0.113629311 110.168464661
-0.115231991 0.014716884 0.993229628 60.993999481 -0.002415842 0.999883115 -0.015095754 -4.693575382 -0.993335664 -0.004138999 -0.115182966 110.093811035
-0.115229204 0.018292552 0.993170500 61.706134796 -0.000922952 0.999827981 -0.018522257 -4.717180729 -0.993338466 -0.003050954 -0.115192495 110.004753113
-0.115832232 0.023315076 0.992995143 62.448848724 0.005931395 0.999722898 -0.022781150 -4.733574390 -0.993251085 0.003251054 -0.115938425 109.922370911
-0.116121404 0.028454034 0.992827415 63.188739777 0.013456507 0.999542952 -0.027072623 -4.760714054 -0.993143857 0.010216277 -0.116451234 109.826454163
-0.116775006 0.028833821 0.992739737 63.928993225 0.013123741 0.999535978 -0.027487485 -4.792477131 -0.993071675 0.009818609 -0.117099226 109.738441467
-0.117519729 0.027020810 0.992702901 64.689476013 0.011985461 0.999595582 -0.025789544 -4.821123600 -0.992998242 0.008867221 -0.117796041 109.660018921
-0.117572270 0.022413623 0.992811322 65.420402527 0.012181882 0.999702513 -0.021126578 -4.846947670 -0.992989600 0.009610411 -0.117810369 109.574043274
-0.116986617 0.020831188 0.992914975 66.160835266 0.014570929 0.999708295 -0.019256944 -4.872900486 -0.993026555 0.012214891 -0.117256038 109.479728699
-0.117988452 0.019747326 0.992818594 66.899192810 0.013814325 0.999738097 -0.018243233 -4.904574394 -0.992918849 0.011562628 -0.118230365 109.395591736
-0.120234720 0.020783963 0.992527902 67.650260925 0.012827179 0.999729872 -0.019380894 -4.933701992 -0.992662609 0.010401077 -0.120468847 109.318618774
-0.122048654 0.021446830 0.992292345 68.386596680 0.012193977 0.999723494 -0.020107619 -4.960063934 -0.992449224 0.009645881 -0.122276410 109.230361938
-0.124458149 0.021776924 0.991985798 69.126022339 0.013328834 0.999705613 -0.020274114 -4.988011837 -0.992135346 0.010698737 -0.124711767 109.139984131
-0.126222536 0.021981576 0.991758406 69.863395691 0.013873393 0.999695778 -0.020391822 -5.013623714 -0.991904974 0.011185147 -0.126489103 109.045867920
-0.128273070 0.021551749 0.991504669 70.612762451 0.013493930 0.999709189 -0.019984348 -5.041855812 -0.991647065 0.010815840 -0.128526583 108.950988770
-0.129982308 0.021846849 0.991275609 71.361709595 0.011189953 0.999725878 -0.020565787 -5.067866325 -0.991453171 0.008419140 -0.130191118 108.860290527
-0.131089956 0.023336353 0.991095662 72.113220215 0.011197810 0.999693990 -0.022057701 -5.096185207 -0.991307199 0.008206560 -0.131311163 108.764747620
-0.131956056 0.023776542 0.990970314 72.876350403 0.010488831 0.999689817 -0.022589078 -5.121381760 -0.991200030 0.007413354 -0.132164508 108.669509888
-0.133418098 0.023889616 0.990771830 73.645980835 0.009471445 0.999694467 -0.022829330 -5.151077747 -0.991014540 0.006338195 -0.133603603 108.571960449
-0.134669915 0.022398276 0.990637362 74.422042847 0.010018771 0.999724090 -0.021241751 -5.173632145 -0.990839839 0.007064343 -0.134857148 108.476791382
-0.135619015 0.019707851 0.990565062 75.202156067 0.007859888 0.999792039 -0.018815326 -5.202997208 -0.990729868 0.005234015 -0.135745704 108.375465393
-0.137655005 0.017982231 0.990316987 75.991012573 0.004719018 0.999835789 -0.017499123 -5.223685265 -0.990468979 0.002264481 -0.137717247 108.278106689
-0.139809370 0.017176792 0.990029454 76.780075073 0.005454396 0.999847651 -0.016576882 -5.255572319 -0.990163445 0.003082410 -0.139881775 108.166961670
-0.141417697 0.017841659 0.989789307 77.575675964 0.006753450 0.999831676 -0.017057771 -5.280615807 -0.989927053 0.004272221 -0.141514406 108.056709290
-0.143636152 0.019447196 0.989439487 78.370880127 0.006346098 0.999804378 -0.018729657 -5.301403522 -0.989610255 0.003588824 -0.143731490 107.943229675
-0.145093843 0.022388577 0.989164591 79.161727905 0.007642890 0.999739349 -0.021506848 -5.336000443 -0.989388406 0.004439565 -0.145227164 107.828720093
-0.145678371 0.026648881 0.988973022 79.964546204 0.009610958 0.999628067 -0.025520273 -5.361648083 -0.989285350 0.005787228 -0.145880327 107.712600708
-0.147011459 0.030332599 0.988669693 80.782897949 0.010214891 0.999522984 -0.029146669 -5.400477409 -0.989082038 0.005814258 -0.147251174 107.601417542
-0.146695524 0.031824701 0.988669634 81.607620239 0.012518496 0.999462008 -0.030314647 -5.430213928 -0.989102423 0.007929632 -0.147015005 107.479011536
-0.145741880 0.030827472 0.988842309 82.439765930 0.015788823 0.999459624 -0.028831413 -5.469384670 -0.989196658 0.011410711 -0.146149859 107.353469849
-0.145527661 0.029125685 0.988925338 83.265289307 0.016396973 0.999500275 -0.027024198 -5.501958370 -0.989218295 0.012282612 -0.145932525 107.226058960
-0.145287126 0.027357902 0.989011168 84.103736877 0.015741028 0.999554992 -0.025337184 -5.538524151 -0.989264309 0.011886888 -0.145653114 107.115402222
-0.143596694 0.024962937 0.989321351 84.950141907 0.014620977 0.999626219 -0.023100764 -5.570031166 -0.989528298 0.011147652 -0.143908009 107.000190735
-0.141975865 0.021680996 0.989632607 85.808334351 0.015265333 0.999689162 -0.019711301 -5.603165627 -0.989752471 0.012308543 -0.142262667 106.886245728
-0.140320003 0.018170292 0.989939630 86.661483765 0.015659748 0.999747217 -0.016130604 -5.634580612 -0.989982367 0.013238756 -0.140569091 106.767982483
-0.138969332 0.018013354 0.990132928 87.511253357 0.013930243 0.999771237 -0.016233530 -5.664721966 -0.990198791 0.011536828 -0.139188454 106.659423828
-0.137752116 0.022220418 0.990217507 88.360862732 0.014820065 0.999682724 -0.020371147 -5.696977615 -0.990355849 0.011868918 -0.138037726 106.544044495
-0.135651901 0.028641470 0.990342498 89.201377869 0.015550050 0.999520421 -0.026776941 -5.727745533 -0.990634501 0.011767534 -0.136032224 106.433822632
-0.134399951 0.032454770 0.990395665 90.067230225 0.013851501 0.999427319 -0.030871041 -5.756133556 -0.990830362 0.009569398 -0.134772539 106.324729919
-0.133065253 0.029348122 0.990672648 90.909446716 0.011149312 0.999542654 -0.028113332 -5.794915199 -0.991044521 0.007304413 -0.133331627 106.218894958
