1.000000000 0.000000000 0.000000000 0.000000000 0.000000000 1.000000000 0.000000000 0.000000000 0.000000000 0.000000000 1.000000000 0.000000000
0.999995828 0.002890562 0.000190841 -0.007381655 -0.002890826 0.999994814 0.001402050 -0.013787758 -0.000186787 -0.001402596 0.999998987 0.770440578
0.999983311 0.005754549 0.000531426 -0.012128441 -0.005755495 0.999981821 0.001797809 -0.028351517 -0.000521071 -0.001800837 0.999998212 1.534139991
0.999975383 0.006898922 0.001219613 -0.027292017 -0.006900993 0.999974847 0.001703007 -0.047463033 -0.001207834 -0.001711382 0.999997795 2.259972095
0.999958754 0.009007229 0.001158755 -0.028421637 -0.009008649 0.999958754 0.001225128 -0.058515891 -0.001147672 -0.001235516 0.999998629 2.991603613
0.999957860 0.008971171 0.001943404 -0.044390645 -0.008973397 0.999959111 0.001139880 -0.075706661 -0.001933099 -0.001157271 0.999997377 3.687806606
0.999955893 0.009221629 0.001779591 -0.034964241 -0.009225234 0.999955416 0.002027683 -0.087699868 -0.001760813 -0.002044011 0.999996245 4.386543274
0.999944448 0.010166165 0.002788351 -0.047843643 -0.010179629 0.999936402 0.004857010 -0.099865474 -0.002738797 -0.004885124 0.999984264 5.062671185
0.999943137 0.009846450 0.004088004 -0.048412301 -0.009881551 0.999913752 0.008656600 -0.106851630 -0.004002415 -0.008696504 0.999954104 5.733733654
0.999946594 0.008979169 0.005100615 -0.037879549 -0.009042377 0.999880910 0.012507440 -0.124850862 -0.004987702 -0.012552893 0.999908745 6.338850975
0.999937415 0.008974111 0.006672784 -0.038567603 -0.009072066 0.999849379 0.014797475 -0.130714908 -0.006538984 -0.014857084 0.999868274 6.965980530
0.999922812 0.009673450 0.007793332 -0.034630228 -0.009786377 0.999845743 0.014584741 -0.136767074 -0.007651045 -0.014659881 0.999863327 7.549524307
0.999910653 0.010510596 0.008250835 -0.022575090 -0.010610973 0.999869108 0.012217733 -0.147716463 -0.008121339 -0.012304190 0.999891341 8.106723785
0.999890804 0.010908910 0.009966408 -0.027165746 -0.010999558 0.999898314 0.009086370 -0.150171742 -0.009866271 -0.009195004 0.999909103 8.628252029
0.999905109 0.008587413 0.010766600 -0.004954256 -0.008672503 0.999931335 0.007881440 -0.162831038 -0.010698180 -0.007974065 0.999911070 9.129303932
0.999901772 0.004597055 0.013240082 -0.012508873 -0.004666549 0.999975502 0.005222656 -0.164548978 -0.013215748 -0.005283928 0.999898672 9.589347839
0.999885738 0.003130033 0.014788383 0.003466011 -0.003192455 0.999986112 0.004199254 -0.171985269 -0.014775032 -0.004245985 0.999881864 10.031380653
0.999839604 0.006983112 0.016495449 0.012438142 -0.007016542 0.999973536 0.001969693 -0.180485204 -0.016481258 -0.002085119 0.999862015 10.446578026
0.999739885 0.011373836 0.019768259 0.008451437 -0.011404295 0.999934018 0.001428794 -0.194172204 -0.019750699 -0.001653865 0.999803543 10.817578316
0.999653876 0.012396439 0.023205232 0.011922073 -0.012459231 0.999919176 0.002563319 -0.203316987 -0.023171578 -0.002851553 0.999727428 11.177054405
0.999622583 0.008337780 0.026174797 0.028641311 -0.008421614 0.999959767 0.003094300 -0.206974834 -0.026147941 -0.003313567 0.999652565 11.498677254
0.999583900 0.003118512 0.028675981 0.046544038 -0.003200099 0.999990940 0.002799672 -0.210783720 -0.028666992 -0.002890273 0.999584854 11.783424377
0.999518037 -0.000232146 0.031042986 0.064123385 0.000107949 0.999992073 0.004002425 -0.214226604 -0.031043665 -0.003997145 0.999510050 12.043957710
0.999434233 -0.000892830 0.033620339 0.070616782 0.000710851 0.999984980 0.005424337 -0.223827690 -0.033624675 -0.005397370 0.999419987 12.270048141
0.999355257 -0.000363326 0.035902169 0.076019943 0.000208080 0.999990642 0.004327783 -0.227290824 -0.035903405 -0.004317523 0.999345958 12.482691765
0.999307334 0.000530302 0.037209090 0.097027414 -0.000644199 0.999995172 0.003049075 -0.233876780 -0.037207294 -0.003070934 0.999302864 12.672117233
0.999177039 0.003226878 0.040431425 0.090705924 -0.003316266 0.999992132 0.002143986 -0.238717362 -0.040424190 -0.002276303 0.999180019 12.827441216
0.999096334 0.005855229 0.042095989 0.097377166 -0.005920815 0.999981403 0.001433500 -0.243193030 -0.042086810 -0.001681448 0.999112546 12.999725342
0.999037862 0.007257479 0.043251347 0.105798632 -0.007274295 0.999973536 0.000231396 -0.254271746 -0.043248519 -0.000545796 0.999064207 13.157918930
0.998938203 0.006630688 0.045590103 0.107081629 -0.006564773 0.999977112 -0.001595399 -0.259049177 -0.045599639 0.001294417 0.998959005 13.303115845
0.998868525 0.005197219 0.047272190 0.106116377 -0.005068797 0.999983132 -0.002836118 -0.264443904 -0.047286134 0.002593295 0.998878002 13.445314407
0.998827875 0.004022092 0.048237871 0.122931220 -0.003844736 0.999985516 -0.003768918 -0.265828699 -0.048252337 0.003579038 0.998828769 13.581942558
0.998764753 0.005029156 0.049433649 0.134842902 -0.004776102 0.999974966 -0.005235861 -0.267573148 -0.049458746 0.004993293 0.998763621 13.718036652
0.998684227 0.005778279 0.050955798 0.137367859 -0.005425461 0.999960363 -0.007059603 -0.274508923 -0.050994568 0.006773856 0.998675942 13.835443497
0.998634636 0.005954889 0.051898487 0.144055679 -0.005462814 0.999938786 -0.009618196 -0.273543477 -0.051952582 0.009321552 0.998606026 13.960536957
0.998603523 0.005266502 0.052566279 0.153396949 -0.004643867 0.999917626 -0.011959905 -0.275728613 -0.052624930 0.011699092 0.998545885 14.086332321
0.998625398 0.004578926 0.052213617 0.156908512 -0.003870473 0.999899149 -0.013661413 -0.280983359 -0.052270900 0.013440543 0.998542428 14.209329605
0.998740792 0.003807892 0.050022773 0.165469304 -0.003065873 0.999884188 -0.014901977 -0.286558360 -0.050073724 0.014729848 0.998636901 14.332073212
0.998901129 0.003751540 0.046716824 0.173949212 -0.003027848 0.999874473 -0.015552179 -0.291685492 -0.046769302 0.015393637 0.998787045 14.467402458
0.999077260 0.004465132 0.042717379 0.174223974 -0.003742395 0.999848783 -0.016984059 -0.289360076 -0.042786747 0.016808519 0.998942852 14.588456154
0.999318123 0.004071171 0.036698885 0.173083141 -0.003410786 0.999831438 -0.018039364 -0.294314027 -0.036766142 0.017901888 0.999163508 14.717571259
0.999525964 0.004162779 0.030503886 0.165004373 -0.003597945 0.999821484 -0.018548345 -0.297747701 -0.030575654 0.018429797 0.999362528 14.836588860
0.999715507 0.004596917 0.023402952 0.161829233 -0.004140673 0.999801219 -0.019506445 -0.298453927 -0.023487967 0.019403988 0.999535799 14.957834244
0.999878109 0.003988780 0.015094547 0.159479782 -0.003682167 0.999787390 -0.020286398 -0.301904678 -0.015172258 0.020228343 0.999680281 15.093986511
0.999979854 0.003453299 0.005320664 0.144726723 -0.003336822 0.999757886 -0.021746894 -0.301602334 -0.005394476 0.021728700 0.999749362 15.222543716
0.999965191 0.001869531 -0.008133884 0.143166542 -0.002057678 0.999729156 -0.023184711 -0.307082295 0.008088340 0.023200640 0.999698102 15.375667572
0.999713540 0.000901247 -0.023918085 0.116154097 -0.001506086 0.999679208 -0.025281986 -0.308522165 0.023887627 0.025310764 0.999394178 15.525543213
0.999073267 0.001226056 -0.043023735 0.089570731 -0.002365475 0.999647498 -0.026442589 -0.308864176 0.042976148 0.026519854 0.998724103 15.713312149
0.997900665 0.002151118 -0.064727902 0.053595126 -0.003823482 0.999661803 -0.025724061 -0.317108601 0.064650685 0.025917541 0.997571349 15.892516136
0.996087730 0.002449808 -0.088334970 0.010536156 -0.004620880 0.999692023 -0.024381602 -0.326426268 0.088248044 0.024694402 0.995792389 16.087778091
0.993349493 0.003264384 -0.115092076 -0.039579526 -0.005937511 0.999720275 -0.022890823 -0.331889749 0.114985161 0.023421941 0.993091106 16.310634613
0.989409804 0.004439672 -0.145080924 -0.112710930 -0.007541429 0.999754429 -0.020836527 -0.338131726 0.144952789 0.021709984 0.989200354 16.544000626
0.983932436 0.004322103 -0.178488642 -0.178145617 -0.007515145 0.999823451 -0.017217088 -0.348724812 0.178382725 0.018281819 0.983791351 16.785892487
0.976598144 0.005593511 -0.214999393 -0.272095680 -0.008613070 0.999876976 -0.013110201 -0.352226377 0.214899585 0.014655203 0.976526201 17.041646957
0.967020512 0.007278379 -0.254594445 -0.380368024 -0.009620817 0.999922037 -0.007956639 -0.354307115 0.254516721 0.010143638 0.967015207 17.303134918
0.955065012 0.010928382 -0.296194851 -0.501021266 -0.012389952 0.999918640 -0.003057842 -0.361160785 0.296137363 0.006590277 0.955122650 17.572235107
0.941053689 0.014550282 -0.337944269 -0.639030099 -0.015006972 0.999886572 0.001261352 -0.361999840 0.337924302 0.003884518 0.941165328 17.836099625
0.924366474 0.017589351 -0.381100059 -0.797535181 -0.015957819 0.999844968 0.007440961 -0.367681682 0.381171882 -0.000796648 0.924503863 18.118139267
0.905178308 0.021073781 -0.424509257 -0.972024262 -0.016126331 0.999753833 0.015244390 -0.373954922 0.424726039 -0.006953113 0.905295253 18.404087067
0.883207977 0.025466254 -0.468289703 -1.142558575 -0.017325211 0.999614775 0.021684609 -0.373587787 0.468661547 -0.011038800 0.883308887 18.665542603
0.858682811 0.031086825 -0.511563897 -1.355186939 -0.020393087 0.999440670 0.026503526 -0.377966434 0.512101710 -0.012325752 0.858836353 18.933456421
0.830556691 0.033924047 -0.555899978 -1.579213977 -0.020895589 0.999338567 0.029765483 -0.371730924 0.556542039 -0.013106065 0.830716074 19.214075089
0.799826980 0.037709072 -0.599044919 -1.827138662 -0.023617363 0.999228895 0.031366911 -0.364901602 0.599765778 -0.010940239 0.800100803 19.468990326
0.765735507 0.041316293 -0.641827285 -2.099271297 -0.024504432 0.999084055 0.035078812 -0.365531266 0.642688811 -0.011133476 0.766046464 19.741529465
0.729297519 0.044572923 -0.682743251 -2.421174765 -0.025566319 0.998954177 0.037907161 -0.340637296 0.683718860 -0.010190365 0.729674399 20.021316528
0.691536367 0.045283135 -0.720920801 -2.791821241 -0.022833174 0.998904645 0.040841602 -0.321098447 0.721980572 -0.011782543 0.691812932 20.306844711
0.650085151 0.044996027 -0.758527935 -3.136681795 -0.020279991 0.998916984 0.041875288 -0.306441456 0.759590685 -0.011839564 0.650293648 20.569536209
0.608185768 0.043785252 -0.792586267 -3.521247864 -0.014742468 0.998928368 0.043871783 -0.291695863 0.793657839 -0.014997512 0.608179450 20.814031601
0.563395977 0.043936830 -0.825017869 -3.929017067 -0.010279259 0.998880267 0.046176393 -0.276940554 0.826122999 -0.017535023 0.563216925 21.057949066
0.516785324 0.044744816 -0.854944885 -4.348489761 -0.007975489 0.998841405 0.047454946 -0.247857749 0.856077790 -0.017705414 0.516543508 21.266317368
0.468065441 0.045639161 -0.882514477 -4.807916641 -0.007668398 0.998837650 0.047587670 -0.236214012 0.883660555 -0.015506671 0.467871368 21.462865829
0.415559173 0.044378486 -0.908482850 -5.291297913 -0.001997996 0.998851180 0.047878962 -0.214402154 0.909563899 -0.018081399 0.415170461 21.652330399
0.361116827 0.043737337 -0.931494355 -5.785700798 0.003417616 0.998830676 0.048223976 -0.196622536 0.932514310 -0.020597979 0.360545188 21.821899414
0.308120966 0.042981818 -0.950375736 -6.326665878 0.005939806 0.998872459 0.047100883 -0.174498782 0.951328695 -0.020157816 0.307518244 21.958364487
0.255630404 0.047962844 -0.965584099 -6.903885365 0.006316593 0.998664439 0.051278286 -0.130308554 0.966753960 -0.019207492 0.254986048 22.074132919
0.203964666 0.052715246 -0.977557957 -7.482831955 0.008612337 0.998413861 0.055636853 -0.099378392 0.978940368 -0.019767011 0.203187212 22.160812378
0.155898347 0.053976562 -0.986297190 -8.088225365 0.014282931 0.998278320 0.056889866 -0.071522042 0.987669885 -0.022956254 0.154859021 22.231502533
0.112039663 0.055816561 -0.992134869 -8.653554916 0.016886212 0.998170018 0.058063015 -0.060783651 0.993560255 -0.023258759 0.110892110 22.264625549
0.071517102 0.054156814 -0.995968044 -9.290901184 0.017100139 0.998311460 0.055512153 -0.032238841 0.997292757 -0.021001261 0.070470266 22.283395767
0.035995390 0.049613182 -0.998119652 -9.933713913 0.014070291 0.998642862 0.050146587 0.008139819 0.999252915 -0.015848882 0.035248462 22.277698517
0.007596705 0.049491048 -0.998745680 -10.608596802 0.011776966 0.998700798 0.049578395 0.043754838 0.999901772 -0.012138827 0.007003978 22.256576538
-0.013484001 0.053770438 -0.998462200 -11.306622505 0.010390959 0.998506665 0.053632498 0.074836396 0.999855101 -0.009651802 -0.014022591 22.231573105
-0.026206518 0.059585288 -0.997879148 -12.033884048 0.011919791 0.998169601 0.059289597 0.113211483 0.999585450 -0.010340737 -0.026868794 22.199380875
-0.034389239 0.062406350 -0.997458160 -12.769396782 0.011693860 0.998005450 0.062037412 0.144370690 0.999340057 -0.009530718 -0.035050418 22.168069839
-0.037886839 0.059286378 -0.997521758 -13.523158073 0.012483668 0.998188734 0.058851872 0.183269277 0.999204040 -0.010223019 -0.038558330 22.127737045
-0.036973093 0.055576343 -0.997769654 -14.290399551 0.019973675 0.998293996 0.054865409 0.217355818 0.999116659 -0.017900582 -0.038020078 22.100013733
-0.032794520 0.053908844 -0.998007178 -15.101692200 0.031686652 0.998098373 0.052872553 0.262374580 0.998959720 -0.029889582 -0.034440342 22.085575104
-0.027021393 0.053965375 -0.998177111 -15.924612045 0.032015808 0.998076200 0.053093228 0.301648825 0.999122083 -0.030522792 -0.028697152 22.064167023
-0.022061603 0.052694850 -0.998366892 -16.789180756 0.030080408 0.998192847 0.052020945 0.335259855 0.999303997 -0.028883623 -0.023606814 22.044700623
-0.019140067 0.046100724 -0.998753428 -17.657892227 0.033721257 0.998397827 0.045438081 0.376214534 0.999248087 -0.032809529 -0.020663973 22.038112640
-0.016942520 0.035271205 -0.999234140 -18.540647507 0.031409003 0.998903155 0.034726966 0.412481695 0.999363005 -0.030796587 -0.018031770 22.020833969
-0.016357150 0.027042558 -0.999500453 -19.434562683 0.023893958 0.999359310 0.026647709 0.437795073 0.999580681 -0.023446139 -0.016992822 21.989664078
-0.017188832 0.023941709 -0.999565542 -20.355068207 0.017993359 0.999558747 0.023632128 0.467327356 0.999690354 -0.017579334 -0.017612038 21.951463699
-0.020925621 0.030210501 -0.999324501 -21.280092239 0.008728730 0.999510884 0.030033350 0.481960595 0.999742866 -0.008094369 -0.021179084 21.913196564
-0.025840253 0.038447805 -0.998926401 -22.242797852 0.004067367 0.999255836 0.038355265 0.507961214 0.999657750 -0.003071891 -0.025977405 21.867750168
-0.030362794 0.047949158 -0.998388112 -23.216051102 0.002389069 0.998849332 0.047898643 0.543047309 0.999536037 -0.000930884 -0.030442407 21.826623917
-0.031577542 0.057884000 -0.997823775 -24.217575073 0.000865272 0.998322785 0.057885572 0.583422720 0.999500930 0.000964495 -0.031574667 21.780317307
-0.032456513 0.065889835 -0.997298837 -25.236961365 0.002870129 0.997826576 0.065831296 0.628794730 0.999469101 -0.000725723 -0.032575082 21.744453430
-0.034109633 0.066461995 -0.997205734 -26.266990662 0.003853980 0.997787654 0.066368960 0.685945153 0.999410689 -0.001579390 -0.034290314 21.707059860
-0.036020942 0.063575089 -0.997326791 -27.268634796 0.002339950 0.997977078 0.063532040 0.738975644 0.999348283 -0.000045211 -0.036096837 21.666856766
-0.038984023 0.058899231 -0.997502446 -28.288864136 0.002216674 0.998263955 0.058857568 0.786059916 0.999237418 0.000083367 -0.039046906 21.623937607
-0.043048762 0.053237818 -0.997653544 -29.313234329 0.001708806 0.998581707 0.053213619 0.836081207 0.999071538 0.000585984 -0.043078680 21.563877106
-0.048768904 0.048608761 -0.997626603 -30.359123230 0.001762910 0.998817623 0.048580624 0.878465772 0.998808503 0.000610499 -0.048796941 21.508171082
-0.055207711 0.046687998 -0.997382760 -31.382091522 0.000977714 0.998908162 0.046705291 0.919509470 0.998474360 0.001603337 -0.055193081 21.432865143
-0.062353440 0.049064308 -0.996847332 -32.405235291 0.001509975 0.998794436 0.049065687 0.960605562 0.998053014 0.001554200 -0.062352359 21.370315552
-0.068319440 0.053640477 -0.996220410 -33.469150543 0.000004743 0.998553634 0.053765770 1.004045486 0.997663558 0.003668522 -0.068220876 21.284263611
-0.074772358 0.056784373 -0.995582581 -34.523147583 -0.002813736 0.998361409 0.057154190 1.046139002 0.997196674 0.007074860 -0.074490048 21.197637558
-0.079347394 0.058810603 -0.995110750 -35.592285156 -0.006150900 0.998210311 0.059484243 1.096815467 0.996828139 0.010840746 -0.078843653 21.102561951
-0.081977367 0.060245696 -0.994811535 -36.675094604 -0.010904905 0.998057306 0.061340868 1.146066785 0.996574521 0.015876889 -0.081161126 20.998695374
-0.083833508 0.061737042 -0.994565487 -37.748149872 -0.015506539 0.997877300 0.063249685 1.195037961 0.996359229 0.020724710 -0.082698219 20.896171570
-0.084910914 0.060864855 -0.994527757 -38.830070496 -0.016214028 0.997915983 0.062456533 1.252855778 0.996256590 0.021428544 -0.083747081 20.792432785
-0.086356156 0.060040776 -0.994453430 -39.911640167 -0.016621005 0.997956514 0.061695620 1.306036234 0.996125638 0.021856613 -0.085181750 20.692146301
-0.087114349 0.059237972 -0.994435489 -41.005378723 -0.017996321 0.997973979 0.061025266 1.359155774 0.996035755 0.023212356 -0.085871801 20.586040497
-0.088304728 0.058335681 -0.994383812 -42.091056824 -0.020323440 0.997970402 0.060350861 1.412479281 0.995886207 0.025538567 -0.086939916 20.482933044
-0.088435173 0.055817906 -0.994516790 -43.161911011 -0.024635931 0.998000681 0.058204133 1.460204959 0.995777190 0.029648140 -0.086883232 20.368879318
-0.088938288 0.051128920 -0.994724095 -44.223903656 -0.029943882 0.998093069 0.053979371 1.497868538 0.995586932 0.034586724 -0.087237686 20.273351669
-0.088230103 0.050400551 -0.994824231 -45.327663422 -0.031887028 0.998064399 0.053392734 1.550172210 0.995589614 0.036432825 -0.086452194 20.168130875
-0.086833544 0.054686069 -0.994720757 -46.439460754 -0.032425132 0.997807980 0.057686325 1.591884136 0.995694935 0.037263054 -0.084869996 20.072038651
-0.084562555 0.057871360 -0.994736195 -47.542976379 -0.032932825 0.997604251 0.060837843 1.640694261 0.995873809 0.037904069 -0.082454100 19.965814590
-0.083237194 0.057388410 -0.994875908 -48.657966614 -0.030906523 0.997711599 0.060137790 1.695249557 0.996050358 0.035753857 -0.081273027 19.872714996
-0.080930009 0.056424279 -0.995121360 -49.766059875 -0.030459765 0.997790039 0.059052784 1.747764826 0.996254206 0.035090309 -0.079032488 19.781833649
-0.076488324 0.056955900 -0.995442390 -50.887969971 -0.035050455 0.997596502 0.059772369 1.802067637 0.996454179 0.039462607 -0.074308142 19.677658081
-0.070490666 0.057749949 -0.995839357 -52.004360199 -0.040322650 0.997341752 0.060691327 1.856729507 0.996697068 0.044433057 -0.067974664 19.577587128
-0.064663850 0.057385303 -0.996255755 -53.123775482 -0.044325389 0.997194707 0.060316414 1.909041286 0.996922255 0.048059713 -0.061938819 19.490428925
-0.058455832 0.056478746 -0.996691167 -54.277614594 -0.045560017 0.997207046 0.059180092 1.968735456 0.997249782 0.048868679 -0.055719402 19.407989502
-0.052967831 0.055139892 -0.997072697 -55.411193848 -0.045336656 0.997311950 0.057561561 2.027134418 0.997566521 0.048252854 -0.050325595 19.348445892
-0.047349595 0.054908864 -0.997368038 -56.562652588 -0.044085722 0.997400165 0.057003573 2.079753399 0.997905016 0.046668790 -0.044805791 19.285026550
-0.042058311 0.055729538 -0.997559667 -57.704204559 -0.042697057 0.997430801 0.057522494 2.128009796 0.998202384 0.045012161 -0.039570764 19.237182617
-0.035938621 0.057268724 -0.997711718 -58.852134705 -0.042200472 0.997379124 0.058769744 2.177048206 0.998462558 0.044216000 -0.033427663 19.185327530
-0.030565010 0.058618568 -0.997812390 -60.006885529 -0.042761903 0.997288108 0.059897654 2.228532076 0.998617589 0.044499133 -0.027975477 19.149812698
-0.025525998 0.057538800 -0.998016894 -61.178169250 -0.042288400 0.997386396 0.058584057 2.282244921 0.998779297 0.043699950 -0.023026060 19.122846603
-0.020633455 0.053152401 -0.998373210 -62.319465637 -0.042228028 0.997648299 0.053986534 2.328260660 0.998894930 0.043273266 -0.018340407 19.089464188
-0.016683152 0.047806226 -0.998717308 -63.471973419 -0.042238656 0.997930884 0.048474167 2.372727156 0.998968244 0.042993173 -0.014629360 19.074039459
-0.012403050 0.047630783 -0.998787940 -64.667358398 -0.041794587 0.997967243 0.048110649 2.409732342 0.999049246 0.042340644 -0.010387128 19.044084549
-0.008849517 0.049879167 -0.998716056 -65.837295532 -0.041350547 0.997882664 0.050203945 2.453262806 0.999105513 0.041741736 -0.006768248 19.026302338
-0.006751061 0.049842462 -0.998734236 -66.991981506 -0.041424923 0.997885823 0.050080128 2.490985870 0.999118865 0.041710585 -0.004672068 19.013523102
-0.005650378 0.049520522 -0.998757124 -68.161392212 -0.043300077 0.997824192 0.049719241 2.534468889 0.999046147 0.043527193 -0.003493841 19.000740051
-0.005017172 0.050507955 -0.998710990 -69.333869934 -0.044156209 0.997738302 0.050680581 2.574563503 0.999012053 0.044353575 -0.002775584 18.991264343
-0.003449403 0.050333988 -0.998726547 -70.497962952 -0.045189481 0.997704327 0.050438549 2.611832619 0.998972476 0.045305915 -0.001166916 18.968782425
-0.002515577 0.048030149 -0.998842716 -71.658996582 -0.045563970 0.997802913 0.048094902 2.651787043 0.998958230 0.045632225 -0.000321607 18.962055206
-0.002132553 0.047090922 -0.998888373 -72.838088989 -0.044057969 0.997916222 0.047139149 2.689830780 0.999026716 0.044109516 -0.000053379 18.959859848
-0.001655535 0.046618443 -0.998911321 -74.018402100 -0.040283933 0.998098731 0.046647288 2.729100227 0.999186814 0.040317304 0.000225587 18.954675674
-0.001721816 0.047222622 -0.998882830 -75.201179504 -0.038312130 0.998147786 0.047253910 2.771167994 0.999264300 0.038350694 0.000090572 18.955093384
-0.001531812 0.050464943 -0.998724639 -76.387916565 -0.037555173 0.998018324 0.050486859 2.801518202 0.999293387 0.037584603 0.000366443 18.953477859
-0.000307681 0.053661849 -0.998559058 -77.566886902 -0.040357757 0.997744977 0.053630531 2.847023726 0.999185264 0.040316105 0.001858685 18.932779312
-0.000621984 0.054165028 -0.998531699 -78.757865906 -0.042517815 0.997627616 0.054142457 2.884786844 0.999095559 0.042489067 0.001682470 18.933603287
0.000251680 0.052108377 -0.998641551 -79.935043335 -0.043677013 0.997689009 0.052047674 2.925582409 0.999045670 0.043604583 0.002527036 18.924365997
0.001096778 0.049415391 -0.998777807 -81.115653992 -0.043574724 0.997832000 0.049320754 2.973343611 0.999049544 0.043467365 0.003247663 18.912973404
0.000577587 0.049243458 -0.998786569 -82.296676636 -0.041062944 0.997945547 0.049178250 3.007393122 0.999156415 0.040984716 0.002598482 18.917314529
0.000298185 0.050494291 -0.998724282 -83.472351074 -0.039671157 0.997938752 0.050442744 3.051614285 0.999212742 0.039605509 0.002300738 18.924022675
0.001051650 0.053501286 -0.998567224 -84.640625000 -0.038263503 0.997838676 0.053421952 3.087408304 0.999267042 0.038152497 0.003096524 18.912265778
0.001717334 0.055689082 -0.998446763 -85.816711426 -0.038896021 0.997696340 0.055580329 3.132251263 0.999241769 0.038740151 0.003879461 18.910533905
0.001765803 0.056009445 -0.998428643 -86.987442017 -0.040203020 0.997627020 0.055893369 3.173910379 0.999189973 0.040041149 0.004013360 18.903560638
0.002221248 0.053931948 -0.998542070 -88.153724670 -0.040160879 0.997743726 0.053799491 3.217267513 0.999190748 0.039982833 0.004382191 18.903877258
0.002219434 0.052425988 -0.998622298 -89.323348999 -0.038658231 0.997882783 0.052301239 3.263222933 0.999249995 0.038488902 0.004241431 18.907390594
0.001755993 0.053633545 -0.998559177 -90.490638733 -0.036514468 0.997898102 0.053533837 3.301811218 0.999331594 0.036367860 0.003710703 18.915288925
0.003171007 0.056399368 -0.998403251 -91.644989014 -0.035007861 0.997802496 0.056254253 3.348488331 0.999381959 0.034773581 0.005138461 18.898069382
0.002316792 0.058734797 -0.998270869 -92.812759399 -0.033668846 0.997712195 0.058623787 3.393272161 0.999430299 0.033474818 0.004289025 18.909305573
0.003619165 0.060876485 -0.998138726 -93.981758118 -0.034897704 0.997544944 0.060713731 3.440968037 0.999384344 0.034613013 0.005734730 18.894906998
0.003858998 0.062940262 -0.998009861 -95.148597717 -0.037711091 0.997316539 0.062750719 3.494416475 0.999281287 0.037393883 0.006222189 18.887401581
0.004049749 0.062657923 -0.998026788 -96.306823730 -0.039705869 0.997258127 0.062448528 3.536662817 0.999203205 0.039374623 0.006526531 18.883916855
0.003957208 0.058444932 -0.998282790 -97.478019714 -0.041978016 0.997420371 0.058228038 3.584890366 0.999110699 0.041675512 0.006400402 18.877731323
0.004210485 0.056673545 -0.998383880 -98.645019531 -0.043317582 0.997465909 0.056438744 3.634253502 0.999052465 0.043009941 0.006654775 18.875642776
0.004289280 0.055136204 -0.998469651 -99.822479248 -0.043615945 0.997538924 0.054897450 3.680784225 0.999039173 0.043313723 0.006683542 18.877403259
0.004716000 0.055472571 -0.998449028 -101.014495850 -0.042770531 0.997557700 0.055221032 3.729305267 0.999073803 0.042443775 0.007077074 18.882617950
0.004678816 0.057570074 -0.998330474 -102.166053772 -0.042734403 0.997440875 0.057318497 3.778224230 0.999075532 0.042394876 0.007127066 18.881191254
0.004626505 0.059883516 -0.998194635 -103.327842712 -0.041690592 0.997349024 0.059639562 3.817179918 0.999119878 0.041339401 0.007110820 18.889411926
0.004145946 0.058327891 -0.998288810 -104.491897583 -0.045267954 0.997284949 0.058081243 3.877828360 0.998966336 0.044949688 0.006775074 18.883960724
0.004455828 0.060145739 -0.998179734 -105.658767700 -0.048995294 0.997003913 0.059856180 3.923187971 0.998789072 0.048639402 0.007389336 18.877943039
0.004276870 0.059222169 -0.998235583 -106.862213135 -0.053331532 0.996837556 0.058910731 3.979951143 0.998567700 0.052985489 0.007421755 18.864482880
0.003862125 0.055082794 -0.998474360 -108.038581848 -0.054209590 0.997025073 0.054793160 4.035427570 0.998522103 0.053915270 0.006836652 18.866775513
0.003330348 0.051442597 -0.998670340 -109.232849121 -0.053849369 0.997236133 0.051189136 4.079692841 0.998543501 0.053607292 0.006091294 18.861061096
0.002327240 0.050499577 -0.998721302 -110.431137085 -0.050274007 0.997467041 0.050318997 4.125162125 0.998732746 0.050092619 0.004860161 18.863668442
0.001999571 0.049868938 -0.998753786 -111.605300903 -0.046340641 0.997687399 0.049722925 4.166387558 0.998923719 0.046183471 0.004305906 18.868984222
0.001862400 0.051705088 -0.998660743 -112.813758850 -0.045667253 0.997624874 0.051566307 4.213560581 0.998954952 0.045510050 0.004219207 18.861480713
0.001013466 0.055887848 -0.998436570 -114.029953003 -0.044124562 0.997467101 0.055788793 4.253281116 0.999025583 0.043999035 0.003476926 18.855140686
0.000345058 0.055507593 -0.998458207 -115.292900085 -0.043055020 0.997533321 0.055441283 4.322631359 0.999072611 0.042969510 0.002734087 18.861108780
-0.000946530 0.051225837 -0.998686671 -116.516250610 -0.043018822 0.997760415 0.051219109 4.372015476 0.999073803 0.043010809 0.001259265 18.862255096
-0.001360686 0.047669429 -0.998862207 -117.767631531 -0.043413837 0.997918606 0.047683533 4.414272785 0.999056220 0.043429334 0.000711659 18.855014801
-0.001535404 0.045764867 -0.998951018 -119.028083801 -0.042675912 0.998039186 0.045788687 4.471590042 0.999087811 0.042701449 0.000420664 18.843305588
-0.002569668 0.046739422 -0.998903811 -120.267120361 -0.044794563 0.997899055 0.046807643 4.519659042 0.998992920 0.044865731 -0.000470597 18.835838318
-0.002254250 0.051905837 -0.998649478 -121.536064148 -0.049942274 0.997399926 0.051953632 4.560694218 0.998749614 0.049991928 0.000343907 18.809688568
-0.002639750 0.055201415 -0.998471737 -122.783020020 -0.055074900 0.996951759 0.055262987 4.607713223 0.998478651 0.055136606 0.000408508 18.795364380
-0.002525752 0.054733064 -0.998497784 -124.046760559 -0.062324822 0.996551216 0.054784015 4.665801525 0.998052657 0.062369566 0.000894188 18.772209167
-0.001606244 0.052191481 -0.998635769 -125.298500061 -0.065825567 0.996465743 0.052183941 4.721437454 0.997829854 0.065819584 0.001834966 18.745782852
-0.003000861 0.051428169 -0.998672128 -126.541397095 -0.067728385 0.996373057 0.051513288 4.765893459 0.997699261 0.067793049 0.000493170 18.744497299
-0.003707116 0.050407510 -0.998721778 -127.802261353 -0.067640513 0.996428728 0.050542850 4.810615540 0.997702897 0.067741431 -0.000284287 18.736339569
-0.003892601 0.050200049 -0.998731554 -129.096954346 -0.065571345 0.996576905 0.050347310 4.850014210 0.997840226 0.065684155 -0.000587592 18.724836349
-0.004515279 0.051132962 -0.998681605 -130.351623535 -0.065788426 0.996513009 0.051319368 4.891041279 0.997823358 0.065933421 -0.001135577 18.716457367
-0.005158126 0.055956531 -0.998419881 -131.607238770 -0.065886438 0.996244609 0.056175008 4.938328266 0.997813821 0.066072084 -0.001451978 18.707349777
-0.005004610 0.059861299 -0.998194158 -132.886428833 -0.064999916 0.996076226 0.060060177 4.993819714 0.997872770 0.065183111 -0.001093994 18.688335419
-0.005223016 0.058863044 -0.998252392 -134.154586792 -0.064946234 0.996138334 0.059078205 5.043471813 0.997875154 0.065141290 -0.001379913 18.672765732
-0.004522661 0.057267152 -0.998348594 -135.420989990 -0.064992875 0.996231198 0.057440121 5.098926067 0.997875452 0.065145336 -0.000783658 18.658803940
-0.003123794 0.056577571 -0.998393297 -136.669250488 -0.064001665 0.996339917 0.056661461 5.152943611 0.997944951 0.064075828 0.000508698 18.644701004
-0.002393473 0.055977691 -0.998429120 -137.918411255 -0.064414799 0.996349812 0.056015536 5.197303772 0.997920334 0.064447701 0.001221056 18.640642166
-0.001629504 0.057933737 -0.998319030 -139.161087036 -0.064044714 0.996264875 0.057919066 5.249064922 0.997945726 0.064031444 0.002086932 18.642274857
-0.001060297 0.061742142 -0.998091578 -140.406753540 -0.065084644 0.995971680 0.061680153 5.300755978 0.997879207 0.065025836 0.002962440 18.635755539
0.000260751 0.062313590 -0.998056531 -141.659011841 -0.066541471 0.995845675 0.062158171 5.362379551 0.997783661 0.066395953 0.004406106 18.628307343
0.001546821 0.060096372 -0.998191297 -142.910263062 -0.068679325 0.995841920 0.059848506 5.406123161 0.997637570 0.068462528 0.005667769 18.619556427
0.001476134 0.057414282 -0.998349309 -144.156143188 -0.067385010 0.996086955 0.057184536 5.456341267 0.997725964 0.067189373 0.005339221 18.620328903
0.001677531 0.055516303 -0.998456478 -145.393325806 -0.064616896 0.996377170 0.055292137 5.506566048 0.997908711 0.064424388 0.005258746 18.625238419
0.000724451 0.054929830 -0.998489976 -146.626708984 -0.062806286 0.996521413 0.054775972 5.552643776 0.998025477 0.062671766 0.004171871 18.632310867
0.000671663 0.055518236 -0.998457432 -147.853759766 -0.061058715 0.996596992 0.055373713 5.594490051 0.998133957 0.060927343 0.004059250 18.634122849
0.000577095 0.053969700 -0.998542428 -149.063064575 -0.058991741 0.996805429 0.053841725 5.645897865 0.998258293 0.058874689 0.003759018 18.632467270
0.000809070 0.054077238 -0.998536408 -150.307113647 -0.058042340 0.996855855 0.053939205 5.695755005 0.998313785 0.057913750 0.003945296 18.628616333
0.000451743 0.056639366 -0.998394668 -151.545547485 -0.055943869 0.996832550 0.056525443 5.745667934 0.998433828 0.055828519 0.003618938 18.630140305
0.000976338 0.057756092 -0.998330235 -152.743484497 -0.053889811 0.996883094 0.057619665 5.796883106 0.998546422 0.053743571 0.004085760 18.627403259
0.000649028 0.056307632 -0.998413265 -153.968963623 -0.051826678 0.997073531 0.056198396 5.846110344 0.998655975 0.051707968 0.003565365 18.626977921
-0.000265276 0.056675129 -0.998392642 -155.179626465 -0.052116286 0.997035086 0.056611914 5.893854618 0.998641014 0.052047532 0.002689208 18.626188278
-0.000130295 0.061097436 -0.998131752 -156.410507202 -0.053096090 0.996723413 0.061018158 5.951030731 0.998589396 0.053004842 0.003114167 18.621145248
0.000520665 0.067852646 -0.997695208 -157.645507812 -0.057935823 0.996021628 0.067708589 6.005589962 0.998320222 0.057767034 0.004449693 18.612302780
0.001338516 0.067968123 -0.997686625 -158.864578247 -0.062656112 0.995732903 0.067750968 6.061633587 0.998034298 0.062420480 0.005591423 18.606540680
0.002815418 0.063802868 -0.997958601 -160.093322754 -0.066380054 0.995773315 0.063475892 6.126512051 0.997790456 0.066065826 0.007038756 18.593057632
0.004796070 0.058812756 -0.998257518 -161.323074341 -0.068486087 0.995944321 0.058347445 6.176593304 0.997640550 0.068086907 0.008804475 18.583795547
0.005239130 0.057429191 -0.998335838 -162.544311523 -0.070989825 0.995852053 0.056913760 6.227773190 0.997463346 0.070573516 0.009294285 18.586053848
0.006871082 0.054263111 -0.998502970 -163.728271484 -0.066049442 0.996370673 0.053692717 6.266188145 0.997792661 0.065581642 0.010430193 18.597803116
0.007340786 0.049423441 -0.998750925 -164.949310303 -0.062922716 0.996821344 0.048865478 6.318028927 0.997991383 0.062485423 0.010427309 18.599573135
0.006728638 0.046364632 -0.998901904 -166.153305054 -0.056287628 0.997358263 0.045913838 6.349999905 0.998391926 0.055916883 0.009320619 18.619918823
0.005555311 0.049279783 -0.998769522 -167.386215210 -0.054255351 0.997328758 0.048906904 6.394085884 0.998511612 0.053916901 0.008214163 18.627519608
0.006249485 0.055755857 -0.998424888 -168.617553711 -0.055128206 0.996945083 0.055328161 6.436906815 0.998459756 0.054695599 0.009304115 18.627735138
0.007988879 0.058930010 -0.998230159 -169.851272583 -0.056306042 0.996704757 0.058389332 6.485484123 0.998381555 0.055739921 0.011280670 18.634801865
0.009681157 0.055434920 -0.998415411 -171.060729980 -0.057265650 0.996854126 0.054792967 6.537341595 0.998312056 0.056644443 0.012825219 18.638238907
0.009964850 0.055905651 -0.998386323 -172.283889771 -0.059407707 0.996705413 0.055218581 6.582997322 0.998184085 0.058761604 0.013253246 18.649269104
0.010787834 0.056568645 -0.998340428 -173.507263184 -0.058107127 0.996746778 0.055850461 6.634836674 0.998252094 0.057408184 0.014039782 18.659494400
0.011606784 0.054796532 -0.998430073 -174.701828003 -0.057763901 0.996866643 0.054039218 6.677504063 0.998262823 0.057045989 0.014735676 18.669191360
0.013178119 0.053748991 -0.998467505 -175.887069702 -0.057688184 0.996931970 0.052904937 6.717198849 0.998247683 0.056902599 0.016238367 18.682249069
0.014404069 0.055181973 -0.998372376 -177.022964478 -0.058565445 0.996808350 0.054250568 6.758528709 0.998179674 0.057688691 0.017589850 18.703638077
0.015521754 0.057421792 -0.998229325 -178.155532837 -0.058539752 0.996689260 0.056422949 6.789577961 0.998164415 0.057560310 0.018831821 18.717954636
0.016131330 0.058925167 -0.998132050 -179.258041382 -0.059644643 0.996540904 0.057867292 6.820499897 0.998089314 0.058599744 0.019590102 18.728805542
0.016111823 0.060156889 -0.998058856 -180.331390381 -0.059908941 0.996453106 0.059092991 6.853938103 0.998073816 0.058840558 0.019658608 18.744243622
0.015661595 0.061096031 -0.998009026 -181.377807617 -0.059152827 0.996439755 0.060071696 6.891728878 0.998126090 0.058094233 0.019219840 18.759328842
0.016065668 0.060060184 -0.998065472 -182.409790039 -0.059449024 0.996485710 0.059008177 6.932786942 0.998102069 0.058386009 0.019579727 18.768331528
0.017609339 0.060266599 -0.998026967 -183.377914429 -0.060009368 0.996446013 0.059112318 6.957960129 0.998042464 0.058850046 0.021163316 18.786159515
0.018978782 0.061158761 -0.997947574 -184.339828491 -0.060916834 0.996343791 0.059901964 6.993819714 0.997962356 0.059654947 0.022634991 18.800809860
0.018100113 0.059621416 -0.998056948 -185.278259277 -0.059317935 0.996526182 0.058454223 7.022412300 0.998075008 0.058144659 0.021573853 18.819450378
0.014998273 0.056778826 -0.998274148 -186.218048096 -0.057270370 0.996796191 0.055834327 7.051940441 0.998246014 0.056334108 0.018201966 18.830821991
0.010099768 0.053033698 -0.998541653 -187.144927979 -0.056913458 0.997004390 0.052376390 7.083728790 0.998328030 0.056301478 0.013087843 18.840917587
0.004646744 0.049949083 -0.998740971 -188.066284180 -0.058898933 0.997031450 0.049589556 7.117415905 0.998253107 0.058594353 0.007574897 18.835517883
0.000837116 0.049104504 -0.998793364 -189.021194458 -0.060252298 0.996981561 0.048964929 7.152701378 0.998182774 0.060138606 0.003793248 18.839923859
-0.001837719 0.049975686 -0.998748720 -189.920059204 -0.062256515 0.996807456 0.049993087 7.176817894 0.998058498 0.062270496 0.001279460 18.827369690
-0.003993508 0.051606018 -0.998659492 -190.841064453 -0.061089225 0.996789694 0.051753677 7.211935043 0.998124242 0.061214015 -0.000828116 18.820880890
-0.005501275 0.052856915 -0.998586953 -191.778778076 -0.058296956 0.996886790 0.053088084 7.246722221 0.998284161 0.058506630 -0.002402751 18.820589066
-0.006624162 0.053459495 -0.998547971 -192.681472778 -0.056704383 0.996943235 0.053749733 7.269283772 0.998369038 0.056978099 -0.003572526 18.806985855
-0.007097372 0.052560247 -0.998592496 -193.561126709 -0.057208683 0.996960878 0.052880965 7.299533367 0.998337030 0.057503488 -0.004068899 18.791378021
-0.007855121 0.051454898 -0.998644412 -194.469375610 -0.059020143 0.996910393 0.051829793 7.331105709 0.998225927 0.059347264 -0.004793976 18.778244019
-0.008175583 0.050658360 -0.998682559 -195.374084473 -0.062639818 0.996728659 0.051072035 7.364843845 0.998002708 0.062974833 -0.004975607 18.768613815
-0.007692654 0.049377967 -0.998750508 -196.270736694 -0.065321572 0.996622145 0.049775850 7.387690544 0.997834682 0.065622866 -0.004441221 18.755756378
-0.005747359 0.046750475 -0.998890042 -197.191421509 -0.064955957 0.996779442 0.047025438 7.418789864 0.997871578 0.065154113 -0.002692128 18.729082108
-0.005081967 0.044368841 -0.999002278 -198.101989746 -0.064829327 0.996898949 0.044605218 7.446032047 0.997883439 0.064991325 -0.002189805 18.717882156
-0.004560251 0.043474641 -0.999044120 -199.024337769 -0.065135539 0.996919990 0.043679532 7.480486870 0.997866035 0.065272458 -0.001714461 18.710926056
-0.003522261 0.046843763 -0.998896062 -199.946319580 -0.062681198 0.996927619 0.046972480 7.501111507 0.998027444 0.062777452 -0.000575216 18.700914383
-0.003991505 0.047697496 -0.998853862 -200.870986938 -0.062494487 0.996897340 0.047853809 7.534716606 0.998037338 0.062613852 -0.000998289 18.700689316
-0.003642742 0.043856554 -0.999031246 -201.809921265 -0.057332106 0.997385323 0.043993361 7.563694954 0.998348594 0.057436813 -0.001118829 18.705608368
-0.003571197 0.040957637 -0.999154508 -202.748275757 -0.055719983 0.997600317 0.041093096 7.590996742 0.998440087 0.055819616 -0.001280469 18.703107834
-0.002519097 0.041165769 -0.999149203 -203.710479736 -0.060331345 0.997325957 0.041242771 7.625698566 0.998175204 0.060383905 -0.000028774 18.684782028
-0.001105728 0.045292132 -0.998973191 -204.675033569 -0.061694879 0.997067690 0.045274030 7.653341770 0.998094380 0.061681595 0.001691807 18.670055389
0.001121196 0.044687673 -0.999000371 -205.639251709 -0.059396844 0.997240245 0.044542272 7.685861111 0.998233855 0.059287533 0.003772408 18.667675018
0.003239115 0.045682382 -0.998950779 -206.619216919 -0.057795588 0.997294664 0.045419250 7.725691319 0.998323143 0.057587836 0.005870592 18.674089432
0.004713589 0.050148759 -0.998730659 -207.605926514 -0.059005991 0.997015417 0.049784154 7.765003204 0.998246491 0.058696423 0.007658598 18.675739288
0.006303900 0.054424029 -0.998498023 -208.619094849 -0.056163490 0.996960998 0.053985663 7.798769474 0.998401701 0.055738814 0.009341385 18.682924271
0.008041859 0.055017453 -0.998453140 -209.618774414 -0.055059362 0.996994913 0.054493651 7.838337421 0.998450696 0.054535955 0.011046921 18.691513062
0.009724642 0.055252332 -0.998425186 -210.621932983 -0.058282416 0.996806204 0.054595076 7.888661385 0.998252809 0.057659704 0.012913824 18.700952530
0.012824260 0.057306055 -0.998274326 -211.640914917 -0.061088938 0.996536314 0.056421518 7.932083130 0.998049855 0.060259949 0.016280606 18.703195572
0.016182438 0.058103997 -0.998179376 -212.659912109 -0.062908337 0.996391416 0.056980051 7.969384193 0.997888088 0.061871715 0.019779271 18.710372925
0.019400660 0.055455826 -0.998272598 -213.685760498 -0.065708525 0.996372521 0.054073285 8.014959335 0.997650206 0.064545959 0.022974208 18.720123291
0.022027776 0.052831884 -0.998360455 -214.700958252 -0.065872960 0.996509433 0.051280513 8.050529480 0.997584820 0.064635366 0.025431078 18.745229721
