1.000000000 -0.000000000 0.000000000 0.000000000 -0.000000000 1.000000000 0.000000000 0.000000000 0.000000000 0.000000000 1.000000000 0.000000000
0.999997497 0.000978666 0.002014166 -0.009183724 -0.000976492 0.999998927 -0.001080083 -0.017245663 -0.002015221 0.001078113 0.999997377 1.206584573
0.999985158 0.001598028 0.005215395 -0.038222473 -0.001591271 0.999997914 -0.001299487 -0.030389206 -0.005217460 0.001291168 0.999985576 2.424304485
0.999978721 0.001022900 0.006439338 -0.037587229 -0.001015877 0.999998808 -0.001093898 -0.050455730 -0.006440450 0.001087333 0.999978662 3.620608568
0.999971628 0.000815946 0.007494530 -0.034639020 -0.000807743 0.999999046 -0.001097556 -0.072114937 -0.007495419 0.001091471 0.999971330 4.816286087
0.999966085 0.000401218 0.008224539 -0.026562544 -0.000395104 0.999999583 -0.000745031 -0.097488023 -0.008224835 0.000741756 0.999965966 6.014896870
0.999958694 0.001117954 0.009025634 -0.023329481 -0.001102556 0.999997973 -0.001710830 -0.117886819 -0.009027529 0.001700808 0.999957800 7.241084576
0.999953270 0.001191105 0.009600885 -0.015537424 -0.001173652 0.999997675 -0.001823269 -0.141946852 -0.009603036 0.001811915 0.999952197 8.428009987
0.999944389 0.000243644 0.010540107 -0.023992797 -0.000237777 0.999999821 -0.000557870 -0.165523484 -0.010540240 0.000555333 0.999944329 9.624800682
0.999957263 -0.000455550 0.009229559 -0.016709698 0.000450545 0.999999762 0.000544444 -0.188847214 -0.009229805 -0.000540263 0.999957323 10.830031395
0.999975979 -0.001694599 0.006726511 -0.016671443 0.001694514 0.999998510 0.000018443 -0.209199890 -0.006726534 -0.000007044 0.999977291 11.997826576
0.999988556 -0.001143989 0.004661906 -0.018398823 0.001145535 0.999999344 -0.000329065 -0.230054960 -0.004661526 0.000334402 0.999989033 13.195085526
0.999993086 -0.001110981 0.003518725 -0.017656665 0.001112606 0.999999285 -0.000459778 -0.256192267 -0.003518211 0.000463690 0.999993622 14.364396095
0.999995410 0.000698447 0.002907078 -0.026970487 -0.000696457 0.999999523 -0.000685469 -0.276679575 -0.002907555 0.000683441 0.999995470 15.562398911
0.999997675 0.000459384 0.002056964 -0.026234793 -0.000458377 0.999999821 -0.000489613 -0.297193348 -0.002057188 0.000488669 0.999997735 16.764036179
0.999998629 -0.000215132 0.001638247 -0.025591571 0.000215154 0.999999940 -0.000012986 -0.319318980 -0.001638245 0.000013339 0.999998629 17.931980133
0.999999762 -0.000344149 0.000691104 -0.024338929 0.000343917 0.999999881 0.000335319 -0.339828938 -0.000691219 -0.000335082 0.999999702 19.122663498
1.000000000 -0.000090583 0.000257120 -0.030272102 0.000090724 0.999999821 -0.000550617 -0.363890499 -0.000257071 0.000550640 0.999999821 20.312440872
1.000000000 -0.000246272 0.000058348 -0.038451556 0.000246358 0.999998808 -0.001477012 -0.384671807 -0.000057984 0.001477026 0.999998868 21.504203796
0.999999523 0.000181947 -0.000991635 -0.051223945 -0.000182952 0.999999583 -0.001013405 -0.407685608 0.000991450 0.001013586 0.999998927 22.698118210
0.999998808 -0.000228979 -0.001540551 -0.064824775 0.000227702 0.999999642 -0.000828889 -0.431638330 0.001540740 0.000828537 0.999998450 23.899009705
0.999996543 -0.000624789 -0.002567590 -0.069043145 0.000620819 0.999998629 -0.001546633 -0.459208548 0.002568553 0.001545033 0.999995470 25.076337814
0.999993861 -0.000243145 -0.003505776 -0.081224747 0.000240456 0.999999642 -0.000767456 -0.480405629 0.003505962 0.000766608 0.999993563 26.278078079
0.999989927 -0.001791232 -0.004114276 -0.091301233 0.001795190 0.999997914 0.000958375 -0.503792346 0.004112550 -0.000965752 0.999991059 27.474966049
0.999985278 -0.001842125 -0.005106721 -0.101685867 0.001847418 0.999997735 0.001032059 -0.523256242 0.005104808 -0.001041478 0.999986351 28.678855896
0.999980569 -0.002477364 -0.005715266 -0.114431642 0.002477818 0.999996901 0.000072322 -0.544443369 0.005715069 -0.000086482 0.999983668 29.869504929
0.999970257 -0.002897101 -0.007138455 -0.118950561 0.002890956 0.999995410 -0.000871015 -0.566715360 0.007140945 0.000850352 0.999974132 31.066364288
0.999968767 -0.002371580 -0.007553868 -0.141026363 0.002365562 0.999996901 -0.000805524 -0.587998033 0.007555754 0.000787629 0.999971151 32.274181366
0.999961615 -0.002859593 -0.008278652 -0.151287377 0.002857859 0.999995887 -0.000221173 -0.609874129 0.008279251 0.000197505 0.999965668 33.478096008
0.999953270 -0.003368957 -0.009056913 -0.165649191 0.003369263 0.999994278 0.000018530 -0.632814586 0.009056798 -0.000049044 0.999958932 34.662883759
0.999949157 -0.003900689 -0.009293322 -0.187564403 0.003901490 0.999992430 0.000068044 -0.656694651 0.009292985 -0.000104298 0.999956787 35.883571625
0.999945402 -0.003918933 -0.009682074 -0.207012430 0.003917284 0.999992371 -0.000189232 -0.674645960 0.009682742 0.000151294 0.999953091 37.088680267
0.999938965 -0.005136325 -0.009780650 -0.224611327 0.005143918 0.999986470 0.000751238 -0.704635382 0.009776658 -0.000801504 0.999951899 38.277275085
0.999943674 -0.004614405 -0.009559664 -0.237448320 0.004630769 0.999987781 0.001690232 -0.716619968 0.009551749 -0.001734405 0.999952853 39.481086731
0.999946594 -0.004049375 -0.009509257 -0.257102907 0.004073790 0.999988496 0.002549612 -0.738537133 0.009498823 -0.002588215 0.999951541 40.683105469
0.999950171 -0.003517435 -0.009340580 -0.278946936 0.003537501 0.999991536 0.002132592 -0.757224023 0.009332999 -0.002165528 0.999954164 41.895328522
0.999954402 -0.001990283 -0.009336350 -0.292727649 0.002009984 0.999995828 0.002101383 -0.772529483 0.009332128 -0.002120053 0.999954224 43.064289093
0.999960005 0.000285065 -0.008943716 -0.307001054 -0.000247764 0.999991298 0.004171477 -0.795344949 0.008944827 -0.004169094 0.999951303 44.276672363
0.999972522 0.000177288 -0.007418019 -0.321859717 -0.000125597 0.999975741 0.006968154 -0.805789828 0.007419074 -0.006967031 0.999948204 45.482769012
0.999985933 0.000442986 -0.005292743 -0.339855015 -0.000390654 0.999951124 0.009884373 -0.820305824 0.005296863 -0.009882167 0.999937117 46.686080933
0.999992907 0.001261452 -0.003525462 -0.350745380 -0.001215125 0.999913216 0.013112061 -0.824093342 0.003541697 -0.013107686 0.999907792 47.885009766
0.999996245 0.000315238 -0.002728196 -0.354792655 -0.000275990 0.999896586 0.014374573 -0.830683172 0.002732446 -0.014373766 0.999892950 49.088722229
0.999999583 -0.000720688 -0.000476751 -0.360962987 0.000726686 0.999919057 0.012702277 -0.829860151 0.000467559 -0.012702619 0.999919116 50.303787231
0.999999702 0.000433977 0.000630638 -0.367997468 -0.000440901 0.999939144 0.011021604 -0.836085916 -0.000625816 -0.011021880 0.999938965 51.507061005
0.999998033 0.000424311 0.001975340 -0.378441513 -0.000444699 0.999946594 0.010332800 -0.840908706 -0.001970850 -0.010333659 0.999944627 52.713306427
0.999997556 0.000129234 0.002212952 -0.385955304 -0.000151241 0.999950528 0.009947089 -0.851706088 -0.002211557 -0.009947397 0.999948084 53.919265747
0.999999046 -0.000463884 0.001289517 -0.390507966 0.000452503 0.999961138 0.008812188 -0.859720469 -0.001293555 -0.008811597 0.999960363 55.130737305
0.999999404 -0.001063432 -0.000046824 -0.398382485 0.001063823 0.999955654 0.009347035 -0.869394302 0.000036881 -0.009347077 0.999956369 56.330230713
0.999998212 -0.000926361 -0.001609503 -0.403171808 0.000943159 0.999944687 0.010467557 -0.878042281 0.001599718 -0.010469057 0.999943972 57.538112640
0.999997020 -0.000803803 -0.002284114 -0.416071892 0.000829733 0.999934971 0.011374069 -0.898489535 0.002274823 -0.011375932 0.999932706 58.740192413
0.999993682 -0.000128914 -0.003560782 -0.420903414 0.000167261 0.999941945 0.010771217 -0.899656057 0.003559187 -0.010771745 0.999935687 59.941474915
0.999992251 0.000623461 -0.003881466 -0.435784966 -0.000580738 0.999939322 0.010998346 -0.914424062 0.003888088 -0.010996006 0.999931991 61.149631500
0.999992073 -0.000389211 -0.003977279 -0.443352580 0.000430554 0.999945819 0.010399359 -0.921197772 0.003973016 -0.010400989 0.999938071 62.346038818
0.999991357 -0.001107694 -0.004008783 -0.456607372 0.001144609 0.999956846 0.009217865 -0.928950608 0.003998398 -0.009222372 0.999949455 63.564666748
0.999989450 -0.001568874 -0.004327186 -0.464966267 0.001615119 0.999941468 0.010704347 -0.942164779 0.004310139 -0.010711221 0.999933302 64.776214600
0.999989688 -0.001741985 -0.004186093 -0.476461202 0.001792118 0.999926329 0.012002310 -0.948164999 0.004164876 -0.012009688 0.999919176 65.971710205
0.999988735 -0.001057202 -0.004608492 -0.489862204 0.001105778 0.999943733 0.010550658 -0.960264981 0.004597078 -0.010555637 0.999933660 67.182312012
0.999991000 0.000795011 -0.004155288 -0.509630501 -0.000754544 0.999952316 0.009731270 -0.971967697 0.004162826 -0.009728049 0.999943972 68.381134033
0.999987245 0.002775309 -0.004236417 -0.519470334 -0.002733426 0.999947608 0.009860378 -0.979581654 0.004263562 -0.009848670 0.999942422 69.572868347
0.999979436 0.005207038 -0.003756235 -0.537352026 -0.005169844 0.999938071 0.009844729 -0.986076593 0.003807266 -0.009825105 0.999944508 70.761161804
0.999972105 0.006541021 -0.003606288 -0.550594807 -0.006503725 0.999926209 0.010258109 -0.995479465 0.003673120 -0.010234367 0.999940932 71.964363098
0.999970973 0.007122718 -0.002678629 -0.561565578 -0.007092647 0.999913514 0.011072572 -1.003134489 0.002757264 -0.011053254 0.999935150 73.161109924
0.999957561 0.009172198 -0.000853973 -0.567827404 -0.009161423 0.999887586 0.011865797 -1.011223912 0.000962713 -0.011857470 0.999929249 74.358039856
0.999967277 0.007892199 0.001750868 -0.562847853 -0.007908507 0.999923468 0.009512116 -1.021318197 -0.001675663 -0.009525655 0.999953210 75.529403687
0.999976873 0.005264553 0.004317459 -0.562530637 -0.005283426 0.999976456 0.004371495 -1.031985641 -0.004294344 -0.004394206 0.999981105 76.704223633
0.999953628 0.006807892 0.006819640 -0.553305686 -0.006835207 0.999968708 0.003990305 -1.046979904 -0.006792261 -0.004036733 0.999968767 77.889945984
0.999939740 0.005602584 0.009451150 -0.545121193 -0.005672509 0.999956727 0.007388183 -1.061867356 -0.009409348 -0.007441350 0.999928057 79.070983887
0.999899030 0.005905043 0.012916407 -0.536572337 -0.006020927 0.999941826 0.008951464 -1.077650785 -0.012862796 -0.009028328 0.999876440 80.240768433
0.999836147 0.006310373 0.016963849 -0.523396671 -0.006432328 0.999953866 0.007144206 -1.088018298 -0.016917981 -0.007252152 0.999830544 81.408851624
0.999770999 0.005281459 0.020739147 -0.504796684 -0.005367757 0.999977171 0.004107677 -1.104184747 -0.020716978 -0.004218059 0.999776483 82.568817139
0.999704540 0.003959950 0.023980280 -0.477190673 -0.003973096 0.999991894 0.000500592 -1.119327784 -0.023978107 -0.000595720 0.999712348 83.732498169
0.999606252 0.003844336 0.027795626 -0.452610791 -0.003829585 0.999992430 -0.000583875 -1.136636734 -0.027797662 0.000477199 0.999613523 84.883651733
0.999506354 0.003554441 0.031215170 -0.418724746 -0.003592723 0.999992788 0.001170374 -1.159391761 -0.031210788 -0.001281943 0.999512017 86.059524536
0.999386430 0.004390175 0.034747973 -0.384658515 -0.004459866 0.999988139 0.001928334 -1.184457064 -0.034739096 -0.002082122 0.999394178 87.260803223
0.999264240 0.003825465 0.038161188 -0.344232470 -0.003818815 0.999992669 -0.000247153 -1.204460859 -0.038161855 0.000101240 0.999271512 88.415084839
0.999118328 0.003908211 0.041801479 -0.301423013 -0.003806298 0.999989450 -0.002517352 -1.227750182 -0.041810874 0.002356023 0.999122739 89.579559326
0.998992145 0.003663069 0.044733532 -0.258290768 -0.003532187 0.999989212 -0.003004511 -1.247255802 -0.044744052 0.002843476 0.998994350 90.729499817
0.998850942 0.002794874 0.047846887 -0.195577517 -0.002716566 0.999994874 -0.001701595 -1.272140622 -0.047851395 0.001569660 0.998853207 91.891052246
0.998709500 0.002332316 0.050735321 -0.148959219 -0.002325353 0.999997199 -0.000196271 -1.293018818 -0.050735638 0.000078040 0.998712182 93.062492371
0.998564124 0.001780932 0.053538881 -0.086425968 -0.001872273 0.999996841 0.001655950 -1.313801765 -0.053535763 -0.001753812 0.998564422 94.212913513
0.998404324 0.000056883 0.056470908 -0.032249562 -0.000206214 0.999996424 0.002638568 -1.329378366 -0.056470551 -0.002646002 0.998400748 95.384826660
0.998306334 -0.000922913 0.058169510 0.042526484 0.000906411 0.999999464 0.000310063 -1.348615766 -0.058169767 -0.000256812 0.998306692 96.525283813
0.998186171 -0.002304897 0.060158920 0.112662345 0.002499529 0.999991834 -0.003160254 -1.367952824 -0.060151145 0.003304891 0.998183846 97.681137085
0.998042881 -0.001170361 0.062523045 0.182626143 0.001555336 0.999980152 -0.006109017 -1.388391495 -0.062514655 0.006194305 0.998024821 98.850387573
0.997969866 -0.001305047 0.063675180 0.261085153 0.001755960 0.999973834 -0.007026016 -1.409623384 -0.063664347 0.007123563 0.997945964 100.023963928
0.997918248 -0.001206917 0.064480186 0.330847651 0.001630697 0.999977410 -0.006520027 -1.433441639 -0.064470865 0.006611601 0.997897685 101.204254150
0.997983694 -0.000673548 0.063467249 0.407131582 0.000958973 0.999989569 -0.004466856 -1.458136916 -0.063463584 0.004518712 0.997973919 102.391029358
0.998061240 -0.001840667 0.062213063 0.477474928 0.002041266 0.999992847 -0.003160988 -1.484192014 -0.062206812 0.003281853 0.998057902 103.577682495
0.998197913 -0.001164716 0.059997633 0.544456184 0.001298030 0.999996662 -0.002183059 -1.504631639 -0.059994895 0.002257003 0.998196185 104.767356873
0.998336792 -0.001038074 0.057641458 0.605762184 0.001142029 0.999997735 -0.001770574 -1.526253819 -0.057639487 0.001833458 0.998335719 105.956634521
0.998498201 -0.000241804 0.054785028 0.662111819 0.000340784 0.999998271 -0.001797372 -1.546108365 -0.054784499 0.001813342 0.998496652 107.169525146
0.998712242 0.000663405 0.050729275 0.724340439 -0.000551050 0.999997258 -0.002228754 -1.569186091 -0.050730612 0.002197929 0.998709977 108.371955872
0.998911142 0.000939984 0.046645474 0.783360600 -0.000846513 0.999997616 -0.002023567 -1.582071424 -0.046647266 0.001981877 0.998909414 109.591758728
0.999084830 0.001432091 0.042748209 0.818399310 -0.001396837 0.999998689 -0.000854557 -1.610527754 -0.042749371 0.000794062 0.999085546 110.797233582
0.999263763 0.001938551 0.038315333 0.857109725 -0.001942964 0.999998093 0.000077943 -1.634666443 -0.038315106 -0.000152332 0.999265730 111.999862671
0.999422848 0.001933113 0.033914566 0.898181498 -0.001956558 0.999997854 0.000658098 -1.653589845 -0.033913225 -0.000724074 0.999424517 113.219779968
0.999571502 0.002572886 0.029158626 0.926206350 -0.002594193 0.999996424 0.000692908 -1.670619965 -0.029156744 -0.000768254 0.999574482 114.439514160
0.999699712 0.003039669 0.024316071 0.945373654 -0.003053737 0.999995232 0.000541417 -1.688157916 -0.024314310 -0.000615509 0.999704123 115.658515930
0.999806404 0.003640150 0.019342793 0.964944065 -0.003644521 0.999993384 0.000190721 -1.702531099 -0.019341972 -0.000261180 0.999812901 116.893600464
0.999890506 0.004162133 0.014197558 0.978675961 -0.004158481 0.999991357 -0.000286715 -1.722565413 -0.014198632 0.000227643 0.999899149 118.124259949
0.999915719 0.006814994 0.011053910 0.986001670 -0.006812122 0.999976754 -0.000297467 -1.745855570 -0.011055682 0.000222141 0.999938846 119.333038330
0.999923885 0.008751092 0.008695223 0.991300046 -0.008748394 0.999961674 -0.000348444 -1.764297605 -0.008697939 0.000272348 0.999962151 120.566223145
0.999918520 0.010140846 0.007761535 0.988562405 -0.010135679 0.999948382 -0.000704714 -1.784479380 -0.007768281 0.000625988 0.999969661 121.783187866
0.999898970 0.012391988 0.006962031 0.986165643 -0.012390039 0.999923289 -0.000322614 -1.805920124 -0.006965494 0.000236321 0.999975741 123.042366028
0.999889135 0.013533539 0.006204573 0.979297936 -0.013537263 0.999908090 0.000558477 -1.825659513 -0.006196446 -0.000642408 0.999980569 124.279258728
0.999893069 0.013494235 0.005631613 0.975671351 -0.013499483 0.999908447 0.000894923 -1.842366219 -0.005619022 -0.000970851 0.999983788 125.522422791
0.999839127 0.017243452 0.004932064 0.969913661 -0.017257078 0.999847293 0.002733665 -1.861776352 -0.004884172 -0.002818338 0.999984086 126.759368896
0.999821067 0.018391812 0.004423222 0.964374721 -0.018417956 0.999812663 0.005944428 -1.875036001 -0.004313064 -0.006024831 0.999972582 128.014877319
0.999853492 0.016693687 0.003762309 0.965695500 -0.016714593 0.999844551 0.005595346 -1.893149376 -0.003668317 -0.005657412 0.999977291 129.277252197
0.999851227 0.017012024 0.002843315 0.967636943 -0.017023433 0.999846876 0.004038698 -1.902631879 -0.002774173 -0.004086500 0.999987781 130.518753052
0.999895096 0.014370201 0.001830596 0.975590348 -0.014380040 0.999881506 0.005480165 -1.922182202 -0.001751628 -0.005505913 0.999983311 131.771774292
0.999927819 0.011829393 0.002097747 0.951703012 -0.011843782 0.999905467 0.006985710 -1.932433128 -0.002014912 -0.007010050 0.999973416 133.067718506
0.999962747 0.008402416 0.002001421 0.949135005 -0.008419300 0.999927759 0.008583006 -1.941470981 -0.001929158 -0.008599536 0.999961138 134.339401245
0.999978542 0.006322626 0.001689500 0.946286619 -0.006338096 0.999936521 0.009314460 -1.949272871 -0.001630501 -0.009324967 0.999955177 135.614288330
0.999996424 0.002344806 0.001238579 0.959529519 -0.002354730 0.999964774 0.008073376 -1.963682532 -0.001219605 -0.008076263 0.999966681 136.861022949
0.999998748 -0.000082269 0.001565684 0.954726994 0.000071791 0.999977648 0.006690898 -1.969760418 -0.001566199 -0.006690776 0.999976397 138.136108398
0.999998629 -0.001231089 0.001115868 0.963633358 0.001223645 0.999977171 0.006648263 -1.980666399 -0.001124027 -0.006646890 0.999977291 139.412948608
0.999997914 -0.001388852 0.001527701 0.960748374 0.001378155 0.999974668 0.006980659 -1.991818547 -0.001537358 -0.006978540 0.999974489 140.690658569
0.999997199 -0.001182321 0.002044468 0.962883830 0.001163494 0.999957085 0.009186112 -2.005930424 -0.002055241 -0.009183708 0.999955714 141.977081299
0.999993503 0.001922387 0.003035911 0.950767279 -0.001954770 0.999940813 0.010700109 -2.014077663 -0.003015161 -0.010705975 0.999938190 143.255828857
0.999994278 0.000797462 0.003288322 0.957467079 -0.000826825 0.999959707 0.008937861 -2.028473377 -0.003281062 -0.008940528 0.999954641 144.543762207
0.999991000 0.001579000 0.003945007 0.950065792 -0.001608226 0.999971151 0.007416246 -2.042295218 -0.003933184 -0.007422524 0.999964714 145.814437866
0.999988139 0.001127853 0.004727779 0.939300001 -0.001152071 0.999986172 0.005122840 -2.062862873 -0.004721936 -0.005128226 0.999975681 147.097595215
0.999989271 0.000104983 0.004633364 0.953720510 -0.000109311 0.999999523 0.000933997 -2.080902100 -0.004633264 -0.000934494 0.999988794 148.392349243
0.999988377 0.000215659 0.004829963 0.954162896 -0.000203920 0.999997079 -0.002430862 -2.103923798 -0.004830474 0.002429849 0.999985278 149.668548584
0.999986172 -0.000059859 0.005259394 0.956546187 0.000078843 0.999993443 -0.003609295 -2.125463963 -0.005259143 0.003609659 0.999979675 150.944244385
0.999985099 0.000237591 0.005467821 0.953260899 -0.000220730 0.999995172 -0.003084195 -2.154902458 -0.005468528 0.003082942 0.999980330 152.214920044
0.999987841 0.000319623 0.004928136 0.965145409 -0.000307505 0.999996841 -0.002459531 -2.183206558 -0.004928907 0.002457985 0.999984860 153.472427368
0.999989033 0.000389915 0.004692108 0.969055951 -0.000383230 0.999998868 -0.001425693 -2.209280968 -0.004692659 0.001423879 0.999987960 154.729553223
0.999987900 0.001579649 0.004647225 0.960745156 -0.001575665 0.999998450 -0.000860754 -2.231702566 -0.004648577 0.000853421 0.999988794 156.004425049
0.999990165 0.001890184 0.004007070 0.958682835 -0.001886136 0.999997795 -0.001013816 -2.257148266 -0.004008977 0.001006248 0.999991477 157.269821167
0.999992430 0.002086775 0.003269737 0.962279856 -0.002083682 0.999997318 -0.000949052 -2.281240702 -0.003271708 0.000942232 0.999994218 158.550094604
0.999996185 0.001345207 0.002420941 0.962121427 -0.001346538 0.999998927 0.000548191 -2.307426929 -0.002420201 -0.000551448 0.999996901 159.818252563
0.999994636 0.002579473 0.002007594 0.956802964 -0.002580968 0.999996364 0.000742211 -2.329271317 -0.002005672 -0.000747388 0.999997675 161.097000122
0.999995947 0.002640522 0.001097810 0.955967247 -0.002640227 0.999996483 -0.000270172 -2.349850893 -0.001098520 0.000267273 0.999999285 162.364639282
0.999993682 0.003460100 0.000763443 0.947460115 -0.003459075 0.999993145 -0.001339070 -2.374587059 -0.000768071 0.001336421 0.999998748 163.624649048
0.999989092 0.004668027 -0.000067479 0.941576779 -0.004668117 0.999988139 -0.001400351 -2.396502018 0.000060942 0.001400650 0.999998987 164.888778687
0.999991596 0.004010615 -0.000774809 0.935329139 -0.004012485 0.999988973 -0.002426659 -2.420201540 0.000765068 0.002429748 0.999996781 166.152801514
0.999988675 0.004343696 -0.001910830 0.930950940 -0.004350196 0.999984801 -0.003410080 -2.446115732 0.001895988 0.003418355 0.999992371 167.419891357
0.999987185 0.004577835 -0.002149951 0.920157790 -0.004584783 0.999984205 -0.003238148 -2.470195055 0.002135094 0.003247963 0.999992490 168.700866699
0.999982178 0.005080903 -0.003142258 0.913179338 -0.005085383 0.999986112 -0.001419355 -2.498347044 0.003135002 0.001435309 0.999994099 169.975326538
0.999982655 0.004736462 -0.003490832 0.903247297 -0.004740158 0.999988258 -0.001051236 -2.525747776 0.003485811 0.001067765 0.999993384 171.238479614
0.999977291 0.005162859 -0.004341017 0.892357647 -0.005166886 0.999986291 -0.000916931 -2.547000170 0.004336222 0.000939340 0.999990225 172.508056641
0.999973357 0.005529905 -0.004767281 0.874204099 -0.005532898 0.999984503 -0.000614812 -2.569204569 0.004763806 0.000641173 0.999988496 173.799789429
0.999968529 0.005815761 -0.005399439 0.863461912 -0.005824590 0.999981701 -0.001620721 -2.594017267 0.005389915 0.001652119 0.999984086 175.049636841
0.999962330 0.006717964 -0.005506836 0.839469910 -0.006730143 0.999974966 -0.002196068 -2.616668701 0.005491946 0.002233047 0.999982417 176.317550659
0.999957502 0.007025712 -0.005974067 0.818281889 -0.007037039 0.999973536 -0.001877160 -2.636112690 0.005960719 0.001919120 0.999980390 177.579177856
0.999957860 0.006828751 -0.006135206 0.801951110 -0.006848007 0.999971688 -0.003123041 -2.659700632 0.006113707 0.003164924 0.999976218 178.807662964
0.999964356 0.005919665 -0.006015654 0.783063769 -0.005949065 0.999970436 -0.004881242 -2.681733608 0.005986580 0.004916855 0.999969959 180.075103760
0.999976516 0.003028068 -0.006131555 0.773621798 -0.003057806 0.999983549 -0.004846529 -2.706294775 0.006116779 0.004865164 0.999969482 181.335006714
0.999966443 0.003237988 -0.007520190 0.769514024 -0.003245602 0.999994218 -0.001000584 -2.732516527 0.007516907 0.001024958 0.999971271 182.604110718
0.999975383 0.002375573 -0.006601362 0.746187329 -0.002355065 0.999992549 0.003112574 -2.754269361 0.006608704 -0.003096952 0.999973357 183.855758667
0.999969959 0.003554287 -0.006890766 0.733882606 -0.003536457 0.999990404 0.002597952 -2.773704052 0.006899933 -0.002573506 0.999972880 185.114425659
0.999967575 0.004743492 -0.006512636 0.716346920 -0.004748500 0.999988496 -0.000753732 -2.791533947 0.006508986 0.000784633 0.999978542 186.342132568
0.999964356 0.005057379 -0.006764414 0.702579796 -0.005074177 0.999984086 -0.002468402 -2.815715790 0.006751823 0.002502638 0.999974132 187.582656860
0.999963701 0.004919148 -0.006951999 0.684226632 -0.004934818 0.999985278 -0.002238717 -2.841652632 0.006940885 0.002272942 0.999973297 188.832199097
0.999964356 0.005465118 -0.006423993 0.664466262 -0.005476480 0.999983370 -0.001752431 -2.859690666 0.006414309 0.001787549 0.999977827 190.074600220
0.999966323 0.004931979 -0.006553533 0.654105246 -0.004925244 0.999987304 0.001043501 -2.891408443 0.006558597 -0.001011188 0.999977946 191.328338623
0.999976218 0.003847705 -0.005708246 0.638244808 -0.003835745 0.999990404 0.002104703 -2.917720795 0.005716290 -0.002082758 0.999981403 192.578781128
0.999980509 0.004373720 -0.004458483 0.629200339 -0.004368167 0.999989629 0.001254479 -2.934693336 0.004463924 -0.001234980 0.999989271 193.812500000
0.999991477 0.003197763 -0.002595619 0.610943258 -0.003198219 0.999994874 -0.000171650 -2.959302425 0.002595057 0.000179950 0.999996603 195.038681030
0.999993443 0.003211299 -0.001665910 0.612417340 -0.003214357 0.999993145 -0.001836241 -2.980478048 0.001660001 0.001841584 0.999996901 196.264236450
0.999997258 0.002353724 -0.000078596 0.604440987 -0.002353904 0.999994397 -0.002371490 -3.005528688 0.000073013 0.002371668 0.999997199 197.476776123
0.999994934 0.002922333 0.001263350 0.597851753 -0.002920068 0.999994159 -0.001790899 -3.031708717 -0.001268576 0.001787201 0.999997556 198.709304810
0.999993861 0.002423051 0.002528698 0.599958479 -0.002422836 0.999997020 -0.000088222 -3.055850983 -0.002528904 0.000082094 0.999996781 199.927047729
0.999987066 0.003321693 0.003853403 0.592802465 -0.003324160 0.999994278 0.000634054 -3.086991310 -0.003851275 -0.000646855 0.999992371 201.151367188
0.999981642 0.003520747 0.004930872 0.590498209 -0.003524078 0.999993563 0.000667020 -3.106702805 -0.004928492 -0.000684384 0.999987602 202.356811523
0.999976099 0.003215872 0.006109375 0.591878235 -0.003219513 0.999994636 0.000586239 -3.128803492 -0.006107457 -0.000605894 0.999981165 203.563339233
0.999971509 0.002699887 0.007061419 0.593348205 -0.002703755 0.999996245 0.000538199 -3.148848534 -0.007059939 -0.000557275 0.999974966 204.783676147
0.999962866 0.003476907 0.007888053 0.595037937 -0.003483942 0.999993503 0.000878170 -3.175983667 -0.007884949 -0.000905619 0.999968529 205.946487427
0.999952257 0.003177257 0.009232597 0.590520263 -0.003183885 0.999994695 0.000703392 -3.197449446 -0.009230312 -0.000732755 0.999957144 207.130035400
0.999954283 0.002366548 0.009266471 0.601177037 -0.002371123 0.999997079 0.000482738 -3.217346668 -0.009265302 -0.000504688 0.999956965 208.294845581
0.999946713 0.002169493 0.010097478 0.601883054 -0.002186927 0.999996245 0.001715954 -3.245682478 -0.010093716 -0.001737945 0.999947548 209.452575684
0.999946177 0.001846790 0.010213534 0.601372063 -0.001872473 0.999995112 0.002505616 -3.262947798 -0.010208855 -0.002524606 0.999944746 210.589324951
0.999955595 0.001544086 0.009298155 0.608973742 -0.001568692 0.999995351 0.002639668 -3.289262533 -0.009294036 -0.002654136 0.999953330 211.704513550
0.999959290 0.002191369 0.008754456 0.613137841 -0.002203793 0.999996662 0.001409811 -3.308188677 -0.008751337 -0.001429046 0.999960661 212.806198120
0.999956846 0.002707941 0.008892376 0.608992815 -0.002716067 0.999995947 0.000901883 -3.332735777 -0.008889897 -0.000925996 0.999960065 213.895019531
0.999966443 0.002302623 0.007876704 0.617834926 -0.002309250 0.999996960 0.000832320 -3.353331804 -0.007874764 -0.000850482 0.999968648 214.961547852
0.999971867 0.002443775 0.007086081 0.613662481 -0.002448448 0.999996781 0.000650936 -3.377351522 -0.007084467 -0.000668268 0.999974728 216.030410767
0.999981701 0.002079780 0.005675849 0.614754498 -0.002087860 0.999996841 0.001418215 -3.398001671 -0.005672880 -0.001430039 0.999982953 217.088973999
0.999993920 0.001047640 0.003330343 0.617370367 -0.001057516 0.999995172 0.002965003 -3.414286375 -0.003327221 -0.002968505 0.999990046 218.118789673
0.999997556 0.001433159 0.001686437 0.607147694 -0.001440848 0.999988556 0.004567123 -3.431752682 -0.001679873 -0.004569542 0.999988139 219.143951416
0.999997675 0.001024919 -0.001897420 0.617962301 -0.001015991 0.999988437 0.004700498 -3.452413321 0.001902214 -0.004698560 0.999987125 220.149688721
0.999991894 0.002101751 -0.003421775 0.593757212 -0.002085877 0.999987125 0.004635928 -3.474291086 0.003431474 -0.004628752 0.999983370 221.155746460
0.999976516 0.002081854 -0.006517516 0.587714434 -0.002051300 0.999986887 0.004691116 -3.494189262 0.006527198 -0.004677637 0.999967754 222.114303589
0.999954164 0.002347280 -0.009277127 0.571804464 -0.002298156 0.999983251 0.005302287 -3.511506557 0.009289419 -0.005280723 0.999942958 223.061294556
0.999925375 0.002633852 -0.011931344 0.548118591 -0.002572037 0.999983251 0.005193269 -3.531844616 0.011944822 -0.005162193 0.999915302 223.986007690
0.999881446 0.002330932 -0.015214792 0.535287738 -0.002258920 0.999986112 0.004748493 -3.549562454 0.015225651 -0.004713561 0.999872983 224.900817871
0.999820650 0.002862340 -0.018718731 0.520816803 -0.002797502 0.999989927 0.003489076 -3.557011604 0.018728528 -0.003436084 0.999818742 225.778823853
0.999757349 0.003766885 -0.021703109 0.491705090 -0.003686967 0.999986231 0.003721191 -3.579551935 0.021716831 -0.003640268 0.999757588 226.634246826
0.999663711 0.004065261 -0.025612146 0.474012852 -0.003998517 0.999988437 0.002656643 -3.591967583 0.025622649 -0.002553339 0.999668479 227.466278076
0.999607742 0.005826200 -0.027395057 0.436500251 -0.005753561 0.999979734 0.002729584 -3.612637520 0.027410403 -0.002570893 0.999621034 228.293869019
0.999589920 0.006539347 -0.027878217 0.409728944 -0.006462279 0.999975026 0.002853630 -3.621515512 0.027896184 -0.002672303 0.999607265 229.097412109
0.999600053 0.006262962 -0.027577525 0.383388519 -0.006158486 0.999973536 0.003871731 -3.636697292 0.027601045 -0.003700347 0.999612212 229.877273560
0.999604046 0.006205592 -0.027446201 0.361110896 -0.006080802 0.999970794 0.004627854 -3.652077913 0.027474124 -0.004459127 0.999612570 230.641067505
0.999611259 0.006130728 -0.027196918 0.341034025 -0.006019940 0.999973238 0.004153572 -3.665739059 0.027221655 -0.003988232 0.999621451 231.389083862
0.999624789 0.006903276 -0.026506089 0.315907091 -0.006840597 0.999973536 0.002454667 -3.681958914 0.026522337 -0.002272429 0.999645650 232.121490479
0.999643505 0.006959074 -0.025772925 0.296406269 -0.006953313 0.999975801 0.000313105 -3.693850279 0.025774481 -0.000133788 0.999667764 232.853866577
0.999671519 0.006761054 -0.024719592 0.274655789 -0.006801104 0.999975681 -0.001536436 -3.705221653 0.024708606 0.001704052 0.999693155 233.582015991
0.999697924 0.007178083 -0.023504769 0.259652108 -0.007216320 0.999972761 -0.001542364 -3.725195885 0.023493057 0.001711516 0.999722540 234.314849854
0.999741435 0.006682851 -0.021733314 0.243070230 -0.006730465 0.999975026 -0.002118394 -3.735508204 0.021718618 0.002264122 0.999761581 235.032623291
0.999778390 0.006549097 -0.020006338 0.226305455 -0.006585019 0.999976873 -0.001730168 -3.757091522 0.019994542 0.001861527 0.999798357 235.743408203
0.999814987 0.006813008 -0.017990161 0.206651822 -0.006850897 0.999974430 -0.002045310 -3.770861864 0.017975762 0.002168181 0.999836087 236.467071533
0.999843538 0.006452765 -0.016470795 0.201524302 -0.006495441 0.999975622 -0.002538812 -3.784285069 0.016454013 0.002645399 0.999861121 237.170333862
0.999889910 0.006473904 -0.013350368 0.184092090 -0.006498224 0.999977350 -0.001779150 -3.803269148 0.013338543 0.001865708 0.999909341 237.887741089
0.999932945 0.005389805 -0.010252153 0.181597024 -0.005402292 0.999984682 -0.001190607 -3.817605734 0.010245579 0.001245913 0.999946773 238.590530396
0.999966085 0.004762352 -0.006720824 0.168551639 -0.004769054 0.999988139 -0.000981456 -3.829460621 0.006716070 0.001013474 0.999976933 239.278793335
0.999982536 0.004286039 -0.004077776 0.169128850 -0.004290274 0.999990344 -0.001030489 -3.844045877 0.004073319 0.001047966 0.999991179 239.972930908
0.999991357 0.004092072 -0.000740934 0.163812771 -0.004092872 0.999991059 -0.001080347 -3.859793425 0.000736507 0.001083370 0.999999166 240.661483765
0.999989212 0.003907027 0.002558462 0.159984559 -0.003903208 0.999991357 -0.001496104 -3.875313044 -0.002564286 0.001486102 0.999995649 241.359725952
0.999974847 0.004954586 0.005083349 0.165627524 -0.004941978 0.999984622 -0.002489742 -3.886555910 -0.005095607 0.002464557 0.999984086 242.052062988
0.999952734 0.004991869 0.008345433 0.165074021 -0.004967580 0.999983370 -0.002928561 -3.901129484 -0.008359914 0.002886966 0.999960959 242.753448486
0.999918044 0.005359049 0.011628550 0.170746014 -0.005337874 0.999984086 -0.001851220 -3.917572260 -0.011638286 0.001788996 0.999930680 243.449203491
0.999891818 0.005372205 0.013695391 0.181772918 -0.005353922 0.999984741 -0.001371261 -3.929216623 -0.013702549 0.001297788 0.999905288 244.153213501
0.999854982 0.005164467 0.016228735 0.188550726 -0.005135485 0.999985099 -0.001827031 -3.941395760 -0.016237929 0.001743423 0.999866664 244.856063843
0.999814808 0.005032842 0.018574644 0.196688056 -0.004976573 0.999982834 -0.003074298 -3.956973076 -0.018589796 0.002981292 0.999822736 245.562576294
0.999772370 0.005395632 0.020644685 0.205125362 -0.005281288 0.999970376 -0.005589181 -3.968686819 -0.020674231 0.005478879 0.999771237 246.269622803
0.999757349 0.003970749 0.021671453 0.220760569 -0.003814956 0.999966502 -0.007225519 -3.981492281 -0.021699421 0.007141090 0.999739051 246.987167358
0.999763906 0.004221307 0.021316487 0.241108313 -0.004057483 0.999961853 -0.007722740 -3.997057438 -0.021348275 0.007634425 0.999742985 247.714599609
0.999772966 0.002858798 0.021112615 0.257676482 -0.002686250 0.999962747 -0.008196624 -4.014873981 -0.021135263 0.008138050 0.999743581 248.445358276
0.999761820 0.004840668 0.021289814 0.268487632 -0.004658412 0.999952197 -0.008602015 -4.030961514 -0.021330437 0.008500786 0.999736369 249.180847168
0.999758661 0.005079937 0.021368438 0.283202559 -0.004888405 0.999947488 -0.009006005 -4.047381878 -0.021413069 0.008899374 0.999731064 249.921325684
0.999759018 0.003816722 0.021616556 0.297913313 -0.003580410 0.999933481 -0.010960133 -4.064035892 -0.021656953 0.010880096 0.999706209 250.667617798
0.999754488 -0.000036728 0.022153378 0.314507008 0.000320485 0.999917924 -0.012805367 -4.085481644 -0.022151092 0.012809324 0.999672532 251.415802002
0.999732256 -0.003098679 0.022930646 0.331518650 0.003415851 0.999898911 -0.013805557 -4.101870537 -0.022885548 0.013880187 0.999641716 252.176666260
0.999724627 -0.000479324 0.023463348 0.346775204 0.000713021 0.999950230 -0.009952693 -4.117326260 -0.023457408 0.009966682 0.999675155 252.952896118
0.999711394 0.003002593 0.023833593 0.355682313 -0.002902973 0.999986827 -0.004213312 -4.124680996 -0.023845933 0.004142907 0.999707103 253.728790283
0.999694645 0.002293104 0.024602041 0.372361809 -0.002280165 0.999997139 -0.000553960 -4.144554615 -0.024603242 0.000497694 0.999697208 254.515014648
0.999635875 0.001043837 0.026965046 0.395428300 -0.000965471 0.999995232 -0.002919040 -4.156003475 -0.026967967 0.002891943 0.999632180 255.314743042
0.999507844 0.001958784 0.031308275 0.411452323 -0.001670082 0.999955833 -0.009244754 -4.168538570 -0.031325001 0.009187918 0.999467075 256.110046387
0.999391913 0.002877609 0.034748964 0.435084820 -0.002439103 0.999916911 -0.012655081 -4.190674305 -0.034782495 0.012562632 0.999315917 256.945587158
0.999271572 0.004912386 0.037842873 0.462779999 -0.004449971 0.999914527 -0.012293912 -4.208211422 -0.037900031 0.012116559 0.999208033 257.768157959
0.999164164 0.003210060 0.040751696 0.498442948 -0.002797432 0.999944210 -0.010178421 -4.225956440 -0.040782098 0.010055915 0.999117434 258.600769043
0.999031067 0.000383208 0.044008121 0.536399066 -0.000093230 0.999978244 -0.006591066 -4.248734474 -0.044009697 0.006580577 0.999009430 259.433044434
0.998878479 -0.002146578 0.047297757 0.572089791 0.002398600 0.999983191 -0.005272302 -4.264644146 -0.047285642 0.005379836 0.998866916 260.276885986
0.998752773 -0.001847954 0.049895640 0.613677382 0.002087195 0.999986529 -0.004743163 -4.282504082 -0.049886204 0.004841388 0.998743236 261.110076904
0.998610198 0.000726374 0.052701458 0.649589419 -0.000374882 0.999977529 -0.006679089 -4.301709652 -0.052705139 0.006650048 0.998588026 261.947387695
0.998466015 0.001659904 0.055343434 0.686652362 -0.001175457 0.999960661 -0.008784874 -4.320847988 -0.055355843 0.008706344 0.998428822 262.782806396
0.998341620 0.002412240 0.057517264 0.741316974 -0.001878328 0.999954820 -0.009334886 -4.330446243 -0.057537179 0.009211371 0.998300850 263.632507324
0.998168766 0.003099990 0.060411964 0.786430538 -0.002672486 0.999970853 -0.007155988 -4.351634502 -0.060432393 0.006981434 0.998147905 264.475189209
0.997972906 0.004491619 0.063481845 0.834764481 -0.004143317 0.999975681 -0.005617221 -4.373712540 -0.063505530 0.005342809 0.997967243 265.319183350
0.997789025 0.004006206 0.066341095 0.889623106 -0.003645426 0.999977887 -0.005558420 -4.398647308 -0.066361897 0.005304289 0.997781456 266.188415527
0.997592628 0.004334942 0.069212027 0.942126691 -0.003916781 0.999973178 -0.006176297 -4.414439678 -0.069236949 0.005890340 0.997582853 267.034179688
0.997469306 0.002539949 0.071053617 1.012997508 -0.002064594 0.999975026 -0.006762718 -4.430866241 -0.071069010 0.006598908 0.997449517 267.867584229
0.997315288 -0.000622104 0.073223203 1.069250226 0.001085411 0.999979615 -0.006287696 -4.447764397 -0.073217802 0.006350293 0.997295737 268.733673096
0.997271597 -0.001579960 0.073804013 1.137861371 0.002036942 0.999979258 -0.006116982 -4.469827175 -0.073792815 0.006250626 0.997253954 269.566436768
0.997278929 -0.001659521 0.073701128 1.202258825 0.002130029 0.999977767 -0.006305855 -4.486406326 -0.073689029 0.006445682 0.997260451 270.434844971
0.997212291 -0.001637644 0.074598908 1.264813304 0.002101504 0.999979019 -0.006139982 -4.509280205 -0.074587308 0.006279636 0.997194648 271.316955566
0.997204900 -0.001368147 0.074703149 1.319688916 0.001770050 0.999984443 -0.005314057 -4.530922890 -0.074694715 0.005431431 0.997191608 272.178985596
0.997248054 -0.000913886 0.074132130 1.378157377 0.001307358 0.999985456 -0.005259352 -4.544735909 -0.074126251 0.005341796 0.997234523 273.028900146
0.997343481 -0.001688804 0.072822958 1.440650463 0.002091214 0.999983013 -0.005449961 -4.573658466 -0.072812535 0.005587771 0.997329950 273.884338379
0.997464120 -0.001737426 0.071149550 1.497599602 0.002210927 0.999975920 -0.006576793 -4.589569569 -0.071136408 0.006717422 0.997443974 274.739715576
0.997558832 -0.000835441 0.069826417 1.549866915 0.001391560 0.999967694 -0.007916030 -4.602787018 -0.069817536 0.007993873 0.997527778 275.595703125
0.997682810 -0.000348127 0.068036057 1.605051279 0.000859443 0.999971569 -0.007486244 -4.634189129 -0.068031520 0.007527369 0.997654796 276.442871094
0.997743130 0.001466431 0.067130513 1.645135403 -0.000945006 0.999969125 -0.007798406 -4.650407791 -0.067139871 0.007717368 0.997713685 277.301330566
0.997934818 0.002101940 0.064201102 1.706032276 -0.001639044 0.999972284 -0.007261902 -4.674180984 -0.064214587 0.007141677 0.997910559 278.169982910
0.998108566 0.001850433 0.061448816 1.750537276 -0.001486743 0.999981105 -0.005963777 -4.694318771 -0.061458688 0.005861138 0.998092473 279.023834229
0.998378277 0.001139776 0.056918025 1.802967548 -0.000933659 0.999992967 -0.003647760 -4.708843231 -0.056921776 0.003588703 0.998372257 279.864166260
0.998616874 -0.001306110 0.052560017 1.824904680 0.001383496 0.999998033 -0.001435987 -4.740732193 -0.052558035 0.001506717 0.998616755 280.717987061
0.998869300 -0.001930385 0.047500156 1.863514066 0.001944295 0.999998152 -0.000246648 -4.756512165 -0.047499586 0.000338724 0.998871207 281.550781250
0.999078929 -0.001366312 0.042889167 1.892102957 0.001386831 0.999998987 -0.000448668 -4.764427662 -0.042888511 0.000507735 0.999079704 282.371948242
0.999261737 -0.002385966 0.038346034 1.920808434 0.002352037 0.999996781 0.000929936 -4.787306309 -0.038348135 -0.000839058 0.999264121 283.218231201
0.999434650 -0.003104177 0.033475615 1.945127726 0.003070523 0.999994755 0.001056705 -4.800436974 -0.033478722 -0.000953319 0.999439061 284.025360107
0.999548197 -0.003123475 0.029893694 1.956505775 0.003100365 0.999994874 0.000819357 -4.815644264 -0.029896105 -0.000726305 0.999552727 284.804565430
0.999667048 -0.002767844 0.025651753 1.973907471 0.002758496 0.999996126 0.000399788 -4.828643322 -0.025652764 -0.000328895 0.999670863 285.582580566
0.999759912 -0.002732740 0.021741562 1.987185240 0.002725005 0.999996185 0.000385420 -4.844841003 -0.021742528 -0.000326081 0.999763548 286.334594727
