1.000000000 0.000000000 -0.000000000 0.000000000 0.000000000 1.000000000 0.000000000 0.000000000 -0.000000000 0.000000000 1.000000000 0.000000000
0.999997556 -0.001685006 -0.001418721 -0.002619694 0.001683744 0.999998212 -0.000890606 -0.008462718 0.001420219 0.000888215 0.999998569 0.564101458
0.999995530 -0.001800540 -0.002393741 -0.007688512 0.001794343 0.999995053 -0.002588464 -0.018188842 0.002398389 0.002584158 0.999993801 1.119578958
0.999987304 -0.002529411 -0.004363204 -0.012049401 0.002513963 0.999990582 -0.003542340 -0.035559352 0.004372123 0.003531326 0.999984205 1.678763390
0.999970794 -0.004177603 -0.006401475 -0.017794082 0.004141707 0.999975681 -0.005610389 -0.040715441 0.006424757 0.005583711 0.999963760 2.252893209
0.999946713 -0.006792969 -0.007778620 -0.023788463 0.006737264 0.999951661 -0.007165301 -0.063893966 0.007826918 0.007112514 0.999944091 2.798179388
0.999923527 -0.008112100 -0.009326759 -0.030712372 0.008039094 0.999936819 -0.007838752 -0.073965773 0.009389758 0.007763173 0.999925792 3.374862432
0.999908566 -0.008228780 -0.010723722 -0.041425936 0.008152319 0.999940991 -0.007154455 -0.086374305 0.010781963 0.007066377 0.999916911 3.957064867
0.999894917 -0.008650395 -0.011621790 -0.054315384 0.008562651 0.999934494 -0.007578708 -0.101112716 0.011686589 0.007478398 0.999903738 4.545591354
0.999887288 -0.007717637 -0.012875427 -0.066683695 0.007583783 0.999916911 -0.010412796 -0.116830148 0.012954721 0.010313977 0.999862909 5.138034344
0.999879181 -0.006134178 -0.014275964 -0.078411967 0.005932322 0.999882340 -0.014139151 -0.133413762 0.014361016 0.014052755 0.999798119 5.753738880
0.999861717 -0.005182963 -0.015798027 -0.091284595 0.004900186 0.999827921 -0.017886020 -0.144043088 0.015888015 0.017806133 0.999715209 6.343539715
0.999852777 -0.003158608 -0.016860820 -0.098115973 0.002861653 0.999840736 -0.017607410 -0.156804174 0.016913753 0.017556567 0.999702811 6.950894833
0.999840379 -0.000386919 -0.017858054 -0.120075002 0.000192837 0.999941051 -0.010868479 -0.172547787 0.017861200 0.010863302 0.999781430 7.599357605
0.999833107 0.000311877 -0.018266648 -0.137122795 -0.000311963 1.000000000 -0.000001832 -0.187625602 0.018266646 0.000007530 0.999833107 8.257741928
0.999818027 0.001283174 -0.019032910 -0.159078836 -0.001156615 0.999977171 0.006659051 -0.198950604 0.019041019 -0.006635825 0.999796689 8.947580338
0.999790430 0.003900950 -0.020095130 -0.181880996 -0.003790338 0.999977529 0.005539560 -0.211745694 0.020116288 -0.005462231 0.999782741 9.634614944
0.999760926 0.005319320 -0.021207878 -0.197890863 -0.005349475 0.999984801 -0.001365389 -0.219225481 0.021200292 0.001478512 0.999774158 10.313295364
0.999738932 0.005177807 -0.022255765 -0.219431803 -0.005349488 0.999956310 -0.007661421 -0.218918160 0.022215128 0.007778478 0.999722958 10.999732018
0.999718249 0.002911397 -0.023554653 -0.236422986 -0.003057596 0.999976218 -0.006173172 -0.220270425 0.023536120 0.006243454 0.999703526 11.736884117
0.999712288 0.002733928 -0.023831459 -0.256241739 -0.002658979 0.999991417 0.003176079 -0.232084319 0.023839936 -0.003111798 0.999710977 12.495532990
0.999707162 0.001871708 -0.024128167 -0.284385264 -0.001623726 0.999945700 0.010293234 -0.232597083 0.024146123 -0.010251045 0.999655843 13.269554138
0.999700665 0.000751160 -0.024457254 -0.312726617 -0.000432954 0.999915183 0.013013444 -0.237778813 0.024464957 -0.012998963 0.999616206 14.049996376
0.999696612 -0.000231097 -0.024635676 -0.328354776 0.000514718 0.999933600 0.011506891 -0.231180340 0.024631383 -0.011516078 0.999630213 14.879916191
0.999708593 -0.000825379 -0.024127202 -0.351391017 0.001043566 0.999958634 0.009031981 -0.227314919 0.024118751 -0.009054529 0.999668062 15.700791359
0.999718070 0.001569600 -0.023697492 -0.374962568 -0.001435298 0.999982774 0.005683267 -0.228736877 0.023706004 -0.005647650 0.999702990 16.540134430
0.999743283 -0.001264192 -0.022623086 -0.398285627 0.001264963 0.999999166 0.000019770 -0.235231474 0.022623040 -0.000048382 0.999743998 17.392057419
0.999744236 -0.004178756 -0.022228688 -0.407362819 0.004039370 0.999971867 -0.006311738 -0.243221506 0.022254439 0.006220334 0.999732912 18.263193130
0.999761403 -0.003156648 -0.021620382 -0.426903188 0.002902785 0.999926567 -0.011763160 -0.254278421 0.021655926 0.011697592 0.999697030 19.158378601
0.999777257 -0.001299539 -0.021060826 -0.458676189 0.001037951 0.999922395 -0.012426792 -0.274759650 0.021075336 0.012402167 0.999700963 20.099411011
0.999764800 -0.001364962 -0.021641504 -0.475593448 0.001114122 0.999932170 -0.011598510 -0.297127962 0.021655865 0.011571670 0.999698460 21.031526566
0.999774158 0.000292482 -0.021247460 -0.506604671 -0.000572237 0.999913275 -0.013161588 -0.317130208 0.021241765 0.013170776 0.999687612 21.960659027
0.999760032 0.003008842 -0.021696066 -0.528881133 -0.003336807 0.999880552 -0.015096032 -0.342148602 0.021648055 0.015164805 0.999650598 22.910795212
0.999746561 0.006406179 -0.021582570 -0.555672944 -0.006757901 0.999844909 -0.016263239 -0.363217503 0.021475038 0.016404970 0.999634743 23.883234024
0.999735296 0.007845916 -0.021630438 -0.582091689 -0.008194803 0.999836981 -0.016088227 -0.389998555 0.021500684 0.016261224 0.999636531 24.859445572
0.999720454 0.008347087 -0.022121079 -0.604309857 -0.008708019 0.999829769 -0.016270448 -0.418687820 0.021981504 0.016458528 0.999622881 25.845418930
0.999714971 0.008769976 -0.022204258 -0.627506554 -0.009129216 0.999828279 -0.016129563 -0.448535442 0.022058986 0.016327672 0.999623299 26.841865540
0.999708533 0.009747686 -0.022088654 -0.667802215 -0.010080412 0.999836624 -0.015002299 -0.479860544 0.021938810 0.015220587 0.999643445 27.859691620
0.999696136 0.010315659 -0.022388615 -0.696099520 -0.010603932 0.999861896 -0.012795553 -0.508350372 0.022253532 0.013029071 0.999667466 28.878707886
0.999683917 0.011031739 -0.022589935 -0.724185169 -0.011296111 0.999868751 -0.011609032 -0.538011789 0.022458903 0.011860539 0.999677479 29.895042419
0.999680340 0.011222503 -0.022658413 -0.753297627 -0.011509895 0.999854445 -0.012593369 -0.563695729 0.022513786 0.012850137 0.999663949 30.914848328
0.999659836 0.012654144 -0.022801690 -0.782131612 -0.012970882 0.999820650 -0.013797021 -0.589322269 0.022623012 0.014088088 0.999644816 31.948881149
0.999659419 0.012320889 -0.023005348 -0.812619448 -0.012618163 0.999838114 -0.012821699 -0.616713345 0.022843653 0.013107618 0.999653161 32.984970093
0.999647975 0.011823297 -0.023750121 -0.841779530 -0.012071336 0.999873757 -0.010327555 -0.641154051 0.023625020 0.010610616 0.999664545 34.038032532
0.999627531 0.012024746 -0.024495602 -0.866701066 -0.012195178 0.999902427 -0.006820220 -0.662822425 0.024411198 0.007116408 0.999676704 35.098529816
0.999610722 0.012256134 -0.025063651 -0.899189889 -0.012375087 0.999912858 -0.004596399 -0.684554935 0.025005132 0.004904774 0.999675333 36.160202026
0.999607682 0.011488455 -0.025539262 -0.929407120 -0.011586763 0.999926031 -0.003704613 -0.709762573 0.025494816 0.003999078 0.999666989 37.230911255
0.999585152 0.011321934 -0.026481301 -0.959123671 -0.011469240 0.999919593 -0.005417349 -0.727945447 0.026417837 0.005718823 0.999634624 38.300090790
0.999578059 0.011745200 -0.026566595 -1.004433274 -0.011908222 0.999911129 -0.005986498 -0.747798979 0.026493922 0.006300333 0.999629021 39.391681671
0.999570847 0.011566298 -0.026911404 -1.044185638 -0.011700707 0.999919772 -0.004842455 -0.765874445 0.026853237 0.005155260 0.999625981 40.476459503
0.999555469 0.011581806 -0.027472550 -1.094151616 -0.011659265 0.999928474 -0.002661008 -0.791343808 0.027439764 0.002980135 0.999618948 41.576385498
0.999536574 0.011587932 -0.028146755 -1.128985763 -0.011601240 0.999932587 -0.000309579 -0.812387168 0.028141269 0.000635973 0.999603748 42.670455933
0.999491155 0.013150334 -0.029059442 -1.146046638 -0.013173491 0.999913037 -0.000605437 -0.833497643 0.029048951 0.000987943 0.999577463 43.737903595
0.999463320 0.014329814 -0.029456947 -1.185142994 -0.014455415 0.999887288 -0.004055289 -0.858102500 0.029395515 0.004478925 0.999557793 44.811054230
0.999445260 0.015696982 -0.029372841 -1.227170944 -0.015938994 0.999840796 -0.008023308 -0.882311940 0.029242221 0.008487031 0.999536276 45.888134003
0.999440193 0.016222758 -0.029257035 -1.274967313 -0.016472101 0.999829888 -0.008301670 -0.906099975 0.029117377 0.008778947 0.999537408 46.965774536
0.999444187 0.016455628 -0.028991038 -1.309209228 -0.016630085 0.999844968 -0.005786756 -0.933109462 0.028891319 0.006265663 0.999562919 48.096092224
0.999446929 0.016824622 -0.028682543 -1.347103715 -0.016931733 0.999850571 -0.003495522 -0.959647357 0.028619446 0.003979234 0.999582469 49.182765961
0.999462366 0.015315928 -0.028989948 -1.380887032 -0.015396257 0.999878168 -0.002549782 -0.977126777 0.028947365 0.002994747 0.999576509 50.264015198
0.999482989 0.015523691 -0.028157070 -1.424762607 -0.015620374 0.999872804 -0.003217024 -1.004170656 0.028103549 0.003655184 0.999598324 51.361610413
0.999484301 0.014526602 -0.028636333 -1.452793121 -0.014685178 0.999877930 -0.005335020 -1.023541927 0.028555341 0.005752798 0.999575615 52.476234436
0.999490678 0.014389530 -0.028483449 -1.482571959 -0.014600744 0.999867320 -0.007221282 -1.048024178 0.028375762 0.007633484 0.999568224 53.568489075
0.999510646 0.013728296 -0.028104778 -1.521719456 -0.014003793 0.999855578 -0.009629192 -1.080532193 0.027968531 0.010018053 0.999558568 54.663307190
0.999538600 0.012561115 -0.027656965 -1.560569286 -0.012922607 0.999832809 -0.012930931 -1.119412661 0.027489915 0.013282362 0.999533832 55.738285065
0.999559760 0.010673728 -0.027683267 -1.588471651 -0.011074988 0.999835134 -0.014382117 -1.152610898 0.027525194 0.014682377 0.999513328 56.822494507
0.999585688 0.009341328 -0.027227383 -1.619926572 -0.009678418 0.999877751 -0.012275161 -1.183779836 0.027109388 0.012533592 0.999553919 57.910446167
0.999591053 0.008641478 -0.027260071 -1.653425574 -0.008827929 0.999938428 -0.006726803 -1.210922241 0.027200270 0.006964703 0.999605775 59.029460907
0.999604583 0.006986122 -0.027237281 -1.680814385 -0.007008280 0.999975204 -0.000718128 -1.232119799 0.027231593 0.000908732 0.999628782 60.121730804
0.999624372 0.005455833 -0.026856376 -1.714034557 -0.005461526 0.999985039 -0.000138607 -1.252918959 0.026855217 0.000285231 0.999639213 61.215274811
0.999627769 0.002274137 -0.027188588 -1.736439347 -0.002366333 0.999991536 -0.003359233 -1.267929196 0.027180718 0.003422320 0.999624610 62.311882019
0.999645710 0.000567447 -0.026612299 -1.776741624 -0.000734644 0.999980092 -0.006273322 -1.291741014 0.026608204 0.006290649 0.999626100 63.397830963
0.999645889 0.003780434 -0.026341898 -1.820350528 -0.004048542 0.999940395 -0.010132120 -1.330393314 0.026302025 0.010235176 0.999601603 64.487197876
0.999638021 0.003800964 -0.026633989 -1.848319650 -0.004186829 0.999886811 -0.014446953 -1.356476665 0.026576065 0.014553234 0.999540865 65.579605103
0.999649286 0.007044288 -0.025531301 -1.889218688 -0.007429798 0.999859214 -0.015036258 -1.388423681 0.025421791 0.015220674 0.999560893 66.665161133
0.999638319 0.010717640 -0.024661237 -1.938278317 -0.010999391 0.999875426 -0.011317721 -1.424142957 0.024536859 0.011584886 0.999631822 67.762611389
0.999635100 0.012032943 -0.024180334 -1.976660848 -0.012257367 0.999882936 -0.009154647 -1.451904774 0.024067342 0.009447693 0.999665737 68.854598999
0.999638915 0.011141588 -0.024449732 -2.003684044 -0.011351614 0.999899745 -0.008468198 -1.477892160 0.024352929 0.008742684 0.999665260 69.950790405
0.999648690 0.010027118 -0.024532584 -2.030642748 -0.010218052 0.999918342 -0.007670086 -1.505611420 0.024453677 0.007918066 0.999669611 71.040710449
0.999653280 0.008886475 -0.024785656 -2.061397076 -0.009041530 0.999940157 -0.006150848 -1.534369826 0.024729516 0.006372815 0.999673903 72.130317688
0.999660671 0.007661758 -0.024895171 -2.097887278 -0.007767282 0.999961257 -0.004144818 -1.560954809 0.024862450 0.004336779 0.999681473 73.230697632
0.999644339 0.006582402 -0.025842525 -2.126248360 -0.006655673 0.999974132 -0.002750313 -1.581163764 0.025823751 0.002921334 0.999662220 74.321479797
0.999643266 0.005939162 -0.026038298 -2.160237551 -0.006035936 0.999975085 -0.003639559 -1.613672137 0.026016038 0.003795426 0.999654293 75.405357361
0.999627590 0.005825866 -0.026656322 -2.192813635 -0.006023676 0.999954820 -0.007346478 -1.639410973 0.026612321 0.007504311 0.999617636 76.477890015
0.999596417 0.006591262 -0.027631760 -2.220584869 -0.006858754 0.999930382 -0.009597025 -1.662216425 0.027566578 0.009782671 0.999572098 77.560386658
0.999568999 0.008649896 -0.028051274 -2.263289690 -0.008875477 0.999929130 -0.007927256 -1.693811297 0.027980715 0.008172807 0.999575078 78.638336182
0.999548376 0.009478081 -0.028518338 -2.301154375 -0.009585319 0.999947488 -0.003625984 -1.716831923 0.028482473 0.003897706 0.999586642 79.722602844
0.999517798 0.010713455 -0.029144974 -2.339275837 -0.010703097 0.999942482 0.000511316 -1.745895624 0.029148776 -0.000199128 0.999575019 80.788574219
0.999480307 0.012002211 -0.029920949 -2.377751112 -0.011977939 0.999927700 0.000990293 -1.762575150 0.029930674 -0.000631387 0.999551713 81.860786438
0.999464393 0.011895468 -0.030487301 -2.416464329 -0.011935424 0.999928057 -0.001128976 -1.782179594 0.030471677 0.001492250 0.999534488 82.922714233
0.999464035 0.011753866 -0.030554658 -2.463324547 -0.011822383 0.999927938 -0.002062810 -1.800954580 0.030528208 0.002422933 0.999530911 84.006805420
0.999444544 0.011307883 -0.031347442 -2.488287210 -0.011373227 0.999933481 -0.001906954 -1.830753684 0.031323791 0.002262417 0.999506712 85.024055481
0.999435306 0.010281089 -0.031991594 -2.528366566 -0.010337401 0.999945343 -0.001595275 -1.850651860 0.031973440 0.001925084 0.999486864 86.057899475
0.999421477 0.009261733 -0.032725714 -2.566021681 -0.009263976 0.999957085 0.000083096 -1.877243161 0.032725077 0.000220122 0.999464333 87.086105347
0.999403715 0.009024410 -0.033333845 -2.599184990 -0.008943837 0.999956727 0.002565457 -1.898917913 0.033355560 -0.002265795 0.999440968 88.087074280
0.999373853 0.008527335 -0.034341436 -2.636178493 -0.008414735 0.999958754 0.003421983 -1.916976690 0.034369200 -0.003130865 0.999404311 89.058792114
0.999319732 0.007322803 -0.036144514 -2.682942152 -0.007191577 0.999967098 0.003759306 -1.940224648 0.036170855 -0.003496812 0.999339521 90.022834778
0.999197721 0.006549049 -0.039510071 -2.724172592 -0.006464244 0.999976516 0.002273774 -1.953073263 0.039524037 -0.002016547 0.999216557 90.955268860
0.999072552 0.006183824 -0.042611722 -2.774625301 -0.006110991 0.999979675 0.001839301 -1.977239370 0.042622231 -0.001577195 0.999090016 91.873191833
0.998930037 0.006002319 -0.045856468 -2.818343878 -0.005892559 0.999979377 0.002528350 -1.998282790 0.045870703 -0.002255432 0.998944819 92.757484436
0.998769879 0.007410112 -0.049030419 -2.867385387 -0.007248336 0.999967694 0.003476509 -2.014114141 0.049054593 -0.003116843 0.998791218 93.623237610
0.998618484 0.007867168 -0.051953897 -2.920830011 -0.007630123 0.999959469 0.004759393 -2.032891273 0.051989231 -0.004356404 0.998638153 94.468635559
0.998427749 0.009268895 -0.055281773 -2.967607737 -0.008948137 0.999941647 0.006046956 -2.044362783 0.055334590 -0.005542781 0.998452485 95.284843445
0.998294175 0.010989024 -0.057341348 -3.029691935 -0.010611854 0.999920011 0.006877992 -2.059425116 0.057412352 -0.006257761 0.998330891 96.076034546
0.998115420 0.012426393 -0.060092662 -3.078211546 -0.011982390 0.999898255 0.007743360 -2.075404406 0.060182769 -0.007008715 0.998162806 96.840583801
0.997901380 0.014408686 -0.063129008 -3.126797676 -0.014038176 0.999881446 0.006308740 -2.090770960 0.063212425 -0.005409284 0.997985423 97.575752258
0.997710109 0.015393317 -0.065859564 -3.179817438 -0.015234221 0.999879658 0.002917231 -2.112602711 0.065896548 -0.001907230 0.997824669 98.261817932
0.997540355 0.018369697 -0.067643538 -3.250176430 -0.018464459 0.999829173 -0.000775973 -2.126304626 0.067617729 0.002023066 0.997709215 98.935684204
0.997358620 0.020307913 -0.069736026 -3.302461386 -0.020597763 0.999781966 -0.003439821 -2.139231205 0.069650963 0.004867142 0.997559547 99.569328308
0.997234702 0.022131367 -0.070943587 -3.345056295 -0.022498818 0.999737203 -0.004384579 -2.154814243 0.070827916 0.005968602 0.997470677 100.200828552
0.997249305 0.024794711 -0.069849908 -3.401384115 -0.025126230 0.999676764 -0.003871450 -2.172032118 0.069731332 0.005615866 0.997549951 100.780830383
0.997371256 0.028355036 -0.066681527 -3.453485489 -0.028548218 0.999590516 -0.001945819 -2.194686651 0.066599049 0.003844343 0.997772336 101.340110779
0.997618973 0.031107681 -0.061550781 -3.485146761 -0.031195076 0.999513209 -0.000459280 -2.207898617 0.061506536 0.002378269 0.998103857 101.880538940
0.998036027 0.031857986 -0.053935293 -3.515114546 -0.031830691 0.999492288 0.001365200 -2.220366955 0.053951409 0.000354279 0.998543441 102.406532288
0.998513162 0.031784356 -0.044286143 -3.530497551 -0.031663984 0.999492705 0.003417069 -2.228799582 0.044372290 -0.002009712 0.999013007 102.921821594
0.998977900 0.031447891 -0.032469857 -3.538554430 -0.031315885 0.999499142 0.004566172 -2.239606857 0.032597188 -0.003544682 0.999462306 103.402725220
0.999356151 0.030428007 -0.019012760 -3.541066408 -0.030343799 0.999528408 0.004702177 -2.251931190 0.019146871 -0.004122230 0.999808252 103.861412048
0.999529004 0.030487495 -0.003517970 -3.537052155 -0.030473847 0.999528050 0.003870065 -2.264595270 0.003634296 -0.003761036 0.999986351 104.306854248
0.999474466 0.029176975 0.014129687 -3.514575720 -0.029191080 0.999573469 0.000792849 -2.275704384 -0.014100526 -0.001204894 0.999899864 104.734184265
0.998946667 0.029023852 0.035541743 -3.489858150 -0.028895456 0.999573827 -0.004121066 -2.283049345 -0.035646215 0.003089731 0.999359727 105.132934570
0.997865379 0.026542354 0.059668563 -3.440813065 -0.026044829 0.999619424 -0.009100617 -2.293240547 -0.059887402 0.007527133 0.998176754 105.549644470
0.995945513 0.024627822 0.086521290 -3.366429090 -0.023708751 0.999651194 -0.011634231 -2.313068390 -0.086777642 0.009535749 0.996182144 105.978080750
0.993086636 0.021313880 0.115431778 -3.283411026 -0.019957524 0.999717653 -0.012893463 -2.328543186 -0.115673997 0.010500593 0.993231714 106.372673035
0.988823116 0.019537576 0.147807762 -3.189291000 -0.017520038 0.999734819 -0.014939545 -2.339523315 -0.148060456 0.012182970 0.988903224 106.763351440
0.982628107 0.015496400 0.184937969 -3.155126095 -0.012639884 0.999782026 -0.016614860 -2.355014086 -0.185155153 0.013988636 0.982609689 107.021026611
0.974644125 0.012415763 0.223416209 -3.036895990 -0.008777771 0.999812365 -0.017269243 -2.368712425 -0.223588690 0.014870269 0.974570155 107.383666992
0.964645743 0.010053461 0.263358057 -2.911148310 -0.005411797 0.999817073 -0.018344436 -2.382593393 -0.263494313 0.016270645 0.964523733 107.730705261
0.952371716 0.010485452 0.304759145 -2.773416042 -0.004904063 0.999806046 -0.019073837 -2.403932571 -0.304899991 0.016670825 0.952238441 108.061019897
0.936851919 0.013345697 0.349471688 -2.639163017 -0.006719291 0.999774039 -0.020166729 -2.411658525 -0.349661857 0.016545037 0.936729848 108.373489380
0.918953121 0.013121949 0.394148409 -2.472625971 -0.006263057 0.999805868 -0.018683175 -2.427609444 -0.394317031 0.014700389 0.918856859 108.687507629
0.898585260 0.012525572 0.438620180 -2.286171675 -0.005197781 0.999826193 -0.017903293 -2.437314749 -0.438768208 0.013807784 0.898494184 108.998153687
0.875069737 0.011015921 0.483871341 -2.098396540 -0.002578786 0.999832809 -0.018098736 -2.454719543 -0.483989865 0.014589859 0.874951959 109.281631470
0.849811494 0.012525483 0.526937842 -1.876311183 -0.001898489 0.999783814 -0.020703422 -2.469440222 -0.527083278 0.016593622 0.849651575 109.574432373
0.821859598 0.014383758 0.569508433 -1.654164553 -0.001132305 0.999720395 -0.023615349 -2.492581129 -0.569688857 0.018763645 0.821646214 109.845314026
0.791014075 0.018357003 0.611522436 -1.400108933 -0.001516500 0.999605477 -0.028045062 -2.511409044 -0.611796081 0.021256668 0.790729880 110.143547058
0.755263269 0.024926988 0.654947340 -1.166643143 -0.005139065 0.999471068 -0.032113202 -2.524939060 -0.655401349 0.020888107 0.754991889 110.418235779
0.717408061 0.029761847 0.696017206 -0.895830870 -0.006693914 0.999335468 -0.035832163 -2.528035402 -0.696621060 0.021047203 0.717130482 110.662811279
0.677774191 0.029999305 0.734657824 -0.598665714 -0.004968772 0.999331415 -0.036223039 -2.550327778 -0.735253215 0.020900697 0.677470148 110.889312744
0.636610150 0.027343625 0.770700932 -0.286176205 -0.000721797 0.999391913 -0.034861118 -2.565364361 -0.771185517 0.021636654 0.636242747 111.087318420
0.592126191 0.025257872 0.805449367 0.039670002 0.001085765 0.999482810 -0.032140717 -2.576681852 -0.805844486 0.019905891 0.591792524 111.285537720
0.546296597 0.023877742 0.837251365 0.375608981 0.001599925 0.999562025 -0.029550644 -2.590576172 -0.837590277 0.017482957 0.546019137 111.449844360
0.499002159 0.021339307 0.866338015 0.725112140 0.003311147 0.999642551 -0.026530003 -2.603681803 -0.866594374 0.016107107 0.498753190 111.587348938
0.447142005 0.017392395 0.894293904 1.080076814 0.006906874 0.999714017 -0.022896025 -2.614928007 -0.894436240 0.016414553 0.446894050 111.739212036
0.393118978 0.018512981 0.919301152 1.415688992 0.001606514 0.999781907 -0.020820701 -2.643986702 -0.919486105 0.009661883 0.393003494 111.882820129
0.341590822 0.023499835 0.939554811 1.797813177 -0.002098843 0.999703884 -0.024241192 -2.658365488 -0.939846396 0.006308590 0.341538966 111.991661072
0.292138368 0.028233374 0.955959141 2.179682732 -0.001825893 0.999578714 -0.028963652 -2.675067425 -0.956374168 0.006715915 0.292066902 112.063232422
0.245616987 0.030676613 0.968881309 2.582238436 -0.000600528 0.999503672 -0.031493936 -2.683991671 -0.969366670 0.007153605 0.245513529 112.129661560
0.204124361 0.031146305 0.978449285 3.000409365 0.006008307 0.999435008 -0.033067781 -2.696188211 -0.978926420 0.012628763 0.203821883 112.181274414
0.168866396 0.030564591 0.985164881 3.442211390 0.014657998 0.999330640 -0.033516601 -2.712283134 -0.985529900 0.020100372 0.168305352 112.223396301
0.138161078 0.031677350 0.989902973 3.897777081 0.019036042 0.999218762 -0.034632329 -2.733507156 -0.990226746 0.023628673 0.137450144 112.258148193
0.109537855 0.029751122 0.993537247 4.329873562 0.016313344 0.999363542 -0.031724140 -2.759352446 -0.993848741 0.019682905 0.108982794 112.302040100
0.083130442 0.026291598 0.996191740 4.817683697 0.010274418 0.999576211 -0.027238298 -2.772601366 -0.996485710 0.012499622 0.082825080 112.344322205
0.059402172 0.021904530 0.997993767 5.321942329 0.005613241 0.999736190 -0.022276878 -2.794434309 -0.998218358 0.006925274 0.059263535 112.368301392
0.037081160 0.019725146 0.999117613 5.843594074 0.010038974 0.999747455 -0.020110169 -2.811141968 -0.999261796 0.010775823 0.036873784 112.364036560
0.016924189 0.020455064 0.999647498 6.383686066 0.018190479 0.999619067 -0.020762447 -2.831983328 -0.999691248 0.018535454 0.016545659 112.351142883
-0.000094159 0.022852981 0.999738812 6.932755947 0.022051193 0.999495864 -0.022845348 -2.854300261 -0.999756813 0.022043282 -0.000598047 112.340011597
-0.014951603 0.028185189 0.999490857 7.504137993 0.022507334 0.999358833 -0.027844772 -2.867324829 -0.999634862 0.022079552 -0.015576388 112.327033997
-0.025803585 0.032853082 0.999127090 8.106686592 0.020157970 0.999273658 -0.032337300 -2.880264997 -0.999463737 0.019305961 -0.026447093 112.314376831
-0.032125916 0.032890610 0.998942554 8.736674309 0.023016902 0.999217629 -0.032159448 -2.893757820 -0.999218702 0.021959409 -0.032857820 112.290855408
-0.034003954 0.029867779 0.998975277 9.376423836 0.029026881 0.999161124 -0.028885301 -2.916703224 -0.999000013 0.028014926 -0.034842402 112.260345459
-0.033759411 0.028060324 0.999035954 10.026344299 0.029904610 0.999186516 -0.027054017 -2.944433212 -0.998982489 0.028962458 -0.034571085 112.231658936
-0.031763840 0.027615115 0.999113798 10.703178406 0.029356398 0.999212682 -0.026684551 -2.968427181 -0.999064207 0.028482780 -0.032549512 112.215576172
-0.030091982 0.027883494 0.999158025 11.390716553 0.025989037 0.999294698 -0.027104585 -2.996521950 -0.999209166 0.025151527 -0.030795421 112.204620361
-0.029020285 0.029255176 0.999150515 12.109184265 0.025051616 0.999278903 -0.028531311 -3.014173746 -0.999264777 0.024202352 -0.029732250 112.189659119
-0.028363159 0.030082183 0.999144852 12.832976341 0.024248416 0.999273598 -0.029397713 -3.043948174 -0.999303460 0.023393868 -0.029072002 112.179077148
-0.028046628 0.029209489 0.999179721 13.569793701 0.023014465 0.999326825 -0.028567785 -3.074553490 -0.999341667 0.022194354 -0.028699988 112.172950745
-0.026739281 0.028265288 0.999242723 14.329671860 0.022768607 0.999358058 -0.027659271 -3.099119902 -0.999383092 0.022011777 -0.027365677 112.144584656
-0.026339663 0.026936838 0.999290049 15.098265648 0.023695847 0.999372840 -0.026314484 -3.127979755 -0.999372184 0.022985911 -0.026961433 112.126243591
-0.026727682 0.024573574 0.999340653 15.876271248 0.024352431 0.999417067 -0.023924142 -3.159246683 -0.999346077 0.023696940 -0.027310533 112.104850769
-0.027581632 0.022760084 0.999360323 16.663061142 0.021287318 0.999527335 -0.022176374 -3.189369202 -0.999392807 0.020662045 -0.028053101 112.086585999
-0.028856954 0.022021264 0.999340892 17.460609436 0.021287216 0.999544144 -0.021411050 -3.212936401 -0.999356866 0.020655328 -0.029312570 112.064872742
-0.030381650 0.019096054 0.999355972 18.258411407 0.023480536 0.999555230 -0.018386029 -3.243616581 -0.999262571 0.022906816 -0.030816525 112.046440125
-0.031615317 0.017995398 0.999338150 19.074726105 0.024660829 0.999547601 -0.017218996 -3.262938023 -0.999195874 0.024100121 -0.032044798 112.021621704
-0.033515982 0.017105756 0.999291718 19.909999847 0.022046106 0.999622941 -0.016372003 -3.291720867 -0.999195039 0.021481769 -0.033880461 112.003524780
-0.034246340 0.021338040 0.999185562 20.715806961 0.019098224 0.999603450 -0.020692389 -3.325517178 -0.999230921 0.018374030 -0.034640275 111.976989746
-0.035056766 0.026252411 0.999040484 21.551212311 0.020649211 0.999460578 -0.025538864 -3.348848581 -0.999172032 0.019734085 -0.035579942 111.951339722
-0.036350355 0.027841255 0.998951197 22.390869141 0.020792520 0.999416590 -0.027097616 -3.379368067 -0.999122798 0.019785700 -0.036908034 111.926315308
-0.038419947 0.025479684 0.998936772 23.242382050 0.016963350 0.999547482 -0.024842836 -3.413796902 -0.999117672 0.015990853 -0.038834784 111.910728455
-0.039411139 0.021164551 0.998998940 24.078458786 0.013744916 0.999692500 -0.020636996 -3.449524641 -0.999128461 0.012917827 -0.039689928 111.887222290
-0.039531209 0.015686899 0.999095261 24.932523727 0.012443114 0.999807000 -0.015205735 -3.479938745 -0.999140859 0.011830753 -0.039718769 111.855972290
-0.040058814 0.010127330 0.999146044 25.784038544 0.008864378 0.999912798 -0.009779701 -3.504528999 -0.999157965 0.008465042 -0.040145095 111.832489014
-0.039381523 0.008697022 0.999186456 26.629383087 0.006167346 0.999945223 -0.008460547 -3.534895420 -0.999205172 0.005829139 -0.039433002 111.807739258
-0.039116248 0.015378425 0.999116421 27.487434387 0.008155669 0.999853194 -0.015070464 -3.567872047 -0.999201357 0.007558960 -0.039235920 111.781600952
-0.037358973 0.026852403 0.998941064 28.285381317 0.010893250 0.999590576 -0.026462464 -3.595415592 -0.999242544 0.009893106 -0.037636194 111.737068176
-0.036783338 0.032097366 0.998807669 29.120489120 0.012857573 0.999416590 -0.031643424 -3.623050690 -0.999240637 0.011678291 -0.037174575 111.708099365
-0.035617162 0.026369654 0.999017537 29.957595825 0.014597262 0.999558985 -0.025863517 -3.661020517 -0.999258935 0.013661736 -0.035986383 111.682167053
-0.034770936 0.018669818 0.999220908 30.789373398 0.017697567 0.999680281 -0.018062558 -3.693374395 -0.999238670 0.017055726 -0.035090230 111.653091431
-0.034508720 0.015848296 0.999278784 31.617715836 0.018719682 0.999709129 -0.015208661 -3.724496603 -0.999229133 0.018181346 -0.034795366 111.631851196
-0.034283791 0.016675049 0.999273062 32.436042786 0.017544778 0.999716699 -0.016080515 -3.749549627 -0.999258101 0.016980719 -0.034566641 111.598251343
-0.035304237 0.017515361 0.999223113 33.253089905 0.014397444 0.999751568 -0.017015936 -3.777833223 -0.999272823 0.013785521 -0.035547640 111.577499390
-0.037587009 0.017711695 0.999136448 34.071929932 0.012591547 0.999771953 -0.017249271 -3.805665731 -0.999213934 0.011932324 -0.037801456 111.560394287
-0.039364520 0.017664084 0.999068797 34.874713898 0.012159735 0.999778152 -0.017197516 -3.835626364 -0.999150932 0.011471437 -0.039570581 111.528701782
-0.041911423 0.017495679 0.998968124 35.672931671 0.009275979 0.999810398 -0.017121265 -3.871922493 -0.999078274 0.008548831 -0.042065773 111.502334595
-0.044225220 0.018023835 0.998858988 36.479255676 0.007579694 0.999814451 -0.017705481 -3.897939682 -0.998992860 0.006788014 -0.044353634 111.474861145
-0.046439789 0.017360594 0.998770237 37.288253784 0.005637885 0.999837577 -0.017117007 -3.923465967 -0.998905182 0.004836041 -0.046530128 111.447265625
-0.048133157 0.016321426 0.998707473 38.068553925 0.006627835 0.999849796 -0.016020661 -3.950795889 -0.998818994 0.005848143 -0.048234094 111.403915405
-0.050231867 0.015668904 0.998614669 38.857551575 0.005113355 0.999867797 -0.015431359 -3.988344908 -0.998724461 0.004331124 -0.050305352 111.373275757
-0.051817246 0.016556680 0.998519301 39.636966705 0.004994055 0.999854267 -0.016319655 -4.015191078 -0.998644054 0.004141021 -0.051892385 111.333114624
-0.053133123 0.017001869 0.998442709 40.433689117 0.005836924 0.999843180 -0.016715104 -4.039421082 -0.998570442 0.004939707 -0.053224038 111.303962708
-0.054037210 0.016038382 0.998410106 41.198856354 0.007847368 0.999846995 -0.015636738 -4.063118935 -0.998508096 0.006989926 -0.054154802 111.257072449
-0.055326302 0.015079432 0.998354435 41.956962585 0.008626425 0.999855876 -0.014624053 -4.094114304 -0.998431027 0.007803134 -0.055448409 111.210601807
-0.057353996 0.014689542 0.998245835 42.734657288 0.006487773 0.999876142 -0.014340782 -4.124067307 -0.998332858 0.005653891 -0.057442199 111.186386108
-0.058737837 0.013850255 0.998177409 43.488391876 0.004759283 0.999896288 -0.013594046 -4.146940231 -0.998262167 0.003952123 -0.058797665 111.151596069
-0.059795041 0.012288279 0.998135090 44.228237152 0.003628240 0.999920309 -0.012092901 -4.175134659 -0.998204172 0.002898378 -0.059834864 111.119361877
-0.060668521 0.012168534 0.998083770 44.941780090 0.003849720 0.999921143 -0.011956929 -4.199004650 -0.998150587 0.003116934 -0.060710587 111.079261780
-0.060772724 0.014420295 0.998047471 45.640148163 0.003863857 0.999891579 -0.014211665 -4.226581573 -0.998144209 0.002992631 -0.060821857 111.041275024
-0.060565732 0.017653700 0.998008072 46.344161987 0.003893761 0.999840140 -0.017449809 -4.247908592 -0.998156607 0.002829145 -0.060624801 110.998641968
-0.060467388 0.019458065 0.997980475 47.040237427 0.002120712 0.999810278 -0.019365247 -4.271362305 -0.998167872 0.000945463 -0.060497180 110.960617065
-0.060848847 0.020255510 0.997941434 47.740985870 0.001843805 0.999794543 -0.020180700 -4.298579693 -0.998145282 0.000612036 -0.060873702 110.924575806
-0.060415749 0.019724665 0.997978389 48.441375732 0.003237349 0.999803364 -0.019564753 -4.327326775 -0.998168051 0.002048785 -0.060467727 110.879386902
-0.061073083 0.019565418 0.997941494 49.116886139 0.004178161 0.999804139 -0.019346235 -4.348719597 -0.998124540 0.002988026 -0.061142858 110.841972351
-0.061780024 0.019850872 0.997892380 49.798706055 0.000476084 0.999802649 -0.019859396 -4.372087955 -0.998089671 -0.000751832 -0.061777275 110.811157227
-0.061751019 0.019933892 0.997892499 50.490039825 -0.001614099 0.999797285 -0.020071823 -4.398880482 -0.998090327 -0.002850151 -0.061706323 110.784538269
-0.061291989 0.018316060 0.997951806 51.164112091 -0.000236213 0.999831378 -0.018365061 -4.429394722 -0.998119891 -0.001361360 -0.061277319 110.738243103
-0.062332090 0.018034937 0.997892499 51.845737457 0.001096203 0.999837458 -0.018001610 -4.449744701 -0.998054862 -0.000028186 -0.062341720 110.700012207
-0.065484084 0.017464034 0.997700810 52.511203766 -0.002339986 0.999841392 -0.017655089 -4.474944115 -0.997850895 -0.003490734 -0.065432824 110.657890320
-0.070881531 0.016679885 0.997345328 53.181907654 -0.006256940 0.999832988 -0.017166171 -4.502889156 -0.997465193 -0.007457094 -0.070765331 110.620948792
-0.076665632 0.021058356 0.996834517 53.844879150 -0.002341438 0.999770343 -0.021300456 -4.522203922 -0.997054100 -0.003967040 -0.076598726 110.568809509
-0.082783118 0.023652464 0.996286869 54.512283325 0.000221714 0.999718726 -0.023715517 -4.548909664 -0.996567488 -0.001742353 -0.082765080 110.499526978
-0.090820812 0.025600070 0.995538235 55.213333130 -0.001331124 0.999665499 -0.025827639 -4.570621967 -0.995866418 -0.003670872 -0.090756342 110.452056885
-0.097049817 0.023916356 0.994992137 55.869491577 -0.005093428 0.999686182 -0.024525994 -4.605206490 -0.995266497 -0.007448165 -0.096897565 110.386978149
-0.101953559 0.023302888 0.994516134 56.552932739 -0.004821595 0.999702275 -0.023918696 -4.625904083 -0.994777501 -0.007233751 -0.101810858 110.313644409
-0.106674567 0.023613239 0.994013548 57.248523712 -0.007234544 0.999673069 -0.024524076 -4.654204369 -0.994267762 -0.009807330 -0.106468871 110.245460510
-0.110782772 0.022968963 0.993579209 57.938297272 -0.010020724 0.999656320 -0.024226747 -4.678608418 -0.993794143 -0.012640288 -0.110514536 110.175735474
-0.113232918 0.019685455 0.993373394 58.639766693 -0.009650001 0.999734819 -0.020911505 -4.704369545 -0.993521631 -0.011953926 -0.113012925 110.094673157
-0.114694238 0.016332913 0.993266523 59.358211517 -0.007547340 0.999821663 -0.017312210 -4.734730721 -0.993372202 -0.009482131 -0.114550531 110.010398865
-0.117091112 0.013793535 0.993025482 60.060985565 -0.007697066 0.999860883 -0.014796072 -4.756236553 -0.993091285 -0.009375868 -0.116968662 109.940353394
-0.118325315 0.013644017 0.992881179 60.786277771 -0.008581347 0.999854088 -0.014762510 -4.775312424 -0.992937744 -0.010267034 -0.118190974 109.859275818
-0.118651658 0.017318029 0.992784917 61.517784119 -0.007182522 0.999806762 -0.018298928 -4.797873020 -0.992909908 -0.009301896 -0.118504345 109.776855469
-0.118915610 0.021405414 0.992673576 62.247585297 -0.001180180 0.999763787 -0.021699680 -4.824100971 -0.992903590 -0.003751962 -0.118862256 109.682991028
-0.119315363 0.026482558 0.992503107 62.989021301 0.005872940 0.999645531 -0.025967106 -4.853302956 -0.992839038 0.002730636 -0.119428590 109.582168579
-0.120246910 0.027182862 0.992371738 63.743793488 0.007106334 0.999623001 -0.026520403 -4.882401943 -0.992718577 0.003863129 -0.120394737 109.495216370
-0.120379180 0.025056310 0.992411733 64.491889954 0.005123375 0.999683738 -0.024618458 -4.910274029 -0.992714763 0.002120948 -0.120469488 109.410995483
-0.120356388 0.019985376 0.992529571 65.240531921 0.005492692 0.999795496 -0.019465622 -4.939343452 -0.992715478 0.003108848 -0.120441534 109.323013306
-0.120391712 0.018493988 0.992554188 65.990493774 0.007403933 0.999815345 -0.017731229 -4.964363098 -0.992698789 0.005214112 -0.120506413 109.230094910
-0.121355362 0.017732721 0.992450714 66.729782104 0.007857135 0.999826252 -0.016903747 -4.994922638 -0.992577970 0.005746459 -0.121473610 109.137245178
-0.123199038 0.018319592 0.992212892 67.475135803 0.006295138 0.999823928 -0.017678477 -5.022844315 -0.992361963 0.004068146 -0.123292670 109.054138184
-0.125526190 0.019385178 0.991900921 68.207542419 0.005561906 0.999807119 -0.018835831 -5.046256065 -0.992074728 0.003152469 -0.125609800 108.967597961
-0.127712861 0.019470651 0.991620004 68.948516846 0.006831560 0.999800861 -0.018751429 -5.074476242 -0.991787672 0.004379514 -0.127820447 108.871559143
-0.129718289 0.019702815 0.991355121 69.691947937 0.007039881 0.999795616 -0.018949402 -5.099410057 -0.991525948 0.004520938 -0.129830480 108.778289795
-0.131403133 0.019305026 0.991141140 70.440261841 0.006913636 0.999803901 -0.018557169 -5.125319481 -0.991304934 0.004413919 -0.131510809 108.676216125
-0.133122668 0.019488757 0.990907907 71.187759399 0.004589218 0.999808073 -0.019047266 -5.150992393 -0.991088927 0.002011870 -0.133186549 108.582153320
-0.134177908 0.021035558 0.990733981 71.943206787 0.004594802 0.999777138 -0.020605281 -5.177617550 -0.990946591 0.001787452 -0.134244666 108.484619141
-0.135046571 0.021433784 0.990607381 72.703125000 0.003983503 0.999769807 -0.021088965 -5.204182148 -0.990831196 0.001098095 -0.135100827 108.386596680
-0.136285678 0.021648878 0.990433037 73.458396912 0.003059713 0.999765754 -0.021431848 -5.229600906 -0.990664899 0.000109587 -0.136319980 108.280708313
-0.137664795 0.020169429 0.990273476 74.244102478 0.003854948 0.999795973 -0.019827476 -5.252126694 -0.990471363 0.001087908 -0.137714460 108.186714172
-0.138683349 0.017821325 0.990176380 75.028495789 0.001845994 0.999840975 -0.017736722 -5.277205467 -0.990334988 -0.000631928 -0.138694197 108.085029602
-0.140701294 0.015840830 0.989925385 75.819763184 -0.001591554 0.999867022 -0.016226131 -5.297328472 -0.990050852 -0.003858557 -0.140657365 107.986396790
-0.142639056 0.015373711 0.989655316 76.610855103 0.000185833 0.999879718 -0.015505758 -5.319319248 -0.989774764 -0.002027816 -0.142624766 107.868881226
-0.144327179 0.016240025 0.989396691 77.406097412 0.001244442 0.999867439 -0.016230362 -5.341657639 -0.989529192 -0.001111236 -0.144328266 107.758232117
-0.146713287 0.017453739 0.989025116 78.201118469 0.000742227 0.999845862 -0.017534599 -5.365877151 -0.989178777 -0.001838477 -0.146703660 107.643218994
-0.148378357 0.020660168 0.988714814 78.995903015 0.001669934 0.999785483 -0.020640891 -5.398537636 -0.988929272 -0.001411574 -0.148381054 107.529571533
-0.148607314 0.024664406 0.988588631 79.796005249 0.004129547 0.999695599 -0.024320753 -5.424807549 -0.988887668 0.000468181 -0.148663938 107.405189514
-0.149790674 0.028209083 0.988315105 80.618705750 0.004617550 0.999601960 -0.027831392 -5.466917992 -0.988706946 0.000394711 -0.149861351 107.283638000
-0.149703100 0.029955963 0.988276958 81.445045471 0.006919756 0.999548197 -0.029249411 -5.492620945 -0.988706768 0.002459909 -0.149842739 107.162269592
-0.148679763 0.028955318 0.988461316 82.276985168 0.010210062 0.999562979 -0.027744770 -5.531105042 -0.988832772 0.005967167 -0.148910418 107.033042908
-0.148365393 0.027093269 0.988561332 83.092697144 0.011059616 0.999607563 -0.025736159 -5.565080643 -0.988870740 0.007114755 -0.148606822 106.900718689
-0.147649959 0.025413893 0.988713026 83.940605164 0.009907003 0.999657631 -0.024215745 -5.599037647 -0.988990068 0.006219730 -0.147851184 106.778373718
-0.146460459 0.022584096 0.988958716 84.792922974 0.009033196 0.999728203 -0.021492258 -5.634914398 -0.989175320 0.005785692 -0.146624640 106.673645020
-0.145516068 0.019603701 0.989161730 85.647766113 0.009535017 0.999785006 -0.018411539 -5.662312508 -0.989309967 0.006752500 -0.145671695 106.561706543
-0.143178269 0.016283466 0.989562988 86.492935181 0.009885728 0.999838233 -0.015022201 -5.691828251 -0.989647508 0.007631698 -0.143316075 106.433464050
-0.141674131 0.016084218 0.989782631 87.345329285 0.008348759 0.999851882 -0.015052831 -5.720814228 -0.989878178 0.006130861 -0.141787425 106.322990417
-0.140487447 0.020157740 0.989877224 88.201980591 0.008714775 0.999779224 -0.019122543 -5.752126217 -0.990044177 0.005940080 -0.140632093 106.209182739
-0.138506174 0.026459552 0.990007997 89.045066833 0.009732105 0.999631107 -0.025355181 -5.781356335 -0.990313768 0.006123014 -0.138712585 106.090461731
-0.137000158 0.029907936 0.990119398 89.892303467 0.007259842 0.999547601 -0.029188201 -5.810075283 -0.990544379 0.003189322 -0.137155309 105.981491089
