1.000000000 0.000000000 -0.000000000 0.000000000 0.000000000 1.000000000 0.000000000 0.000000000 -0.000000000 0.000000000 1.000000000 0.000000000
0.999979198 0.000354045 -0.006441789 -0.008150008 -0.000351672 0.999999881 0.000369401 -0.001426953 0.006441919 -0.000367127 0.999979198 0.091177903
0.999907076 0.000905853 -0.013601884 -0.015815381 -0.000904317 0.999999583 0.000119012 -0.001152740 0.013601987 -0.000106701 0.999907494 0.187896758
0.999772727 0.001380929 -0.021274472 -0.025969535 -0.001393708 0.999998868 -0.000585889 -0.001890592 0.021273639 0.000615406 0.999773502 0.285629839
0.999541998 0.001748327 -0.030211851 -0.043072660 -0.001808877 0.999996424 -0.001976977 -0.002001777 0.030208286 0.002030721 0.999541581 0.389354497
0.999126911 0.001974757 -0.041731387 -0.059366740 -0.002118871 0.999991953 -0.003409436 -0.005434064 0.041724321 0.003494882 0.999123037 0.501322627
0.998475611 0.001734945 -0.055167641 -0.082733892 -0.001963319 0.999989748 -0.004085709 -0.007616923 0.055159986 0.004187793 0.998468757 0.625082850
0.997425497 0.001784638 -0.071688473 -0.108147800 -0.002109380 0.999987841 -0.004454459 -0.004388064 0.071679652 0.004594209 0.997417152 0.760165036
0.995903552 0.000277222 -0.090421312 -0.134809375 -0.000661905 0.999990880 -0.004224380 -0.008506033 0.090419315 0.004266926 0.995894670 0.916087747
0.993911684 -0.000692067 -0.110177316 -0.176240638 0.000208754 0.999990284 -0.004398163 -0.012208640 0.110179290 0.004348386 0.993902206 1.076216221
0.991312683 -0.000473383 -0.131525263 -0.230268195 -0.000167641 0.999988139 -0.004862657 -0.012258845 0.131526038 0.004842463 0.991300881 1.233130932
0.987817526 0.003058669 -0.155586332 -0.287244141 -0.004070670 0.999972701 -0.006186241 -0.017477449 0.155563161 0.006744220 0.987802863 1.401734352
0.983450234 0.007468561 -0.181024566 -0.354501307 -0.008979456 0.999931395 -0.007528252 -0.024728760 0.180955932 0.009029162 0.983449697 1.577586532
0.978079140 0.010204340 -0.207982808 -0.427803099 -0.012283520 0.999886692 -0.008707787 -0.026552815 0.207870394 0.011071666 0.978093684 1.758436084
0.971427202 0.011049679 -0.237080246 -0.504574835 -0.013550927 0.999868393 -0.008923200 -0.028635103 0.236950427 0.011880897 0.971449077 1.940139771
0.963396966 0.013035495 -0.267761618 -0.595469654 -0.015871288 0.999838471 -0.008428990 -0.032577883 0.267608494 0.012370185 0.963448286 2.136490583
0.953949571 0.015150056 -0.299583942 -0.690455616 -0.018213574 0.999806523 -0.007436006 -0.034167729 0.299413294 0.012550069 0.954040945 2.325778484
0.942664146 0.017105514 -0.333304167 -0.769506574 -0.020320600 0.999774516 -0.006162071 -0.039548058 0.333123595 0.012581704 0.942799211 2.486570120
0.930239916 0.020000273 -0.366406351 -0.869845748 -0.023578590 0.999707997 -0.005292790 -0.047153439 0.366193473 0.013562910 0.930439889 2.650958300
0.916431904 0.022667749 -0.399548262 -0.992394745 -0.026817845 0.999628782 -0.004798909 -0.045994263 0.399291158 0.015112896 0.916699588 2.841089964
0.900297225 0.023014555 -0.434666902 -1.117705822 -0.027545527 0.999611974 -0.004126232 -0.044158876 0.434403300 0.015687963 0.900581896 3.030204535
0.881836176 0.018580608 -0.471189857 -1.248852372 -0.023609029 0.999709904 -0.004762571 -0.042646527 0.470964670 0.015324141 0.882018924 3.223640919
0.860684276 0.013135791 -0.508969665 -1.382549405 -0.018428905 0.999815702 -0.005360042 -0.044767592 0.508805513 0.013993057 0.860767722 3.392581940
0.835843027 0.015308793 -0.548755229 -1.539290428 -0.019337842 0.999811709 -0.001562605 -0.056063320 0.548628032 0.011917834 0.835981607 3.565488577
0.806992531 0.021381900 -0.590174615 -1.724432588 -0.024529388 0.999695480 0.002677782 -0.063982457 0.590052128 0.012315673 0.807271123 3.732489347
0.774422407 0.024732156 -0.632185400 -1.921936870 -0.028049499 0.999595225 0.004745421 -0.067789145 0.632046878 0.014057524 0.774802625 3.904432058
0.738632381 0.023789374 -0.673688650 -2.131171703 -0.027035972 0.999618411 0.005656401 -0.071055152 0.673566103 0.014035824 0.738993704 4.064253807
0.699061036 0.019409593 -0.714798570 -2.353203058 -0.021062324 0.999756694 0.006548724 -0.064585961 0.714751720 0.010477361 0.699299753 4.231518269
0.656800389 0.015838118 -0.753898263 -2.600888968 -0.016241929 0.999844551 0.006854971 -0.060504410 0.753889680 0.007742415 0.656955421 4.397974014
0.613128006 0.014836146 -0.789844215 -2.869420528 -0.012827154 0.999878705 0.008824092 -0.062327068 0.789879501 0.004721155 0.613243818 4.535222530
0.564671218 0.015597265 -0.825168490 -3.145039797 -0.010404968 0.999876440 0.011779357 -0.061105628 0.825250328 0.001934386 0.564763725 4.676836491
0.514120519 0.016063979 -0.857567549 -3.442556381 -0.008566117 0.999870837 0.013594137 -0.054659773 0.857675195 0.000356998 0.514191687 4.797923565
0.462477326 0.017499447 -0.886458397 -3.747585535 -0.007911474 0.999846756 0.015610311 -0.051594425 0.886595845 -0.000206223 0.462544829 4.889441490
0.407823116 0.020504992 -0.912830710 -4.076495647 -0.006825034 0.999788225 0.019409129 -0.056904554 0.913035452 -0.001685391 0.407876670 4.987944603
0.352788121 0.022762408 -0.935426354 -4.430194855 -0.006030734 0.999738574 0.022052927 -0.052741531 0.935683727 -0.002138703 0.352833152 5.067954063
0.297376275 0.025633832 -0.954416156 -4.795955181 -0.004078099 0.999664545 0.025578465 -0.043506104 0.954751730 -0.003714227 0.297381014 5.147817135
0.242393732 0.028005326 -0.969773710 -5.171613693 -0.000151349 0.999584317 0.028828377 -0.045983989 0.970177948 -0.006841042 0.242297143 5.218777180
0.191721335 0.026424855 -0.981093645 -5.519443512 0.003554742 0.999612272 0.027618285 -0.029610626 0.981442928 -0.008782550 0.191553041 5.246795654
0.144065037 0.027587209 -0.989183664 -5.929331303 0.001402948 0.999604642 0.028082166 -0.023479046 0.989567220 -0.005433431 0.143969372 5.264435291
0.101979516 0.027624559 -0.994402885 -6.353116989 -0.001280376 0.999617100 0.027638106 -0.008657293 0.994785726 -0.001545310 0.101975851 5.265955448
0.063707218 0.026146546 -0.997626126 -6.798107624 -0.002132023 0.999657989 0.026063653 0.003801344 0.997966290 0.000466518 0.063741192 5.263855457
0.029028108 0.023433713 -0.999303937 -7.271032810 -0.001548682 0.999725103 0.023398599 0.011104397 0.999577403 0.000868386 0.029056426 5.257657051
-0.001924106 0.020662799 -0.999784529 -7.720362663 -0.000263366 0.999786437 0.020663347 0.014508595 0.999998093 0.000303068 -0.001918253 5.230352402
-0.028547406 0.018968942 -0.999412298 -8.207119942 -0.000568690 0.999819517 0.018992910 0.019118499 0.999592304 0.001110555 -0.028531468 5.193594456
-0.049224839 0.016499294 -0.998651326 -8.717829704 -0.001220594 0.999861717 0.016579455 0.028669305 0.998786986 0.002035069 -0.049197897 5.149290085
-0.065409347 0.015693525 -0.997735023 -9.241335869 -0.000932807 0.999874890 0.015788337 0.039444383 0.997858107 0.001963399 -0.065386541 5.099375725
-0.078489147 0.015726427 -0.996790946 -9.785105705 -0.000085383 0.999875426 0.015781812 0.054899126 0.996914983 0.001323810 -0.078478038 5.047857285
-0.088090383 0.016977159 -0.995967805 -10.336042404 0.000046965 0.999854803 0.017039260 0.059866663 0.996112466 0.001454220 -0.088078417 4.989346981
-0.094935939 0.018386493 -0.995313585 -10.909030914 -0.002177476 0.999823153 0.018677492 0.058847889 0.995481014 0.003940437 -0.094879121 4.923313141
-0.099365897 0.019322162 -0.994863331 -11.499784470 -0.002613135 0.999802887 0.019679096 0.065470412 0.995047510 0.004555143 -0.099295817 4.860701084
-0.100684881 0.019942353 -0.994718492 -12.104248047 -0.000201346 0.999798656 0.020064583 0.078955345 0.994918406 0.002220483 -0.100660592 4.794717789
-0.099595703 0.022177493 -0.994780779 -12.721347809 0.001597290 0.999753773 0.022128446 0.084405288 0.995026708 0.000614945 -0.099606611 4.731081963
-0.098060988 0.024682976 -0.994874299 -13.369744301 0.001016474 0.999694347 0.024702372 0.090210117 0.995179951 0.001411075 -0.098056100 4.663307667
-0.096342519 0.024373120 -0.995049715 -14.024703026 -0.001361742 0.999695957 0.024618771 0.098341756 0.995347321 0.003726835 -0.096280046 4.596457958
-0.095076889 0.021982756 -0.995227158 -14.693085670 -0.002835776 0.999746025 0.022353478 0.107929423 0.995465875 0.004947540 -0.094990410 4.533993721
-0.093370393 0.021823650 -0.995392203 -15.369878769 -0.002825049 0.999749839 0.022184184 0.121796541 0.995627463 0.004883378 -0.093285397 4.462604523
-0.091545664 0.024465648 -0.995500207 -16.078132629 -0.003747273 0.999682546 0.024913032 0.130204797 0.995793819 0.006011092 -0.091424912 4.391528606
-0.089547902 0.028052760 -0.995587349 -16.798473358 -0.004644439 0.999580622 0.028583020 0.141633660 0.995971739 0.007183495 -0.089380071 4.321128368
-0.087769113 0.029980946 -0.995689571 -17.523530960 -0.005227182 0.999519289 0.030557035 0.151572034 0.996127129 0.007886614 -0.087570205 4.253191471
-0.086023398 0.029298995 -0.995862186 -18.261634827 -0.006501425 0.999529600 0.029968495 0.166817978 0.996271968 0.009052514 -0.085792445 4.184281349
-0.084346361 0.026273577 -0.996090233 -19.011310577 -0.009538225 0.999585271 0.027173441 0.181339085 0.996390820 0.011792914 -0.084060788 4.114296913
-0.082724184 0.025659453 -0.996242166 -19.787425995 -0.010283995 0.999593377 0.026599711 0.197771579 0.996519387 0.012445790 -0.082426660 4.041278362
-0.081431389 0.027908500 -0.996288240 -20.567998886 -0.007942465 0.999558091 0.028649271 0.212867483 0.996647298 0.010245934 -0.081173725 3.979734182
-0.080279805 0.030044869 -0.996319592 -21.368824005 -0.005595054 0.999516308 0.030592103 0.225396916 0.996756673 0.008030390 -0.080072880 3.915485144
-0.078634530 0.031967517 -0.996390998 -22.161188126 -0.005127914 0.999459565 0.032470662 0.237584591 0.996890306 0.007662722 -0.078428112 3.841425657
-0.078265034 0.027413046 -0.996555686 -22.962757111 -0.004487456 0.999602139 0.027849264 0.246904865 0.996922433 0.006651626 -0.078110874 3.784314632
-0.077864952 0.020252932 -0.996758163 -23.752532959 -0.003482354 0.999782085 0.020586403 0.256175995 0.996957839 0.005074025 -0.077777460 3.723789215
-0.078019977 0.015403167 -0.996832788 -24.568485260 -0.000166949 0.999880493 0.015463321 0.270201296 0.996951818 0.001372868 -0.078008093 3.661366224
-0.078927182 0.016334837 -0.996746480 -25.405082703 0.001064611 0.999866486 0.016301665 0.280323237 0.996879816 0.000225497 -0.078934044 3.602482319
-0.078883104 0.023697438 -0.996602058 -26.233722687 0.000666130 0.999718487 0.023718808 0.283537835 0.996883690 0.001207148 -0.078876682 3.526561737
-0.078956135 0.030855313 -0.996400476 -27.071308136 -0.000684144 0.999518991 0.031006100 0.293209881 0.996877789 0.003129802 -0.078897037 3.450431347
-0.079657935 0.036325932 -0.996160150 -27.918226242 -0.002477024 0.999325454 0.036639433 0.304480165 0.996819198 0.005386134 -0.079514228 3.380884647
-0.079625122 0.036786571 -0.996145844 -28.759204865 -0.004477724 0.999295533 0.037260808 0.313816160 0.996814787 0.007427362 -0.079404309 3.299172878
-0.080214359 0.032901600 -0.996234477 -29.592597961 -0.004160201 0.999435365 0.033342287 0.332207471 0.996768892 0.006819065 -0.080032192 3.232602596
-0.080426045 0.030183444 -0.996303439 -30.436639786 -0.003779200 0.999525011 0.030586116 0.351422578 0.996753335 0.006225151 -0.080273770 3.154303551
-0.080308102 0.031722441 -0.996265233 -31.259635925 -0.005628539 0.999462962 0.032277975 0.360608846 0.996754169 0.008199698 -0.080086440 3.080020189
-0.080168031 0.033678882 -0.996212304 -32.103233337 -0.006707666 0.999388218 0.034326028 0.373104572 0.996758819 0.009434109 -0.079893090 3.008191109
-0.080126755 0.032563079 -0.996252716 -32.926651001 -0.007733413 0.999415874 0.033288460 0.378394485 0.996754706 0.010371730 -0.079828128 2.935909748
-0.080173917 0.027405813 -0.996404052 -33.752391815 -0.008153627 0.999570489 0.028148971 0.390053958 0.996747553 0.010381122 -0.079916015 2.871743202
-0.079518311 0.022936910 -0.996569514 -34.592082977 -0.009439181 0.999673128 0.023761516 0.406916857 0.996788800 0.011296275 -0.079275809 2.787078857
-0.078996271 0.023794236 -0.996590912 -35.404758453 -0.009555455 0.999651194 0.024624726 0.410239249 0.996829093 0.011468144 -0.078741319 2.723117590
-0.078614987 0.026372647 -0.996556163 -36.237670898 -0.008230407 0.999598801 0.027102435 0.416138381 0.996871054 0.010332721 -0.078366376 2.657615423
-0.077981800 0.031289395 -0.996463656 -37.084861755 -0.007556372 0.999460101 0.031974837 0.429476500 0.996926129 0.010023107 -0.077703260 2.578939199
-0.077523492 0.036980931 -0.996304452 -37.909286499 -0.007226013 0.999264836 0.037653070 0.443069100 0.996964335 0.010118308 -0.077199250 2.523424387
-0.077391684 0.039880943 -0.996202826 -38.753574371 -0.008005597 0.999142528 0.040620551 0.459267348 0.996968627 0.011118893 -0.077006049 2.445008755
-0.077286512 0.040278383 -0.996195018 -39.585826874 -0.007352157 0.999133408 0.040967572 0.473844558 0.996981800 0.010490422 -0.076923400 2.379827499
-0.077246994 0.035344571 -0.996385336 -40.405902863 -0.007348610 0.999324083 0.036018535 0.498709649 0.996984959 0.010104370 -0.076935038 2.315322638
-0.076622099 0.030987345 -0.996578634 -41.238121033 -0.008021837 0.999465466 0.031693865 0.515235960 0.997027934 0.010422843 -0.076332569 2.237164497
-0.076478571 0.028774958 -0.996656001 -42.053310394 -0.012811375 0.999472618 0.029839359 0.517049551 0.996988893 0.015050607 -0.076069593 2.161556005
-0.076299205 0.026670836 -0.996728241 -42.886878967 -0.016138902 0.999478221 0.027979845 0.532315850 0.996954322 0.018220937 -0.075828962 2.072995901
-0.077799894 0.024744002 -0.996661842 -43.689990997 -0.013561875 0.999573171 0.025874924 0.537694454 0.996876717 0.015529668 -0.077431113 2.030743837
-0.079269342 0.021113202 -0.996629596 -44.518413544 -0.010040207 0.999708116 0.021976985 0.544846058 0.996802688 0.011748469 -0.079034217 1.972326279
-0.079670027 0.019518627 -0.996630132 -45.344337463 -0.005811243 0.999782145 0.020044900 0.553352416 0.996804357 0.007388638 -0.079539247 1.897620320
-0.082194850 0.022779889 -0.996355832 -46.171325684 -0.005617608 0.999712229 0.023320053 0.558963835 0.996600449 0.007513923 -0.082043238 1.831801534
-0.084131487 0.029744906 -0.996010602 -46.982078552 -0.002744132 0.999543667 0.030082205 0.559140325 0.996450901 0.005264046 -0.084011473 1.766544342
-0.085648872 0.033413116 -0.995764911 -47.786479950 -0.001292512 0.999432921 0.033647366 0.566450357 0.996324539 0.004168895 -0.085557111 1.688094258
-0.086367734 0.032519024 -0.995732427 -48.589569092 -0.001554032 0.999461472 0.032775614 0.573705554 0.996262074 0.004378155 -0.086270690 1.608410239
-0.087353788 0.028704029 -0.995763659 -49.389575958 -0.004941316 0.999560058 0.029246949 0.581872284 0.996164978 0.007475214 -0.087173499 1.526595116
-0.088161461 0.024845501 -0.995796323 -50.178802490 -0.009665594 0.999620557 0.025796657 0.590731978 0.996059239 0.011899236 -0.087887853 1.439346790
-0.089800239 0.023820002 -0.995674908 -50.969402313 -0.013748700 0.999588966 0.025153646 0.595626593 0.995864868 0.015948039 -0.089435846 1.357959628
-0.090904385 0.024673507 -0.995553911 -51.764118195 -0.015522154 0.999536455 0.026189541 0.601688087 0.995738626 0.017833887 -0.090479270 1.279872537
-0.092027806 0.026422424 -0.995405853 -52.552021027 -0.015474028 0.999489188 0.027961425 0.607393503 0.995636225 0.017976169 -0.091571949 1.203514814
-0.092801824 0.025800074 -0.995350420 -53.335769653 -0.017150015 0.999474466 0.027505966 0.614125371 0.995536864 0.019622874 -0.092310607 1.122244358
-0.093647495 0.025732873 -0.995272815 -54.114555359 -0.018192865 0.999454796 0.027552802 0.620425642 0.995439172 0.020687116 -0.093128286 1.044453382
-0.093831211 0.027427377 -0.995210409 -54.895740509 -0.016275307 0.999444604 0.029078558 0.629444420 0.995455086 0.018925829 -0.093332693 0.964625120
-0.094173588 0.030197376 -0.995097756 -55.660312653 -0.015015164 0.999383092 0.031748421 0.640033722 0.995442510 0.017931418 -0.093662091 0.891877294
-0.094254047 0.034549896 -0.994948506 -56.446704865 -0.015511223 0.999225378 0.036167827 0.648585916 0.995427251 0.018841829 -0.093645118 0.808671892
-0.094829395 0.036817193 -0.994812608 -57.195404053 -0.015006443 0.999149442 0.038408175 0.660677314 0.995380461 0.018570814 -0.094196253 0.737907231
-0.095560178 0.036587134 -0.994751096 -57.962745667 -0.015306656 0.999152124 0.038219441 0.672319353 0.995305896 0.018878570 -0.094919138 0.659007490
-0.095555358 0.034580488 -0.994823337 -58.691455841 -0.015512330 0.999223351 0.036223438 0.678329945 0.995303214 0.018893372 -0.094944715 0.586883366
-0.095687889 0.030985979 -0.994929075 -59.437301636 -0.014217943 0.999370933 0.032491740 0.698084235 0.995309770 0.017254911 -0.095187135 0.506854653
-0.095465787 0.028119676 -0.995035470 -60.163200378 -0.014784692 0.999450564 0.029662920 0.704065263 0.995322824 0.017543087 -0.094997600 0.429627061
-0.094445802 0.025949102 -0.995191813 -60.867179871 -0.015359216 0.999503255 0.027519142 0.710440099 0.995411456 0.017884431 -0.094000332 0.362288326
-0.092147850 0.025155410 -0.995427489 -61.564025879 -0.018054375 0.999474227 0.026928987 0.714795649 0.995581627 0.020453271 -0.091645233 0.289530456
-0.087680630 0.025894044 -0.995812058 -62.265869141 -0.017993625 0.999457777 0.027573168 0.723081350 0.995986044 0.020335900 -0.087167151 0.216559097
-0.081876859 0.027717339 -0.996256948 -62.916976929 -0.017780993 0.999413431 0.029266475 0.723261654 0.996483803 0.020110687 -0.081335992 0.166912019
-0.074892297 0.029589102 -0.996752560 -63.560554504 -0.016672147 0.999382854 0.030919863 0.723973274 0.997052193 0.018933667 -0.074352756 0.127340540
-0.066002056 0.030359339 -0.997357547 -64.181388855 -0.017642306 0.999345303 0.031587359 0.732988775 0.997663438 0.019680519 -0.065423243 0.082352072
-0.053902894 0.031783473 -0.998040259 -64.808906555 -0.019400541 0.999271393 0.032870479 0.744075418 0.998357713 0.021134334 -0.053247005 0.042379569
-0.039113656 0.033289824 -0.998680115 -65.411651611 -0.022974625 0.999150693 0.034205317 0.751428843 0.998970568 0.024282195 -0.038315620 0.019214856
-0.020973707 0.035029203 -0.999166250 -66.000350952 -0.024598410 0.999065399 0.035542019 0.751045704 0.999477386 0.025323346 -0.020092459 0.015749957
0.001575797 0.035731342 -0.999360204 -66.572891235 -0.025060212 0.999049067 0.035680700 0.760622621 0.999684691 0.024987951 0.002469725 0.019441739
0.027017774 0.036302581 -0.998975635 -67.115226746 -0.024168404 0.999071956 0.035652440 0.762860417 0.999342620 0.023180395 0.027870065 0.049166761
0.056156538 0.035720743 -0.997782767 -67.620300293 -0.023076152 0.999139309 0.034470547 0.773133874 0.998155236 0.021089241 0.056932487 0.103309073
0.090127826 0.035881434 -0.995283604 -68.140403748 -0.021618191 0.999185920 0.034064479 0.776039660 0.995695531 0.018446073 0.090830125 0.173465788
0.128013447 0.035799380 -0.991126120 -68.530174255 -0.021956818 0.999205709 0.033255279 0.782902777 0.991529346 0.017504852 0.128697813 0.231812581
0.169647485 0.035746150 -0.984856367 -68.999488831 -0.021715719 0.999234855 0.032527369 0.785653889 0.985265493 0.015868677 0.170293957 0.328329802
0.214194268 0.036658894 -0.976102948 -69.441307068 -0.020559926 0.999243319 0.033016331 0.788508058 0.976574659 0.012996696 0.214785919 0.458778739
0.262793720 0.035644840 -0.964193404 -69.862663269 -0.017222935 0.999331474 0.032249682 0.784533978 0.964698315 0.008131226 0.263231933 0.601473093
0.311373651 0.030107979 -0.949810505 -70.253349304 -0.009650546 0.999546587 0.028520847 0.789788306 0.950238526 0.000285547 0.311523050 0.790668190
0.362102330 0.024527350 -0.931815624 -70.656044006 -0.004352197 0.999687314 0.024622621 0.795453012 0.932128131 -0.004860466 0.362095892 0.999939442
0.414960951 0.019990411 -0.909619570 -71.046501160 0.000815287 0.999750018 0.022343107 0.795340657 0.909838855 -0.010013118 0.414840937 1.208058238
0.465742201 0.019252397 -0.884710968 -71.412963867 0.000292632 0.999759912 0.021910051 0.806012928 0.884920418 -0.010463332 0.465624720 1.445529342
0.514500678 0.018154383 -0.857297838 -71.797515869 0.001531421 0.999754786 0.022090159 0.811108589 0.857488573 -0.012678287 0.514346659 1.700178027
0.559441209 0.013684661 -0.828757048 -72.160606384 0.009499833 0.999692261 0.022919921 0.819204748 0.828815579 -0.020695403 0.559139013 1.994395137
0.606189072 0.008250060 -0.795277715 -72.492004395 0.018473806 0.999530375 0.024450330 0.811115801 0.795105994 -0.029513331 0.605751991 2.252575159
0.648899972 0.002760025 -0.760868728 -72.806434631 0.020308737 0.999574304 0.020946044 0.817248285 0.760602653 -0.029044166 0.648567736 2.562460423
0.689483523 -0.001863750 -0.724299014 -73.095771790 0.017791284 0.999738574 0.014363590 0.816213965 0.724082887 -0.022789666 0.689336419 2.888753891
0.730275989 -0.008247107 -0.683102369 -73.381187439 0.014016961 0.999897540 0.002913155 0.818420768 0.683008432 -0.011702430 0.730316758 3.226337433
0.769258201 -0.010453168 -0.638852358 -73.651115417 0.009195601 0.999943793 -0.005288842 0.820243239 0.638871789 -0.001806146 0.769311190 3.592354298
0.806132853 -0.011856440 -0.591615736 -73.912170410 0.008297932 0.999927521 -0.008732603 0.819129765 0.591676474 0.002130451 0.806172729 3.987833023
0.839348972 -0.011909137 -0.543462396 -74.146858215 0.008051958 0.999922752 -0.009475941 0.804255664 0.543533266 0.003577685 0.839380085 4.424695492
0.869917452 -0.010091598 -0.493094116 -74.374938965 0.004527957 0.999911904 -0.012475836 0.802779138 0.493176579 0.008620241 0.869886518 4.857602596
0.895563364 -0.008807645 -0.444846958 -74.581878662 0.004244783 0.999927640 -0.011252267 0.791570246 0.444913894 0.008188840 0.895535886 5.336770535
0.916389704 -0.002792491 -0.400277674 -74.772865295 -0.001441864 0.999946117 -0.010276994 0.780238509 0.400284767 0.009994878 0.916336298 5.834650040
0.933439672 0.001242438 -0.358732194 -74.952781677 -0.006029646 0.999907017 -0.012226366 0.773764551 0.358683676 0.013575605 0.933360398 6.349365234
0.946737707 0.006942903 -0.321930975 -75.137405396 -0.010880527 0.999886334 -0.010433578 0.760362327 0.321821898 0.013380637 0.946705580 6.882071018
0.956340849 0.007757714 -0.292150736 -75.284553528 -0.010779473 0.999903738 -0.008734819 0.749229252 0.292054832 0.011502695 0.956332326 7.446228981
0.963547766 0.006967469 -0.267445654 -75.436058044 -0.009234193 0.999931276 -0.007218652 0.737613976 0.267376930 0.009425160 0.963545859 8.027135849
0.969072044 0.007323178 -0.246669397 -75.567405701 -0.008916010 0.999945939 -0.005341055 0.727185190 0.246616930 0.007375173 0.969084918 8.628238678
0.973450780 0.009473572 -0.228700340 -75.697898865 -0.010406708 0.999941647 -0.002874494 0.721246958 0.228659749 0.005178195 0.973492622 9.242417336
0.976937532 0.015284666 -0.212977916 -75.854522705 -0.015905986 0.999872744 -0.001204038 0.711306632 0.212932408 0.004563895 0.977056205 9.896557808
0.979882658 0.018804116 -0.198686361 -76.031654358 -0.019231658 0.999814987 -0.000222102 0.708599925 0.198645428 0.004038702 0.980063081 10.585943222
0.982460141 0.017196046 -0.185677558 -76.150665283 -0.017536957 0.999846160 -0.000193668 0.698530316 0.185645640 0.003446490 0.982610703 11.250109673
0.984951556 0.017513504 -0.171940356 -76.264389038 -0.017893901 0.999839664 -0.000662640 0.688472986 0.171901196 0.003729353 0.985107124 11.927709579
0.987363458 0.018125722 -0.157431528 -76.369064331 -0.018368931 0.999831140 -0.000089880 0.681495607 0.157403320 0.002980593 0.987529874 12.627608299
0.989430070 0.018942982 -0.143767536 -76.464820862 -0.019077059 0.999817789 0.000445984 0.675755799 0.143749788 0.002301392 0.989611387 13.341138840
0.991227031 0.019057820 -0.130788401 -76.559768677 -0.019504987 0.999807358 -0.002138718 0.659488857 0.130722448 0.004670981 0.991407990 14.056141853
0.992592275 0.020076832 -0.119822115 -76.643119812 -0.021126935 0.999748647 -0.007499888 0.644142449 0.119641416 0.009975808 0.992767036 14.778528214
0.993761182 0.018290771 -0.110018305 -76.725463867 -0.019905284 0.999709368 -0.013594517 0.633583069 0.109737679 0.015699651 0.993836582 15.518254280
0.994624138 0.018107582 -0.101955503 -76.802139282 -0.019612782 0.999712706 -0.013780171 0.621235013 0.101676702 0.015705721 0.994693458 16.273246765
0.995291889 0.019654730 -0.094909027 -76.881111145 -0.020445138 0.999763846 -0.007362752 0.602857053 0.094741896 0.009268517 0.995458722 17.044803619
0.995630682 0.023955047 -0.090252742 -76.957397461 -0.023994636 0.999711812 0.000646445 0.586140931 0.090242215 0.001521961 0.995918632 17.824434280
0.995940208 0.024565250 -0.086599506 -77.014274597 -0.024260931 0.999695122 0.004564991 0.569667220 0.086685255 -0.002445474 0.996232688 18.580814362
0.996320665 0.023457957 -0.082432352 -77.108322144 -0.023323881 0.999724567 0.002589284 0.565570593 0.082470402 -0.000657115 0.996593297 19.388097763
0.996597826 0.023143500 -0.079101823 -77.174346924 -0.023076177 0.999732077 0.001765257 0.554785728 0.079121508 0.000066116 0.996864974 20.153518677
0.996855140 0.022181803 -0.076077439 -77.235198975 -0.021923169 0.999750733 0.004233155 0.539892972 0.076152377 -0.002551984 0.997092962 20.923780441
0.997076869 0.019900933 -0.073767245 -77.297042847 -0.019472953 0.999789119 0.006516470 0.531037331 0.073881380 -0.005060955 0.997254252 21.704652786
0.997342825 0.017110391 -0.070813797 -77.353042603 -0.016612090 0.999832928 0.007619794 0.529710591 0.070932366 -0.006423182 0.997460425 22.470720291
0.997534573 0.015912827 -0.068348356 -77.401977539 -0.015651625 0.999867976 0.004355478 0.515658736 0.068408646 -0.003274977 0.997651994 23.233039856
0.997603297 0.018797623 -0.066589199 -77.460784912 -0.019044777 0.999813795 -0.003078745 0.505524397 0.066518933 0.004339543 0.997775733 23.985471725
0.997705221 0.019959643 -0.064698927 -77.514411926 -0.020681430 0.999730825 -0.010505538 0.486694098 0.064471833 0.011819497 0.997849524 24.733076096
0.997734308 0.020635404 -0.064034872 -77.559867859 -0.021627940 0.999655724 -0.014845540 0.472926617 0.063706487 0.016196849 0.997837245 25.487911224
0.997827888 0.022270460 -0.061995469 -77.608886719 -0.023105325 0.999651313 -0.012782309 0.448661625 0.061689183 0.014186970 0.997994483 26.248662949
0.997913957 0.025497528 -0.059310000 -77.665954590 -0.026061367 0.999622047 -0.008752543 0.426547080 0.059064418 0.010279984 0.998201191 27.009469986
0.997969925 0.028709194 -0.056848880 -77.721466064 -0.028968446 0.999573290 -0.003741432 0.408233523 0.056717224 0.005380661 0.998375714 27.770114899
0.998166919 0.026120786 -0.054594416 -77.760879517 -0.026269017 0.999652863 -0.001999229 0.395329028 0.054523237 0.003429706 0.998506606 28.521051407
0.998317778 0.023355385 -0.053066943 -77.802963257 -0.023485333 0.999722481 -0.001826426 0.377103597 0.053009558 0.003069649 0.998589337 29.274280548
0.998411953 0.021519683 -0.052061964 -77.840270996 -0.021646569 0.999763906 -0.001874510 0.360162199 0.052009325 0.002998496 0.998642087 30.021474838
0.998475075 0.021620972 -0.050793696 -77.885269165 -0.021830102 0.999755263 -0.003566088 0.342872113 0.050704166 0.004669482 0.998702824 30.785631180
0.998552203 0.019229744 -0.050235987 -77.926284790 -0.019528240 0.999794364 -0.005457919 0.335296243 0.050120708 0.006431038 0.998722494 31.531515121
0.998587608 0.017910637 -0.050020188 -77.961662292 -0.018204663 0.999819458 -0.005428750 0.320113689 0.049913935 0.006331683 0.998733521 32.291641235
0.998567998 0.021503331 -0.048984770 -78.012191772 -0.021741029 0.999754250 -0.004324885 0.305988818 0.048879735 0.005383671 0.998790205 33.064022064
0.998578668 0.021480227 -0.048777629 -78.059944153 -0.021770764 0.999748230 -0.005432953 0.293008119 0.048648648 0.006487157 0.998794973 33.837593079
0.998516500 0.020919846 -0.050270144 -78.097434998 -0.021214772 0.999760628 -0.005340419 0.276120454 0.050146390 0.006398966 0.998721361 34.598728180
0.998450160 0.018603195 -0.052452840 -78.137634277 -0.018883817 0.999809802 -0.004859500 0.262301445 0.052352466 0.005842478 0.998611629 35.379257202
0.998245239 0.020248216 -0.055646267 -78.189529419 -0.020555090 0.999776363 -0.004947912 0.247088119 0.055533636 0.006083043 0.998438358 36.171756744
0.998012602 0.024198828 -0.058182713 -78.246910095 -0.024537651 0.999685824 -0.005116030 0.228524923 0.058040623 0.006533531 0.998292863 36.957176208
0.997843564 0.024433725 -0.060918566 -78.303001404 -0.025093928 0.999634027 -0.010095913 0.213834137 0.060649596 0.011602830 0.998091698 37.765716553
0.997688055 0.025211882 -0.063109934 -78.366760254 -0.026126588 0.999564528 -0.013710686 0.200442314 0.062736787 0.015327836 0.997912407 38.572498322
0.997573912 0.024446160 -0.065180548 -78.420600891 -0.025511183 0.999553382 -0.015557537 0.184614897 0.064771131 0.017182628 0.997752190 39.379154205
0.997405946 0.024462115 -0.067696907 -78.479003906 -0.025454225 0.999580264 -0.013831459 0.158666328 0.067330152 0.015518754 0.997610033 40.214328766
0.997302532 0.022941241 -0.069722585 -78.545738220 -0.023909749 0.999628425 -0.013088096 0.138098523 0.069396421 0.014719844 0.997480571 41.034236908
0.997186065 0.022520211 -0.071503252 -78.608451843 -0.023371680 0.999665260 -0.011093812 0.117656752 0.071229473 0.012733746 0.997378647 41.858444214
0.997136831 0.021948749 -0.072361752 -78.676887512 -0.022562766 0.999715924 -0.007678871 0.101801269 0.072172657 0.009289567 0.997348845 42.696537018
0.997065485 0.021325000 -0.073522784 -78.739234924 -0.021606635 0.999761879 -0.003037304 0.089759715 0.073440507 0.004616971 0.997288942 43.538825989
0.997134447 0.021962402 -0.072390728 -78.812271118 -0.022076154 0.999755919 -0.000771550 0.070230074 0.072356120 0.002367447 0.997376025 44.377101898
0.997194886 0.024722954 -0.070648208 -78.880607605 -0.024819933 0.999691784 -0.000495083 0.056453846 0.070614196 0.002247178 0.997501194 45.269699097
0.997345269 0.024600944 -0.068536572 -78.944053650 -0.024817750 0.999689341 -0.002313635 0.049094878 0.068458363 0.004008416 0.997645915 46.128765106
0.997484386 0.022665169 -0.067166686 -79.005157471 -0.023006719 0.999725938 -0.004315828 0.032866687 0.067050450 0.005850256 0.997732401 46.995162964
0.997654021 0.019382650 -0.065656342 -79.057945251 -0.019824877 0.999784946 -0.006090647 0.016178677 0.065524146 0.007377987 0.997823656 47.874515533
0.997823119 0.017579995 -0.063561216 -79.116683960 -0.018006077 0.999818981 -0.006136848 -0.001158545 0.063441828 0.007267976 0.997959018 48.741939545
0.997901201 0.015569347 -0.062854744 -79.169448853 -0.015829634 0.999868035 -0.003645243 -0.017522188 0.062789686 0.004632559 0.998015940 49.624897003
0.998012781 0.012546881 -0.061749294 -79.228279114 -0.012633834 0.999919653 -0.001017923 -0.036619894 0.061731547 0.001796031 0.998091161 50.481365204
0.998067379 0.012104254 -0.060949501 -79.282173157 -0.012169062 0.999925673 -0.000692242 -0.054628491 0.060936593 0.001432603 0.998140574 51.352527618
0.998127103 0.013720415 -0.059614819 -79.343421936 -0.013984365 0.999894202 -0.004012656 -0.070855305 0.059553452 0.004838816 0.998213351 52.217834473
0.998104513 0.016041787 -0.059414677 -79.401397705 -0.016662663 0.999811471 -0.009969173 -0.087026834 0.059243549 0.010940284 0.998183608 53.090522766
0.998145878 0.018053880 -0.058127411 -79.462165833 -0.018993340 0.999697089 -0.015650308 -0.108046785 0.057827253 0.016725320 0.998186529 53.940639496
0.998106182 0.022746611 -0.057153884 -79.524650574 -0.023986463 0.999489546 -0.021101553 -0.138668358 0.056644715 0.022432510 0.998142421 54.792411804
0.998138964 0.022848677 -0.056538474 -79.570304871 -0.024130613 0.999464571 -0.022095758 -0.168113127 0.056003336 0.023418941 0.998155892 55.643180847
0.998203456 0.019617487 -0.056612425 -79.619644165 -0.020561730 0.999658167 -0.016144997 -0.190902129 0.056276347 0.017280040 0.998265743 56.495571136
0.998201668 0.019398376 -0.056717996 -79.679779053 -0.019847389 0.999775946 -0.007363978 -0.217029259 0.056562435 0.008476439 0.998363137 57.347370148
0.998129904 0.018775810 -0.058174025 -79.734718323 -0.018772423 0.999823570 0.000604732 -0.248181432 0.058175121 0.000488464 0.998306274 58.217132568
0.998064280 0.016137531 -0.060060643 -79.797279358 -0.016274448 0.999865890 -0.001791134 -0.262908548 0.060023695 0.002765121 0.998193145 59.091651917
0.998002827 0.010972613 -0.062210113 -79.840164185 -0.011323596 0.999921858 -0.005292064 -0.280320317 0.062147193 0.005985937 0.998049080 59.929325104
0.997886240 0.009828079 -0.064237669 -79.907135010 -0.010283788 0.999924183 -0.006767263 -0.300253510 0.064166293 0.007413565 0.997911751 60.769710541
0.997658193 0.011982333 -0.067339800 -79.965728760 -0.012602240 0.999881923 -0.008788375 -0.324543923 0.067226551 0.009616426 0.997691453 61.600509644
0.997407794 0.014012655 -0.070578679 -80.034561157 -0.014906687 0.999814928 -0.012156342 -0.351237983 0.070395276 0.013176926 0.997432172 62.422306061
0.997104049 0.014643829 -0.074626312 -80.102897644 -0.015857819 0.999750972 -0.015701074 -0.371316046 0.074377798 0.016839013 0.997087896 63.228637695
0.996845603 0.016635975 -0.077602021 -80.174827576 -0.018183179 0.999648929 -0.019273844 -0.401380956 0.077254124 0.020624101 0.996798038 64.036552429
0.996519685 0.021748722 -0.080470785 -80.257820129 -0.023367822 0.999541938 -0.019233519 -0.432053894 0.080015607 0.021047009 0.996571362 64.833435059
0.996188343 0.024882823 -0.083604693 -80.343574524 -0.026414556 0.999502063 -0.017265078 -0.457151830 0.083133452 0.019407650 0.996349454 65.642868042
0.995738924 0.028439898 -0.087723747 -80.420150757 -0.029571470 0.999495089 -0.011626475 -0.479629576 0.087348804 0.014171053 0.996077001 66.442672729
0.995327055 0.028592126 -0.092231594 -80.498832703 -0.029279588 0.999552608 -0.006108859 -0.502237320 0.092015669 0.008780816 0.995718896 67.245483398
0.994925916 0.028326688 -0.096540913 -80.587669373 -0.028697604 0.999585152 -0.002455449 -0.523046613 0.096431322 0.005213485 0.995326042 68.034896851
0.994283676 0.027634174 -0.103132173 -80.674125671 -0.027934467 0.999608696 -0.001468268 -0.536458731 0.103051223 0.004340817 0.994666576 68.829841614
0.993728638 0.025096301 -0.108965620 -80.764228821 -0.024981139 0.999685049 0.002422036 -0.550611138 0.108992070 0.000315239 0.994042635 69.616874695
0.993006468 0.026068715 -0.115146168 -80.865509033 -0.025985975 0.999659956 0.002219833 -0.568430126 0.115164861 0.000787877 0.993346035 70.398971558
0.992156446 0.031055525 -0.121083200 -80.977302551 -0.031100590 0.999515057 0.001518104 -0.583608747 0.121071614 0.002259562 0.992641211 71.175209045
0.991361380 0.032790165 -0.126994088 -81.088661194 -0.033294447 0.999443889 -0.001849627 -0.598133743 0.126862809 0.006061846 0.991901755 71.943603516
0.990598559 0.032058470 -0.132991150 -81.194778442 -0.033014622 0.999442458 -0.004990156 -0.609692752 0.132757023 0.009333895 0.991104662 72.704757690
0.989834905 0.033158362 -0.138301626 -81.309371948 -0.034319792 0.999392748 -0.006020947 -0.627961874 0.138017982 0.010706224 0.990371823 73.456993103
0.989129364 0.034976106 -0.142828017 -81.431800842 -0.035489373 0.999369562 -0.001046906 -0.639354408 0.142701343 0.006104403 0.989746988 74.226806641
0.988226473 0.036375407 -0.148611575 -81.553771973 -0.036246095 0.999336481 0.003579283 -0.657031894 0.148643166 0.001849447 0.988889098 74.979431152
0.987360120 0.035205990 -0.154533297 -81.687843323 -0.034726508 0.999380052 0.005801977 -0.675557733 0.154641777 -0.000362239 0.987970471 75.744125366
0.986264050 0.033160280 -0.161813915 -81.815803528 -0.033272129 0.999444366 0.002019255 -0.686135113 0.161790982 0.003392375 0.986819148 76.498962402
0.984847605 0.031337447 -0.170567378 -81.946662903 -0.032701630 0.999451756 -0.005193585 -0.697461963 0.170311108 0.010692719 0.985332251 77.242919922
0.983382106 0.028245643 -0.179337561 -82.090248108 -0.029908989 0.999531031 -0.006577366 -0.714268446 0.179067671 0.011831871 0.983765602 77.973220825
0.981463134 0.027540077 -0.189662352 -82.246353149 -0.028774656 0.999578953 -0.003758191 -0.728012621 0.189478964 0.009145997 0.981842220 78.715270996
0.979173541 0.027875621 -0.201102525 -82.402976990 -0.027908012 0.999606967 0.002674656 -0.739972711 0.201098040 0.002993421 0.979566574 79.453514099
0.976695180 0.029203238 -0.212635577 -82.579811096 -0.027646372 0.999564826 0.010292031 -0.747023702 0.212843597 -0.004173574 0.977077365 80.183799744
0.974206209 0.030537844 -0.223583788 -82.749870300 -0.028098937 0.999505997 0.014082398 -0.760599315 0.223903388 -0.007436695 0.974582911 80.899810791
0.971301615 0.033736072 -0.235446781 -82.937995911 -0.032379184 0.999429405 0.009627928 -0.769962728 0.235637218 -0.001728049 0.971839547 81.614303589
0.968357265 0.033990163 -0.247242853 -83.136680603 -0.034909144 0.999390304 0.000667032 -0.779526114 0.247114778 0.007985106 0.968953252 82.315086365
0.965119600 0.031432711 -0.259915680 -83.335868835 -0.033670470 0.999424458 -0.004160648 -0.782072127 0.259635270 0.012767003 0.965622365 83.025558472
0.961993635 0.029495655 -0.271474123 -83.542030334 -0.030358138 0.999538541 0.001022962 -0.798961699 0.271379054 0.007257368 0.962445199 83.742477417
0.958718121 0.030809585 -0.282683879 -83.766944885 -0.029618384 0.999525309 0.008487484 -0.808610678 0.282811195 0.000235536 0.959175587 84.468421936
0.955063581 0.030672971 -0.294809282 -83.995742798 -0.027875461 0.999517679 0.013687954 -0.813214839 0.295086950 -0.004854923 0.955458045 85.181381226
0.951161027 0.028200040 -0.307404518 -84.233879089 -0.025736600 0.999595940 0.012065518 -0.820115447 0.307620585 -0.003564702 0.951502442 85.889442444
0.947412670 0.026328756 -0.318929404 -84.482574463 -0.025129236 0.999653161 0.007875935 -0.826427817 0.319026172 0.000552692 0.947745800 86.594131470
0.944476962 0.022129843 -0.327831388 -84.731056213 -0.023014942 0.999734402 0.001180113 -0.838442981 0.327770352 0.006430430 0.944735527 87.300315857
0.941781521 0.018117437 -0.335737050 -84.987960815 -0.020877497 0.999771416 -0.004612979 -0.846791506 0.335576743 0.011353766 0.941944420 88.006889343
0.939202845 0.017697630 -0.342906386 -85.253135681 -0.021347590 0.999748468 -0.006872258 -0.855590045 0.342698485 0.013774669 0.939344466 88.710639954
0.936254919 0.023282174 -0.350549102 -85.538955688 -0.027352601 0.999603629 -0.006664012 -0.873469234 0.350254983 0.015827643 0.936520636 89.418312073
0.933216572 0.023811808 -0.358524412 -85.811065674 -0.027065367 0.999625385 -0.004058193 -0.893672407 0.358293474 0.013490769 0.933511436 90.115333557
0.930185795 0.024105696 -0.366296828 -86.094947815 -0.024886774 0.999686837 0.002590328 -0.899108112 0.366244555 0.006706459 0.930494368 90.823341370
0.927522480 0.026026985 -0.372859925 -86.381401062 -0.023567222 0.999660015 0.011154337 -0.910138547 0.373023480 -0.001558625 0.927820563 91.533172607
0.924934685 0.036936875 -0.378327459 -86.697380066 -0.032619987 0.999309003 0.017815255 -0.921279132 0.378724128 -0.004136911 0.925500333 92.235908508
0.922312856 0.043165788 -0.384025455 -87.007995605 -0.040600184 0.999065995 0.014789118 -0.921951234 0.384305090 0.001951310 0.923204064 92.925849915
0.919962108 0.039747000 -0.389986932 -87.306694031 -0.040049884 0.999170542 0.007358328 -0.924231827 0.389955938 0.008849549 0.920791030 93.616065979
0.917933702 0.032044385 -0.395437509 -87.599700928 -0.034861766 0.999392211 0.000060990 -0.930922329 0.395199031 0.013729663 0.918492913 94.309860229
0.916097522 0.032341767 -0.399649143 -87.904891968 -0.035686992 0.999362648 -0.000929836 -0.932642341 0.399364322 0.015114095 0.916667700 95.009239197
0.914298832 0.039247636 -0.403134257 -88.252586365 -0.040866606 0.999154091 0.004589404 -0.946738660 0.402973384 0.012278642 0.915129304 95.705520630
0.911739230 0.041271046 -0.408690959 -88.569366455 -0.041385755 0.999106526 0.008566759 -0.949944258 0.408679366 0.009103335 0.912632644 96.423698425
0.909618795 0.037629571 -0.413736254 -88.891014099 -0.038262378 0.999244869 0.006760282 -0.962804735 0.413678199 0.009681256 0.910371721 97.123184204
0.907463193 0.036145367 -0.418573946 -89.224632263 -0.039508492 0.999219060 0.000632249 -0.975581884 0.418269873 0.015963480 0.908182502 97.810806274
0.905325294 0.033868048 -0.423366368 -89.563102722 -0.040042169 0.999181747 -0.005694470 -0.985399663 0.422827065 0.022107856 0.905940711 98.511299133
