1.000000000 0.000000000 0.000000000 0.000000000 0.000000000 1.000000000 0.000000000 0.000000000 0.000000000 0.000000000 1.000000000 0.000000000
0.999991596 -0.002390540 -0.003335926 -0.003847300 0.002383197 0.999994755 -0.002203397 -0.005236576 0.003341176 0.002195429 0.999992013 0.665192664
0.999971271 -0.001103619 -0.007498914 -0.012770478 0.001076702 0.999992967 -0.003592562 -0.010575965 0.007502826 0.003584385 0.999965429 1.358967662
0.999939680 -0.001314916 -0.010898486 -0.032240331 0.001260290 0.999986589 -0.005017546 -0.012378622 0.010904936 0.005003509 0.999927998 2.062121391
0.999875069 0.000231953 -0.015801635 -0.049194526 -0.000325394 0.999982476 -0.005911050 -0.013471202 0.015799982 0.005915454 0.999857605 2.784868956
0.999798179 -0.000392617 -0.020081239 -0.066251725 0.000270832 0.999981523 -0.006066955 -0.023559021 0.020083250 0.006060292 0.999779880 3.522238255
0.999691010 0.001288219 -0.024824509 -0.090894490 -0.001470151 0.999972224 -0.007311851 -0.030837188 0.024814397 0.007346087 0.999665082 4.293408394
0.999562800 0.003695635 -0.029334985 -0.126129553 -0.003927269 0.999961436 -0.007842450 -0.038208909 0.029304869 0.007954228 0.999538779 5.061747074
0.999431431 0.004068209 -0.033469673 -0.162936464 -0.004283153 0.999970615 -0.006352862 -0.044258595 0.033442847 0.006492605 0.999419451 5.842593670
0.999270141 0.003393166 -0.038047999 -0.197047114 -0.003541494 0.999986351 -0.003831720 -0.050639894 0.038034476 0.003963670 0.999268472 6.644296646
0.999137998 0.003119302 -0.041394468 -0.229258507 -0.003158317 0.999994755 -0.000877183 -0.064267389 0.041391507 0.001007164 0.999142408 7.440909386
0.999019086 0.004196521 -0.044081051 -0.269897461 -0.004265262 0.999989867 -0.001465485 -0.071367301 0.044074446 0.001652065 0.999026835 8.258166313
0.998927414 0.003449919 -0.046175342 -0.316833079 -0.003535729 0.999992192 -0.001776804 -0.077308796 0.046168845 0.001938162 0.998931706 9.080627441
0.998843789 0.000942531 -0.048063591 -0.357481778 -0.001066796 0.999996185 -0.002559844 -0.080400549 0.048060987 0.002608159 0.998840928 9.921342850
0.998716474 0.001178814 -0.050636552 -0.394125342 -0.001272259 0.999997556 -0.001813218 -0.089816436 0.050634295 0.001875315 0.998715460 10.763687134
0.998631716 -0.000582867 -0.052292839 -0.439300507 0.000466377 0.999997377 -0.002239816 -0.095391780 0.052294012 0.002212363 0.998629332 11.615044594
0.998543084 0.001661785 -0.053935457 -0.492734224 -0.001884787 0.999989867 -0.004084005 -0.110747561 0.053928129 0.004179711 0.998536110 12.467526436
0.998443842 0.002290525 -0.055719730 -0.541074991 -0.002687589 0.999971509 -0.007052213 -0.115487568 0.055701993 0.007190991 0.998421550 13.340832710
0.998356402 0.006463064 -0.056943435 -0.604027987 -0.006964525 0.999938667 -0.008612243 -0.131540984 0.056884285 0.008994672 0.998340249 14.210920334
0.998302817 0.007477544 -0.057752687 -0.661885738 -0.007993097 0.999930263 -0.008701086 -0.140401825 0.057683595 0.009147944 0.998292983 15.094136238
0.998221934 0.006553436 -0.059244521 -0.717847824 -0.006943073 0.999955535 -0.006373291 -0.163508520 0.059200119 0.006773299 0.998223126 15.997916222
0.998129129 0.007520339 -0.060677186 -0.779983222 -0.007884056 0.999952316 -0.005757099 -0.165478200 0.060631000 0.006224710 0.998140812 16.904239655
0.998060524 0.007440640 -0.061806411 -0.828767180 -0.007794592 0.999954522 -0.005487645 -0.183070511 0.061762776 0.005958756 0.998073041 17.798797607
0.997963548 0.007311709 -0.063365765 -0.890330493 -0.007727494 0.999950111 -0.006319064 -0.194849893 0.063316405 0.006795853 0.997970283 18.706602097
0.997903705 0.005771211 -0.064458355 -0.951132536 -0.006249333 0.999954402 -0.007218359 -0.206244960 0.064413756 0.007606049 0.997894228 19.626668930
0.997855723 0.006125477 -0.065164790 -1.010791659 -0.006498508 0.999963641 -0.005513993 -0.221092239 0.065128647 0.005925643 0.997859299 20.533697128
0.997841358 0.007317089 -0.065261595 -1.077625990 -0.007464298 0.999970138 -0.002012123 -0.232214823 0.065244928 0.002494912 0.997866154 21.458240509
0.997891307 0.007951475 -0.064419493 -1.138314247 -0.007834584 0.999967098 0.002066952 -0.248428881 0.064433813 -0.001557894 0.997920752 22.378278732
0.997999787 0.006367864 -0.062895007 -1.190772057 -0.006091849 0.999970913 0.004579287 -0.252868444 0.062922336 -0.004186981 0.998009562 23.314023972
0.998104751 0.006741020 -0.061166540 -1.254183054 -0.006423645 0.999964774 0.005383867 -0.258760691 0.061200678 -0.004980752 0.998113036 24.252586365
0.998178840 0.007181284 -0.059894163 -1.313554764 -0.007051860 0.999972343 0.002371979 -0.264165282 0.059909530 -0.001945294 0.998201907 25.187963486
0.998218358 0.007834994 -0.059150696 -1.367496371 -0.007980739 0.999965668 -0.002228115 -0.276574850 0.059131213 0.002696211 0.998246551 26.127386093
0.998317063 0.006707773 -0.057602845 -1.431425691 -0.007010374 0.999962687 -0.005052767 -0.285318077 0.057566803 0.005448081 0.998326778 27.073148727
0.998383582 0.004650484 -0.056644849 -1.490743399 -0.004870084 0.999981165 -0.003739355 -0.299628198 0.056626398 0.004009177 0.998387337 28.040021896
0.998339593 0.003092372 -0.057519991 -1.536120772 -0.003052899 0.999995053 0.000774111 -0.308007896 0.057522092 -0.000597223 0.998344064 29.009065628
0.998301089 -0.000718933 -0.058262065 -1.594109058 0.000960185 0.999991059 0.004112925 -0.317686081 0.058258589 -0.004161880 0.998292804 29.981615067
0.998193800 -0.007777799 -0.059569173 -1.638302207 0.007988365 0.999962628 0.003297494 -0.322802752 0.059541300 -0.003767399 0.998218715 30.946437836
0.998106241 -0.010156867 -0.060671169 -1.708438993 0.010153762 0.999948382 -0.000359483 -0.330108225 0.060671687 -0.000257238 0.998157799 31.939279556
0.998002410 -0.010040679 -0.062372338 -1.757284999 0.009783049 0.999942422 -0.004434531 -0.341267914 0.062413264 0.003815482 0.998043060 32.885406494
0.997884393 -0.008659099 -0.064433806 -1.825985789 0.008342854 0.999951839 -0.005175500 -0.352063894 0.064475507 0.004626988 0.997908533 33.866012573
0.997835815 -0.008844763 -0.065156519 -1.890559435 0.008613639 0.999955535 -0.003827269 -0.363434732 0.065187469 0.003257752 0.997867763 34.854953766
0.997762203 -0.005702180 -0.066618055 -1.959701657 0.005642920 0.999983430 -0.001077668 -0.377954870 0.066623099 0.000699336 0.997777998 35.852050781
0.997681856 -0.005933936 -0.067792043 -2.026052475 0.005979469 0.999981999 0.000468745 -0.392247170 0.067788050 -0.000873019 0.997699380 36.836513519
0.997621596 -0.004718000 -0.068766281 -2.088617802 0.004937371 0.999983251 0.003020502 -0.405580014 0.068750888 -0.003352842 0.997628272 37.800941467
0.997633100 -0.004767340 -0.068596616 -2.164878130 0.005199109 0.999967813 0.006117166 -0.411804408 0.068565257 -0.006459328 0.997625649 38.804805756
0.997593760 0.000969603 -0.069324069 -2.242835760 -0.000409264 0.999967158 0.008096654 -0.410703540 0.069329649 -0.008048799 0.997561276 39.790298462
0.997607887 0.001360439 -0.069113314 -2.325275421 -0.000849748 0.999972165 0.007418067 -0.417812377 0.069121480 -0.007341593 0.997581184 40.786125183
0.997570574 0.001164961 -0.069653004 -2.376482487 -0.000765076 0.999983072 0.005767503 -0.421061426 0.069658533 -0.005700202 0.997554541 41.769001007
0.997581482 0.003554549 -0.069414519 -2.460972309 -0.003309686 0.999987900 0.003642230 -0.429131746 0.069426611 -0.003403681 0.997581184 42.764087677
0.997510254 0.003371996 -0.070441440 -2.530060291 -0.003129363 0.999988735 0.003554529 -0.438115329 0.070452631 -0.003325241 0.997509599 43.735889435
0.997410178 0.001759048 -0.071902998 -2.602028608 -0.001434637 0.999988556 0.004563184 -0.445728093 0.071910217 -0.004448211 0.997401237 44.725273132
0.997371197 0.002421078 -0.072421558 -2.674427509 -0.002001690 0.999980867 0.005862936 -0.460348487 0.072434366 -0.005702558 0.997356892 45.693336487
0.997341037 0.004192162 -0.072754942 -2.746026754 -0.004031741 0.999989092 0.002351681 -0.470160693 0.072763987 -0.002052099 0.997347057 46.666950226
0.997299731 0.004843819 -0.073279761 -2.830179930 -0.004974746 0.999986291 -0.001604235 -0.481267869 0.073270984 0.001964452 0.997310162 47.632057190
0.997216105 0.006054318 -0.074319899 -2.901920319 -0.006304219 0.999975264 -0.003128380 -0.485561103 0.074299105 0.003588199 0.997229576 48.592948914
0.997210205 0.003760106 -0.074549608 -2.971168995 -0.003715841 0.999992907 0.000732442 -0.507353187 0.074551821 -0.000453384 0.997217000 49.577594757
0.997214198 0.001964824 -0.074565835 -3.045289755 -0.001686541 0.999991357 0.003794822 -0.518247545 0.074572638 -0.003658491 0.997208893 50.546173096
0.997192085 0.000350101 -0.074884690 -3.120041609 0.000011458 0.999988317 0.004827710 -0.536288083 0.074885502 -0.004815013 0.997180521 51.505977631
0.997174680 -0.002722068 -0.075068437 -3.187628508 0.002979331 0.999990046 0.003315270 -0.540974736 0.075058661 -0.003529557 0.997172892 52.458358765
0.997168243 -0.005410316 -0.075007342 -3.264855385 0.005589803 0.999981999 0.002183207 -0.553189993 0.074994169 -0.002596302 0.997180581 53.411933899
0.997081161 -0.006944014 -0.076032713 -3.340152979 0.007202774 0.999969184 0.003129586 -0.560400248 0.076008625 -0.003668098 0.997100413 54.351825714
0.996930301 -0.010502266 -0.077586100 -3.399001598 0.011115255 0.999910235 0.007473148 -0.573604941 0.077500649 -0.008312598 0.996957600 55.304592133
0.996899605 -0.011099155 -0.077897593 -3.478582621 0.012073850 0.999854386 0.012052713 -0.574615777 0.077752486 -0.012955870 0.996888518 56.247539520
0.996900499 -0.008973133 -0.078159049 -3.565227747 0.010125194 0.999845684 0.014356182 -0.577661455 0.078018166 -0.015103062 0.996837556 57.182621002
0.996767938 -0.009034367 -0.079825848 -3.638245821 0.009902718 0.999895871 0.010488880 -0.582634151 0.079722777 -0.011245473 0.996753633 58.132408142
0.996646821 -0.006585242 -0.081558451 -3.708162308 0.006844125 0.999972403 0.002895050 -0.590001523 0.081537135 -0.003443539 0.996664405 59.057044983
0.996608913 -0.004560567 -0.082158260 -3.793451548 0.004414771 0.999988317 -0.001956172 -0.598993897 0.082166232 0.001586828 0.996617436 59.966911316
0.996551216 0.000202485 -0.082979634 -3.879375219 -0.000282476 0.999999464 -0.000952248 -0.612107635 0.082979403 0.000972404 0.996550858 60.868179321
0.996428013 0.002735107 -0.084402099 -3.963686943 -0.002636838 0.999995649 0.001275760 -0.626258373 0.084405243 -0.001048649 0.996430874 61.763534546
0.996330738 0.005295123 -0.085422479 -4.043486118 -0.005097617 0.999983728 0.002530057 -0.637427628 0.085434496 -0.002085322 0.996341586 62.648490906
0.996231735 0.005923328 -0.086528488 -4.122671127 -0.005711568 0.999980032 0.002694648 -0.653762579 0.086542740 -0.002190281 0.996245742 63.516948700
0.996090949 0.007417910 -0.088021107 -4.205812931 -0.007136349 0.999968290 0.003513037 -0.663811564 0.088044383 -0.002871156 0.996112466 64.368949890
0.995956779 0.008811503 -0.089400046 -4.283362389 -0.008470356 0.999955356 0.004194640 -0.677504539 0.089433007 -0.003420430 0.995986998 65.215446472
0.995827138 0.008732869 -0.090840511 -4.364763737 -0.008387385 0.999956012 0.004184247 -0.683351636 0.090873070 -0.003404872 0.995856583 66.048477173
0.995724857 0.008445702 -0.091981374 -4.441814423 -0.007964746 0.999952674 0.005594681 -0.695062637 0.092024259 -0.004838155 0.995745003 66.851737976
0.995569587 0.011143663 -0.093365550 -4.525371552 -0.010433718 0.999912798 0.008088657 -0.699572325 0.093447559 -0.007078670 0.995599091 67.650512695
0.995428026 0.012859484 -0.094644763 -4.601913452 -0.011719635 0.999852061 0.012589492 -0.711178780 0.094792634 -0.011422733 0.995431483 68.435821533
0.995222867 0.016108716 -0.096291594 -4.683950424 -0.014807541 0.999789357 0.014212254 -0.713957608 0.096500240 -0.012718516 0.995251656 69.210609436
0.995062888 0.018788828 -0.097451970 -4.766044140 -0.017887669 0.999788821 0.010112799 -0.722899556 0.097621396 -0.008319682 0.995188832 69.952613831
0.994947851 0.018702632 -0.098635577 -4.845961571 -0.018510219 0.999824524 0.002865606 -0.730679512 0.098671861 -0.001025365 0.995119452 70.673706055
0.994772375 0.017814169 -0.100551844 -4.909616947 -0.018186063 0.999830782 -0.002782977 -0.743274093 0.100485265 0.004597071 0.994927883 71.379272461
0.994746506 0.018561482 -0.100672625 -4.985727787 -0.019080848 0.999809086 -0.004198377 -0.748011947 0.100575484 0.006097241 0.994910717 72.073402405
0.994603276 0.021025496 -0.101598315 -5.065203667 -0.021185238 0.999775410 -0.000493463 -0.759745598 0.101565130 0.002643185 0.994825363 72.746780396
0.994430482 0.021480341 -0.103182405 -5.135629177 -0.021383343 0.999769211 0.002046258 -0.779895008 0.103202559 0.000171523 0.994660378 73.404846191
0.994425774 0.018208750 -0.103855044 -5.203618526 -0.018442551 0.999829113 -0.001291314 -0.791736841 0.103813767 0.003199468 0.994591594 74.031448364
0.994545341 0.010300883 -0.103795558 -5.255023003 -0.010994305 0.999920785 -0.006110708 -0.810108006 0.103724413 0.007218536 0.994579911 74.641487122
0.994688332 0.006263741 -0.102741525 -5.315347195 -0.007457881 0.999908984 -0.011242745 -0.817884147 0.102661759 0.011949264 0.994644582 75.238967896
0.994971693 0.008777180 -0.099770226 -5.373649120 -0.010009646 0.999879479 -0.011859179 -0.823784590 0.099654131 0.012798213 0.994939864 75.821472168
0.995348454 0.013452873 -0.095395721 -5.441205025 -0.014294148 0.999864697 -0.008140895 -0.846749246 0.095273308 0.009466629 0.995406210 76.388534546
0.995804369 0.011991907 -0.090718515 -5.495222092 -0.012508371 0.999908566 -0.005126628 -0.857643247 0.090648763 0.006239861 0.995863378 76.954261780
0.996335506 0.008602620 -0.085096978 -5.526879787 -0.008744764 0.999960899 -0.001297758 -0.864410460 0.085082501 0.002037156 0.996371865 77.492118835
0.997028708 0.003960743 -0.076928735 -5.551845074 -0.003799768 0.999990225 0.002238780 -0.880612373 0.076936871 -0.001939817 0.997034132 78.006317139
0.997751355 0.007702332 -0.066580169 -5.589743614 -0.007569533 0.999968827 0.002246603 -0.894782424 0.066595398 -0.001737571 0.997778594 78.559005737
0.998574555 0.012841885 -0.051806897 -5.611690044 -0.012772269 0.999917030 0.001674636 -0.901352346 0.051824108 -0.001010557 0.998655736 79.066879272
0.999276102 0.018091027 -0.033465758 -5.633624077 -0.018022509 0.999834836 0.002347865 -0.909245789 0.033502702 -0.001743029 0.999437153 79.562576294
0.999795258 0.016743096 -0.011364779 -5.622814655 -0.016716687 0.999857366 0.002414882 -0.909782648 0.011403589 -0.002224407 0.999932528 80.049690247
0.999807239 0.013013753 0.014700268 -5.593744278 -0.013065924 0.999908686 0.003458572 -0.919811487 -0.014653918 -0.003649977 0.999885976 80.515068054
0.998980224 0.012064373 0.043507591 -5.547664642 -0.012296022 0.999911547 0.005060653 -0.929874301 -0.043442696 -0.005590463 0.999040306 80.966583252
0.996953309 0.011033208 0.077216312 -5.497409344 -0.011586693 0.999910295 0.006723642 -0.941985071 -0.077135205 -0.007597839 0.996991754 81.410224915
0.993342340 0.011084232 0.114665039 -5.419371128 -0.011996529 0.999901712 0.007269175 -0.947695732 -0.114573196 -0.008596362 0.993377686 81.853149414
0.987616062 0.010852104 0.156514257 -5.330027580 -0.012095306 0.999902487 0.006992811 -0.951691628 -0.156423092 -0.008799301 0.987650990 82.276176453
0.979488730 0.010171092 0.201242357 -5.206887245 -0.011778213 0.999907613 0.006790190 -0.959729671 -0.201154679 -0.009021190 0.979517996 82.693367004
0.968163788 0.012758264 0.249991968 -5.088217258 -0.014332620 0.999887347 0.004478149 -0.960568011 -0.249906659 -0.007918622 0.968237519 83.041236877
0.952692747 0.013872533 0.303618401 -4.938373566 -0.014939914 0.999887645 0.001192850 -0.965794265 -0.303567767 -0.005672451 0.952792883 83.428337097
0.933276296 0.014020944 0.358885378 -4.750942707 -0.014617222 0.999892652 -0.001051954 -0.971153259 -0.358861595 -0.004264143 0.933381021 83.795448303
0.909070551 0.014385503 0.416393936 -4.555806637 -0.014306807 0.999892175 -0.003309503 -0.974807382 -0.416396648 -0.002948695 0.909178257 84.144111633
0.880505979 0.013550637 0.473841220 -4.344425678 -0.012751975 0.999906659 -0.004898652 -0.988079727 -0.473863363 -0.001729117 0.880596578 84.452583313
0.847043991 0.013389338 0.531354129 -4.096458912 -0.011092810 0.999910235 -0.007512957 -0.989298105 -0.531406939 0.000469596 0.847116470 84.771751404
0.809706867 0.013408645 0.586681306 -3.839445829 -0.009813561 0.999908507 -0.009308822 -0.995377123 -0.586752415 0.001779984 0.809764385 85.079589844
0.769622564 0.011669443 0.638392389 -3.559872866 -0.008377509 0.999931395 -0.008178549 -1.009218693 -0.638444126 0.000946258 0.769667566 85.362892151
0.727579296 0.011148472 0.685932875 -3.262540340 -0.010452230 0.999932051 -0.005165063 -1.028257370 -0.685943961 -0.003411536 0.727646351 85.598777771
0.681416154 0.011237724 0.731809914 -2.953557253 -0.007445014 0.999936879 -0.008422761 -0.993257761 -0.731858313 0.000291072 0.681456745 85.866409302
0.636479020 0.008763283 0.771244228 -2.632740498 -0.002727985 0.999954700 -0.009110712 -1.007169008 -0.771289170 0.003694833 0.636474133 86.033981323
0.589498580 0.006055261 0.807746708 -2.301142454 0.003404502 0.999944389 -0.009980695 -1.014804721 -0.807762206 0.008633580 0.589445174 86.217117310
0.542314708 0.007620231 0.840140820 -1.970063448 0.001472548 0.999948621 -0.010020254 -1.032078147 -0.840174139 0.006671279 0.542275667 86.392005920
0.495891124 0.011019386 0.868314803 -1.630883932 -0.001419575 0.999928355 -0.011878923 -1.034020901 -0.868383527 0.004658014 0.495871276 86.538330078
0.449847251 0.013181824 0.893008292 -1.294435024 -0.002394815 0.999905229 -0.013553376 -1.045481801 -0.893102288 0.003958359 0.449836165 86.678710938
0.406264693 0.011342304 0.913685083 -0.930569053 0.004839547 0.999882162 -0.014564217 -1.046175599 -0.913742542 0.010338749 0.406161934 86.814620972
0.367669553 0.003445453 0.929950178 -0.557251990 0.019641792 0.999741256 -0.011469703 -1.056792974 -0.929749072 0.022482947 0.367506713 86.895011902
0.331280708 0.000441326 0.943532109 -0.179295927 0.023989331 0.999672651 -0.008890406 -1.054945827 -0.943227112 0.025579924 0.331161708 87.004798889
0.298088372 0.004304244 0.954528570 0.186707243 0.020034621 0.999741316 -0.010764705 -1.077376008 -0.954327941 0.022332449 0.297925055 87.105003357
0.267055959 0.011866522 0.963607967 0.541843891 0.013259330 0.999784231 -0.015986735 -1.071158767 -0.963589728 0.017046150 0.266841024 87.203414917
0.238842458 0.016706932 0.970914602 0.921837389 0.008381962 0.999779224 -0.019265559 -1.086360455 -0.971022129 0.012739603 0.238649696 87.283821106
0.213036105 0.018277660 0.976873398 1.310391784 0.009764120 0.999735236 -0.020834770 -1.102606058 -0.976995468 0.013976867 0.212801263 87.348037720
0.189520508 0.019712191 0.981678903 1.718807220 0.017468598 0.999572456 -0.023443941 -1.113774538 -0.981721342 0.021591661 0.189095140 87.403182983
0.169548184 0.025736893 0.985185742 2.132117510 0.024734842 0.999232829 -0.030360663 -1.115341663 -0.985211372 0.029516010 0.168781489 87.445503235
0.149705082 0.032431331 0.988198578 2.556389093 0.026460527 0.998972654 -0.036793496 -1.115093827 -0.988376558 0.031656437 0.148693115 87.505538940
0.132136390 0.033232834 0.990674257 2.992463112 0.023973547 0.999038398 -0.036711007 -1.129845738 -0.990941644 0.028600840 0.131212577 87.556877136
0.116714463 0.029036883 0.992740929 3.458147764 0.021943564 0.999253094 -0.031807218 -1.153463960 -0.992923081 0.025496637 0.115990110 87.608276367
0.102524556 0.026001120 0.994390607 3.918619156 0.021789473 0.999359846 -0.028377615 -1.173932195 -0.994491816 0.024576651 0.101892352 87.642127991
0.085301429 0.023228914 0.996084332 4.552398682 0.019870374 0.999489665 -0.025009964 -1.196844101 -0.996156991 0.021925956 0.084796332 87.788825989
0.073526293 0.022516550 0.997039080 5.045573235 0.023701768 0.999423325 -0.024318274 -1.211323500 -0.997011662 0.025419623 0.072950199 87.811943054
0.063207425 0.023081210 0.997733474 5.561454296 0.027309360 0.999318182 -0.024847945 -1.226662755 -0.997626722 0.028818035 0.062533990 87.839393616
0.055380013 0.023967944 0.998177588 6.094573498 0.029271703 0.999243200 -0.025617557 -1.236451507 -0.998036146 0.030637061 0.054636512 87.860694885
0.052154835 0.023767915 0.998356104 6.510061264 0.032887220 0.999133646 -0.025504475 -1.257501960 -0.998097360 0.034163341 0.051327989 87.829742432
0.046642974 0.024936801 0.998600304 7.070037842 0.034311693 0.999058485 -0.026550883 -1.272126675 -0.998322189 0.035502084 0.045743424 87.848655701
0.040729955 0.025652315 0.998840809 7.654283524 0.034534145 0.999036968 -0.027065558 -1.291741133 -0.998573244 0.035596501 0.039804853 87.869476318
0.037378743 0.025366580 0.998979151 8.195843697 0.039233588 0.998869777 -0.026831808 -1.309413552 -0.998530686 0.040196478 0.036341272 87.857498169
0.034745529 0.025546776 0.999069631 8.821055412 0.040459190 0.998817742 -0.026947422 -1.324728012 -0.998576939 0.041357849 0.033670846 87.870605469
0.031739712 0.024837667 0.999187589 9.452228546 0.041839331 0.998781919 -0.026156636 -1.348711729 -0.998620093 0.042635538 0.030661864 87.885131836
0.029362859 0.024350502 0.999272168 10.108592033 0.043803118 0.998711586 -0.025623964 -1.368246078 -0.998608589 0.044523634 0.028258404 87.900032043
0.028916303 0.023910569 0.999295890 10.782005310 0.048291069 0.998513103 -0.025289224 -1.389047384 -0.998414636 0.048988335 0.027718635 87.909095764
0.030120960 0.023557326 0.999268770 11.472256660 0.051752880 0.998344541 -0.025095530 -1.407654285 -0.998205602 0.052470922 0.028851934 87.923019409
0.032430235 0.023302514 0.999202371 12.179711342 0.053669456 0.998245180 -0.025022097 -1.432224989 -0.998031974 0.054438114 0.031122688 87.948379517
0.036276486 0.023223992 0.999071956 12.910239220 0.056112316 0.998105407 -0.025238972 -1.452740073 -0.997765124 0.056975823 0.034904603 87.969329834
0.040872842 0.022636784 0.998907924 13.653967857 0.056694083 0.998080075 -0.024937807 -1.474311948 -0.997554600 0.057651449 0.039510999 87.997352600
0.044905413 0.021087948 0.998768806 14.411408424 0.058218587 0.998022735 -0.023689752 -1.495224237 -0.997293293 0.059210695 0.043588914 88.032562256
0.048075847 0.019550992 0.998652399 15.170268059 0.057418521 0.998101056 -0.022304369 -1.519103050 -0.997191846 0.058413438 0.046861965 88.083969116
0.052904181 0.017384591 0.998448193 15.950217247 0.054469947 0.998309672 -0.020268343 -1.542302966 -0.997112811 0.055457700 0.051867820 88.115203857
0.056744058 0.016449282 0.998253167 16.745618820 0.053611971 0.998371482 -0.019498713 -1.562399387 -0.996948183 0.054624759 0.055769760 88.172889709
0.060680922 0.017087340 0.998010874 17.547758102 0.051027019 0.998493016 -0.020198135 -1.589396238 -0.996851981 0.052151166 0.059717555 88.230232239
0.063853644 0.021257441 0.997732878 18.353925705 0.048596356 0.998520792 -0.024384331 -1.616021514 -0.996775389 0.050043207 0.062726162 88.279991150
0.065095916 0.026686596 0.997522175 19.156158447 0.042765047 0.998649299 -0.029507495 -1.639997005 -0.996962249 0.044579893 0.063866735 88.342979431
0.065013669 0.029676599 0.997443020 19.963012695 0.039786212 0.998685777 -0.032306854 -1.670483828 -0.997090936 0.041784868 0.063747518 88.400703430
0.065267220 0.029421343 0.997434020 20.781316757 0.037663199 0.998780310 -0.031925559 -1.700307012 -0.997156799 0.039650250 0.064079531 88.460250854
0.064679138 0.027674714 0.997522295 21.595478058 0.034762483 0.998946130 -0.029968217 -1.735026240 -0.997300446 0.036614671 0.063648939 88.529899597
0.065264560 0.026543533 0.997514844 22.410900116 0.035870634 0.998937607 -0.028928310 -1.767872334 -0.997223139 0.037669487 0.064243101 88.572601318
0.065417282 0.025502196 0.997532129 23.236873627 0.033556402 0.999051630 -0.027741654 -1.806704283 -0.997293711 0.035288367 0.064499497 88.639854431
0.065415308 0.025744461 0.997525990 24.035825729 0.031564899 0.999113500 -0.027855389 -1.844148517 -0.997358799 0.033308972 0.064544693 88.692504883
0.065107897 0.026642185 0.997522473 24.876226425 0.028361976 0.999190390 -0.028537901 -1.873319149 -0.997475088 0.030149763 0.064299569 88.765373230
0.064255282 0.027744383 0.997547686 25.688837051 0.025655285 0.999237120 -0.029443910 -1.908401489 -0.997603655 0.027484298 0.063494466 88.818519592
0.060800780 0.027636297 0.997767150 26.502704620 0.022337280 0.999328613 -0.029040705 -1.941758275 -0.997900009 0.024053104 0.060142636 88.883819580
0.056985687 0.026472032 0.998023927 27.311941147 0.019769868 0.999422610 -0.027637955 -1.974043012 -0.998179257 0.021305773 0.056429435 88.939292908
0.052297000 0.023978664 0.998343706 28.123388290 0.018084837 0.999525011 -0.024954386 -2.004900217 -0.998467803 0.019359924 0.051838506 88.976753235
0.046669845 0.021480707 0.998679399 28.939634323 0.016144784 0.999622047 -0.022255447 -2.039178371 -0.998779893 0.017162120 0.046305392 89.013641357
0.039071456 0.022440365 0.998984456 29.745100021 0.016121691 0.999603629 -0.023084806 -2.062625408 -0.999106348 0.017007278 0.038694188 89.045425415
0.030065585 0.023239626 0.999277771 30.558191299 0.015638784 0.999596298 -0.023717565 -2.093353987 -0.999425530 0.016340571 0.029690009 89.073806763
0.019898159 0.023939513 0.999515355 31.360996246 0.016145045 0.999575198 -0.024262356 -2.117079496 -0.999671698 0.016619997 0.019503202 89.091773987
0.009515895 0.023108374 0.999687731 32.160697937 0.017656414 0.999573231 -0.023273794 -2.147675276 -0.999798834 0.017872373 0.009103823 89.100593567
-0.001329865 0.022247907 0.999751687 32.953430176 0.016482580 0.999617100 -0.022222986 -2.176485777 -0.999863267 0.016448934 -0.001696057 89.099090576
-0.012479484 0.021192547 0.999697506 33.739788055 0.018623693 0.999606848 -0.020958140 -2.201740265 -0.999748707 0.018356513 -0.012869261 89.089363098
-0.023417290 0.021633422 0.999491751 34.520366669 0.018621810 0.999601781 -0.021199511 -2.228019238 -0.999552369 0.018115910 -0.023810823 89.067092896
-0.034401998 0.022375131 0.999157548 35.298934937 0.019171415 0.999580145 -0.021724502 -2.256684542 -0.999224126 0.018407896 -0.034816518 89.037872314
-0.045279995 0.023579499 0.998696029 36.063888550 0.018232748 0.999574363 -0.022773581 -2.284192085 -0.998807907 0.017177785 -0.045690637 89.003211975
-0.055333544 0.024352275 0.998170853 36.842895508 0.019135019 0.999544799 -0.023325047 -2.313016653 -0.998284519 0.017809363 -0.055774339 88.959579468
-0.064947300 0.025219303 0.997569919 37.603450775 0.020021835 0.999512255 -0.023964873 -2.338692427 -0.997687757 0.018416729 -0.065420561 88.907920837
-0.074372053 0.025381748 0.996907473 38.359352112 0.019999482 0.999512911 -0.023956066 -2.370159388 -0.997030020 0.018155973 -0.074843451 88.843269348
-0.083560377 0.026126489 0.996160209 39.116310120 0.021633193 0.999468207 -0.024398604 -2.394243002 -0.996267855 0.019511368 -0.084081136 88.781059265
-0.092012636 0.025540585 0.995430291 39.848499298 0.022860663 0.999461651 -0.023530897 -2.421726465 -0.995495439 0.020591054 -0.092546985 88.707298279
-0.099307336 0.024619455 0.994752228 40.572731018 0.024787612 0.999444783 -0.022261018 -2.447723150 -0.994748056 0.022446847 -0.099862471 88.627342224
-0.104569487 0.022824319 0.994255722 41.297080994 0.027860744 0.999411523 -0.020012461 -2.478254557 -0.994127274 0.025608007 -0.105143853 88.547653198
-0.108067103 0.021518581 0.993910670 42.005435944 0.030997876 0.999352455 -0.018266026 -2.497006416 -0.993660212 0.028835164 -0.108664155 88.461326599
-0.110887140 0.020311683 0.993625402 42.703517914 0.032626264 0.999326646 -0.016787183 -2.519862175 -0.993297338 0.030556805 -0.111475162 88.383499146
-0.112743989 0.019360522 0.993435442 43.391372681 0.032485224 0.999347448 -0.015789023 -2.546071291 -0.993092895 0.030491857 -0.113299370 88.305000305
-0.113551863 0.019999523 0.993330777 44.048622131 0.033738714 0.999298334 -0.016262857 -2.563652992 -0.992959082 0.031667020 -0.114146940 88.234718323
-0.112374790 0.020821843 0.993447840 44.705318451 0.034126136 0.999271512 -0.017083693 -2.590106010 -0.993079662 0.031982761 -0.113003515 88.152450562
-0.109281108 0.022818243 0.993748963 45.336112976 0.035141010 0.999200225 -0.019079009 -2.608494520 -0.993389547 0.032836366 -0.109995574 88.087524414
-0.104210831 0.022991417 0.994289517 45.951477051 0.035273667 0.999189198 -0.019407706 -2.636914968 -0.993929505 0.033049751 -0.104937345 88.025833130
-0.096322380 0.023732265 0.995067239 46.536304474 0.035058834 0.999176264 -0.020436572 -2.658877611 -0.994732559 0.032917399 -0.097075067 87.976043701
-0.084957547 0.023735315 0.996101856 47.126029968 0.034109563 0.999199510 -0.020899924 -2.679086924 -0.995800555 0.032200988 -0.085699156 87.933448792
-0.071529150 0.023816895 0.997154117 47.683879852 0.032885179 0.999227703 -0.021507459 -2.706994295 -0.996896267 0.031253181 -0.072257146 87.896171570
-0.054535884 0.025245273 0.998192668 48.218521118 0.031680610 0.999220729 -0.023540422 -2.728670597 -0.998009205 0.030339550 -0.055293184 87.881675720
-0.033014603 0.027540773 0.999075353 48.750717163 0.029740376 0.999204755 -0.026561562 -2.757825375 -0.999012291 0.028835962 -0.033807423 87.877258301
-0.008532397 0.030768976 0.999490023 49.271446228 0.028471535 0.999128699 -0.030514797 -2.776947021 -0.999558151 0.028196651 -0.009401010 87.896614075
0.020923313 0.032991752 0.999236584 49.763072968 0.027653888 0.999053895 -0.033564772 -2.789443493 -0.999398589 0.028335065 0.019991165 87.901412964
0.052969564 0.032208093 0.998076558 50.289321899 0.024205787 0.999144673 -0.033527207 -2.818773270 -0.998302698 0.025935153 0.052144639 87.964439392
0.091993660 0.029728934 0.995315671 50.788593292 0.023396488 0.999213696 -0.032007825 -2.841995955 -0.995484710 0.026231406 0.091225781 88.020431519
0.133512631 0.026110455 0.990703046 51.285495758 0.021027226 0.999353230 -0.029172178 -2.862289667 -0.990824044 0.024726590 0.132877246 88.120681763
0.178587615 0.021663593 0.983685374 51.765747070 0.017622450 0.999526799 -0.025211811 -2.892134190 -0.983766198 0.021837467 0.178121343 88.236526489
0.227420017 0.018417852 0.973622501 52.252746582 0.013657447 0.999662578 -0.022100568 -2.909525633 -0.973700941 0.018323313 0.227091715 88.377601624
0.279716223 0.016400833 0.959942639 52.705345154 0.009068089 0.999764442 -0.019723529 -2.935653210 -0.960039914 0.014221838 0.279501587 88.532005310
0.334585220 0.016697526 0.942217588 53.179199219 0.009000770 0.999740779 -0.020913133 -2.944867373 -0.942322493 0.015477910 0.334348202 88.717483521
0.393267363 0.017112928 0.919264972 53.622852325 0.010693428 0.999673963 -0.023184529 -2.962918758 -0.919361949 0.018947810 0.392956197 88.928657532
0.453414530 0.020999003 0.891052425 54.037513733 0.010978137 0.999514997 -0.029141348 -2.975134611 -0.891232073 0.022995207 0.452964127 89.173156738
0.513846517 0.022964820 0.857574821 54.425422668 0.012459832 0.999336421 -0.034226779 -3.008457661 -0.857791662 0.028272547 0.513219416 89.425270081
0.569360316 0.030980486 0.821504056 54.756027222 0.007087229 0.999067605 -0.042588688 -2.980942011 -0.822057545 0.030070499 0.568609893 89.738601685
0.625823557 0.034124102 0.779217720 55.103122711 0.002294713 0.998957634 -0.045590095 -2.997100592 -0.779961288 0.030319445 0.625092924 90.058242798
0.679264188 0.035368651 0.733041048 55.426158905 -0.000367515 0.998854399 -0.047853369 -3.015697002 -0.733893752 0.032235686 0.678499043 90.391761780
0.726139963 0.033303015 0.686739862 55.677127838 -0.001074275 0.998880029 -0.047304139 -3.038421631 -0.687546134 0.033611685 0.725362480 90.748863220
0.771200538 0.029208111 0.635921896 55.948829651 -0.003181148 0.999111235 -0.042031646 -3.059704304 -0.636584401 0.030391866 0.770607889 91.140701294
0.812990665 0.024285255 0.581770182 56.200214386 -0.004630995 0.999367893 -0.035245795 -3.079035997 -0.582258403 0.025960324 0.812589169 91.542861938
0.849389136 0.022676127 0.527279854 56.413742065 -0.008781570 0.999545455 -0.028840195 -3.095034361 -0.527694225 0.019866198 0.849202037 91.963768005
0.881105959 0.019797457 0.472504497 56.629467010 -0.010656152 0.999700904 -0.022015322 -3.105427742 -0.472799033 0.014362749 0.881053209 92.411643982
0.905338049 0.018339589 0.424295336 56.749446869 -0.012741360 0.999790311 -0.016027765 -3.134144783 -0.424500316 0.009104448 0.905381978 92.831192017
0.925597012 0.020326627 0.377964139 56.892650604 -0.016887970 0.999780297 -0.012410456 -3.150129557 -0.378133357 0.005104037 0.925737083 93.274787903
0.940666854 0.025932185 0.338339090 57.006793976 -0.024117328 0.999663293 -0.009567574 -3.163583517 -0.338473260 0.000840068 0.940975606 93.726287842
0.952338099 0.030703770 0.303495198 57.112922668 -0.028940493 0.999527991 -0.010307061 -3.176308870 -0.303668350 0.001032509 0.952777267 94.170600891
0.961561322 0.032647368 0.272642553 57.222091675 -0.031154724 0.999466479 -0.009803207 -3.183186054 -0.272817165 0.000932284 0.962065458 94.639572144
0.967752457 0.026519423 0.250503004 57.334892273 -0.024796063 0.999642193 -0.010033739 -3.187118769 -0.250679433 0.003498690 0.968063831 95.104019165
0.971720934 0.023486409 0.234961003 57.446010590 -0.021962894 0.999717414 -0.009099238 -3.202821970 -0.235108241 0.003681499 0.971962214 95.595558167
0.974409282 0.027894031 0.223043799 57.529014587 -0.026484469 0.999605775 -0.009309045 -3.215479374 -0.223215520 0.003163625 0.974764049 96.072715759
0.976527035 0.032529201 0.212924421 57.630455017 -0.031244459 0.999467611 -0.009396864 -3.212161541 -0.213116735 0.002523582 0.977023482 96.588806152
0.977546930 0.040379092 0.206812859 57.720413208 -0.039018679 0.999181628 -0.010654365 -3.219575167 -0.207073838 0.002345576 0.978322506 97.100341797
0.977979720 0.046127010 0.203538537 57.820228577 -0.044094108 0.998921990 -0.014513898 -3.227079868 -0.203988612 0.005219446 0.978959441 97.619338989
0.978045821 0.047316842 0.202947095 57.919406891 -0.044824019 0.998852491 -0.016864492 -3.242448330 -0.203512192 0.007397340 0.979044497 98.150062561
0.977524698 0.046480831 0.205633149 58.037258148 -0.043266460 0.998861313 -0.020103088 -3.264674902 -0.206333399 0.010754244 0.978422642 98.684867859
0.976733088 0.045915522 0.209485725 58.155498505 -0.041198976 0.998790801 -0.026825681 -3.281470299 -0.210464150 0.017570930 0.977443695 99.238258362
0.975976408 0.044439089 0.213296294 58.283523560 -0.038527064 0.998751581 -0.031796623 -3.283942699 -0.214443043 0.022815077 0.976469934 99.796333313
0.974781454 0.048836075 0.217753306 58.404888153 -0.042946484 0.998574257 -0.031701121 -3.297823906 -0.218991026 0.021549923 0.975488842 100.375823975
0.973220468 0.052541431 0.223788619 58.526779175 -0.047593415 0.998489499 -0.027450819 -3.321019411 -0.224892870 0.016064836 0.974251032 100.975387573
0.972313225 0.049271710 0.228428379 58.675243378 -0.045191813 0.998712122 -0.023060456 -3.339392900 -0.229270428 0.012098891 0.973287582 101.584060669
0.971577704 0.045182832 0.232369050 58.819541931 -0.042336863 0.998954952 -0.017222857 -3.362622499 -0.232904404 0.006895567 0.972475111 102.201606750
0.970823586 0.042985979 0.235910311 58.978141785 -0.041198663 0.999072731 -0.012502560 -3.379855156 -0.236229002 0.002418591 0.971694350 102.814132690
0.970256209 0.038135741 0.239057481 59.134803772 -0.036367595 0.999268711 -0.011804547 -3.396833181 -0.239332855 0.002759490 0.970933616 103.454231262
0.970303476 0.034593817 0.239404008 59.293743134 -0.031885870 0.999376297 -0.015176287 -3.409485340 -0.239779681 0.007091998 0.970801353 104.095794678
0.970447183 0.034065139 0.238897175 59.457111359 -0.029681925 0.999318957 -0.021922396 -3.428204775 -0.239481300 0.014183599 0.970797300 104.740890503
0.970626116 0.036493089 0.237809196 59.616859436 -0.030571608 0.999125004 -0.028542021 -3.447082758 -0.238642707 0.020433422 0.970892489 105.386466980
0.971241832 0.039212771 0.234843835 59.776847839 -0.032451052 0.998941898 -0.032589544 -3.462091684 -0.235873267 0.024031399 0.971486747 106.063629150
0.971850932 0.037794434 0.232545540 59.938076019 -0.032075699 0.999084055 -0.028325696 -3.479035854 -0.233403072 0.020069290 0.972173035 106.762306213
0.972280443 0.033798207 0.231361896 60.103240967 -0.029873557 0.999344468 -0.020446662 -3.507884741 -0.231901303 0.012968287 0.972652972 107.471130371
0.972804010 0.034161236 0.229096875 60.268886566 -0.031654030 0.999392033 -0.014610826 -3.531542301 -0.229456723 0.006961631 0.973293960 108.198013306
0.973060489 0.037749138 0.227438733 60.426528931 -0.035183817 0.999263406 -0.015324287 -3.551572800 -0.227849677 0.006909295 0.973671794 108.925796509
0.973369420 0.043196574 0.225135744 60.584449768 -0.039760787 0.999013484 -0.019774830 -3.571427584 -0.225767866 0.010296641 0.974126697 109.656433105
0.974189639 0.044407010 0.221320152 60.747825623 -0.039812986 0.998889804 -0.025177635 -3.589782715 -0.222192541 0.015716372 0.974876165 110.394493103
0.975156605 0.042574633 0.217386857 60.908756256 -0.037278201 0.998901010 -0.028409062 -3.609949112 -0.218357474 0.019599492 0.975672007 111.146461487
0.976075768 0.041044120 0.213521600 61.082347870 -0.036186647 0.998990655 -0.026609892 -3.634531260 -0.214398280 0.018246640 0.976575971 111.930534363
0.976975083 0.036883943 0.210141078 61.251338959 -0.032492131 0.999176145 -0.024314862 -3.664149523 -0.210864782 0.016927082 0.977368653 112.705238342
0.977423310 0.035504039 0.208286405 61.419158936 -0.031712260 0.999265373 -0.021516806 -3.688364029 -0.208897322 0.014425794 0.977831185 113.498168945
0.977794111 0.032623086 0.207013085 61.586914062 -0.029294791 0.999387860 -0.019123627 -3.711728334 -0.207510233 0.012634566 0.978151202 114.302253723
0.977920115 0.027922355 0.207105234 61.749820709 -0.024694569 0.999530137 -0.018154660 -3.728728056 -0.207514837 0.012639433 0.978150189 115.091514587
0.978044212 0.028909825 0.206382543 61.921951294 -0.026066322 0.999524236 -0.016484246 -3.756181240 -0.206760898 0.010742689 0.978332460 115.911003113
0.977819622 0.033882413 0.206690148 62.084056854 -0.030721810 0.999357045 -0.018482942 -3.777244091 -0.207183495 0.011723087 0.978231847 116.724639893
0.977451861 0.039615486 0.207409039 62.241836548 -0.035815839 0.999115288 -0.022044249 -3.795777559 -0.208098814 0.014118664 0.978005826 117.547805786
0.976867080 0.048552159 0.208263114 62.400764465 -0.044671193 0.998730004 -0.023300730 -3.824402809 -0.209129915 0.013458353 0.977795243 118.361022949
0.975934029 0.054436933 0.211161926 62.565067291 -0.050787203 0.998452067 -0.022673169 -3.853244305 -0.212069318 0.011403195 0.977188051 119.202804565
0.975216091 0.056395594 0.213947162 62.745239258 -0.053219475 0.998370707 -0.020580953 -3.886857986 -0.214759290 0.008684722 0.976628423 120.046623230
0.974711716 0.056705672 0.216151819 62.930805206 -0.053337339 0.998347461 -0.021389773 -3.913121223 -0.217007548 0.009319901 0.976125479 120.875991821
0.974300265 0.055459317 0.218319237 63.110939026 -0.051426064 0.998385608 -0.024117678 -3.938858747 -0.219304338 0.012270565 0.975579321 121.709411621
0.974338353 0.049297847 0.219623879 63.302574158 -0.045389384 0.998708844 -0.022809858 -3.969148874 -0.220464811 0.012255928 0.975317895 122.558509827
0.974516153 0.043526195 0.220054179 63.495574951 -0.039184712 0.998942375 -0.024057774 -4.004161358 -0.220868587 0.014821931 0.975190997 123.410636902
0.974336445 0.041863948 0.221169263 63.688335419 -0.037421312 0.999005497 -0.024241026 -4.036151409 -0.221964121 0.015342468 0.974934161 124.228752136
0.973792255 0.044318520 0.223079696 63.875953674 -0.040623549 0.998951077 -0.021127619 -4.066331863 -0.223782048 0.011511620 0.974571288 125.078117371
0.973334610 0.046227042 0.224683717 64.056335449 -0.043874752 0.998917460 -0.015453680 -4.090706348 -0.225154847 0.005183658 0.974309206 125.913795471
0.972873211 0.050657839 0.225724339 64.237487793 -0.049312487 0.998716056 -0.011598236 -4.120603085 -0.226022035 0.000152584 0.974122167 126.758789062
0.972623289 0.050232105 0.226893395 64.422653198 -0.047441751 0.998716414 -0.017738190 -4.151766300 -0.227493182 0.006488355 0.973758042 127.594573975
0.972967684 0.045799423 0.226354435 64.616462708 -0.039519820 0.998699844 -0.032198917 -4.177649021 -0.227534831 0.022383017 0.973512650 128.393997192
