1.000000000 0.000000000 0.000000000 0.000000000 0.000000000 1.000000000 0.000000000 0.000000000 0.000000000 0.000000000 1.000000000 0.000000000
0.999874055 0.001469392 0.015802642 0.011093647 -0.001454396 0.999998510 -0.000960419 -0.002695563 -0.015804028 0.000937315 0.999874651 0.128621668
0.999292970 0.004325754 0.037347179 0.027185325 -0.004312745 0.999990582 -0.000428872 -0.003918622 -0.037348680 0.000267500 0.999302268 0.274330735
0.997895539 0.005953067 0.064568020 0.056156918 -0.006027662 0.999981344 0.000960547 -0.004031484 -0.064561099 -0.001347720 0.997912824 0.436519712
0.995115876 0.005782487 0.098544084 0.102894992 -0.006130818 0.999975979 0.003232320 -0.003545124 -0.098523006 -0.003820689 0.995127439 0.611019015
0.990613222 0.002514083 0.136671558 0.163618609 -0.003269709 0.999980569 0.005304554 -0.004512962 -0.136655569 -0.005701637 0.990602195 0.798535049
0.984352231 -0.000397965 0.176211476 0.239239335 -0.000550720 0.999985635 0.005334848 -0.001643679 -0.176211074 -0.005348412 0.984337866 0.996093214
0.975512207 -0.000258563 0.219944865 0.319171906 -0.001196525 0.999978244 0.006482452 0.004245394 -0.219941780 -0.006586881 0.975490749 1.205197692
0.963460207 -0.000312871 0.267851204 0.415744871 -0.002313941 0.999952257 0.009491263 0.002435019 -0.267841369 -0.009764247 0.963413537 1.407788038
0.948988855 -0.004113670 0.315283000 0.534817040 -0.001147499 0.999863207 0.016499689 0.000698781 -0.315307736 -0.016019808 0.948854268 1.623096943
0.932008147 -0.013602691 0.362181932 0.674181521 0.005014462 0.999683738 0.024641942 -0.006641057 -0.362402678 -0.021150347 0.931781650 1.837663770
0.910543799 -0.018404722 0.413002759 0.826731145 0.007121294 0.999558508 0.028843261 -0.004504669 -0.413351357 -0.023321943 0.910272956 2.056692123
0.885081530 -0.019880438 0.465011209 0.988998234 0.005119813 0.999442756 0.032983955 -0.001748242 -0.465407819 -0.026812717 0.884690106 2.281966925
0.856880426 -0.022282343 0.515033424 1.178796053 0.003455910 0.999291301 0.037483491 0.000229162 -0.515503526 -0.030338963 0.856350124 2.494526148
0.824165642 -0.026534749 0.565726936 1.374732375 0.003724054 0.999134064 0.041437909 0.012255921 -0.566336632 -0.032044899 0.823550820 2.713523149
0.788230896 -0.031792648 0.614557922 1.598476291 0.005343386 0.998980463 0.044826403 0.011033158 -0.615356445 -0.032049730 0.787597179 2.915174961
0.749658406 -0.035967372 0.660846889 1.847819805 0.005984150 0.998849750 0.047575224 0.019025380 -0.661797881 -0.031710554 0.749011338 3.137301922
0.709432721 -0.038510341 0.703720212 2.125220299 0.006707084 0.998829663 0.047898367 0.041257892 -0.704741180 -0.029260755 0.708860755 3.352398396
0.667143404 -0.040810298 0.743810594 2.418543100 0.006148793 0.998765945 0.049283788 0.049481489 -0.744903922 -0.028305819 0.666570961 3.564816952
0.623912454 -0.040680755 0.780434728 2.737393379 0.000730138 0.998674154 0.051472951 0.064202063 -0.781493902 -0.031544790 0.623114884 3.785652399
0.582374215 -0.041008100 0.811885774 3.101712227 -0.002278152 0.998640597 0.052075163 0.087668575 -0.812917650 -0.032176834 0.581489086 4.004355907
0.541449606 -0.042314354 0.839667618 3.475308180 -0.004114241 0.998587370 0.052975990 0.104649507 -0.840723097 -0.032138430 0.540510595 4.215730190
0.502592146 -0.044037834 0.863401294 3.889935970 -0.005840870 0.998506069 0.054328866 0.128525779 -0.864503980 -0.032348275 0.501584113 4.424895287
0.465566546 -0.043605000 0.883937955 4.316002369 -0.008907277 0.998504043 0.053948015 0.147485867 -0.884968102 -0.032989871 0.464481771 4.615276337
0.429540932 -0.043364618 0.902005613 4.763650894 -0.009902552 0.998560190 0.052722212 0.154609248 -0.902993083 -0.031578507 0.428493053 4.789563179
0.395652592 -0.042151283 0.917432427 5.253149033 -0.008386431 0.998738647 0.049503639 0.183127284 -0.918361902 -0.027280226 0.394800097 4.991426468
0.365751117 -0.039983377 0.929853439 5.770219803 -0.006317419 0.998947144 0.045439292 0.209315628 -0.930691302 -0.022493742 0.365113437 5.170753956
0.340685666 -0.038425408 0.939391673 6.322309971 -0.005231966 0.999071419 0.042764053 0.233340368 -0.940162659 -0.019483963 0.340168297 5.345799923
0.319742560 -0.038113452 0.946737647 6.893597126 -0.004335318 0.999121249 0.041686472 0.248622149 -0.947494566 -0.017433349 0.319296360 5.537071228
0.305452615 -0.039019477 0.951407433 7.496352196 -0.002262726 0.999127507 0.041703045 0.269526631 -0.952204585 -0.014891080 0.305097818 5.714278221
0.294750899 -0.039735511 0.954747558 8.159368515 -0.001922121 0.999108374 0.042175159 0.301784635 -0.955572188 -0.014266307 0.294411719 5.904726028
0.283836216 -0.041281015 0.957983732 8.810548782 -0.003221981 0.999026120 0.044004221 0.331413925 -0.958867371 -0.015576597 0.283426791 6.095755577
0.272941232 -0.042917259 0.961072922 9.491897583 -0.004505453 0.998936415 0.045887608 0.361340344 -0.962020159 -0.016854692 0.272457629 6.293735981
0.263032287 -0.044859834 0.963743567 10.177941322 -0.005770948 0.998827398 0.048067950 0.384628087 -0.964769840 -0.018205136 0.262465000 6.475857735
0.252649337 -0.047146343 0.966408551 10.889673233 -0.006393045 0.998708963 0.050393466 0.410490304 -0.967536807 -0.018910168 0.252021730 6.664376259
0.243205354 -0.048162267 0.968778372 11.663576126 -0.006366963 0.998665690 0.051246490 0.451779038 -0.969953954 -0.018631598 0.242574200 6.837575912
0.233019531 -0.048983149 0.971237600 12.421011925 -0.006406058 0.998631656 0.051901672 0.490647018 -0.972450912 -0.018315913 0.232386902 7.013655186
0.222514942 -0.052157711 0.973533034 13.201080322 -0.007737678 0.998441935 0.055260785 0.520762026 -0.974898577 -0.019829236 0.221764669 7.194086552
0.211302876 -0.055064235 0.975868285 13.995451927 -0.009644889 0.998245716 0.058415294 0.562226593 -0.977373004 -0.021755461 0.210401073 7.369663715
0.199585915 -0.059265707 0.978086472 14.796150208 -0.010394756 0.997985065 0.062592566 0.593353748 -0.979825258 -0.022659564 0.198567703 7.524130344
0.186065570 -0.061276499 0.980624735 15.584369659 -0.011235115 0.997855484 0.064484976 0.636655867 -0.982473135 -0.023015866 0.184978083 7.675148964
0.172773704 -0.062419210 0.982981741 16.384576797 -0.010666245 0.997812986 0.065235734 0.666626453 -0.984903753 -0.021755744 0.171730056 7.804264545
0.158375517 -0.061310012 0.985473633 17.196029663 -0.012172453 0.997873306 0.064037673 0.706073463 -0.987303913 -0.022137633 0.157292381 7.933886051
0.142643422 -0.060071185 0.987949550 18.017517090 -0.012556085 0.997966349 0.062493149 0.744608402 -0.989694476 -0.021319013 0.141599074 8.038109779
0.121972628 -0.059071157 0.990774155 18.844264984 -0.015653275 0.997988701 0.061428357 0.773909152 -0.992410004 -0.023001438 0.120802656 8.142294884
0.097082920 -0.057582892 0.993609130 19.662069321 -0.019004144 0.998035669 0.059696272 0.812580884 -0.995094836 -0.024678182 0.095797919 8.207518578
0.066219784 -0.056780938 0.996188164 20.500013351 -0.023000428 0.998027384 0.058414686 0.852194309 -0.997539937 -0.026780959 0.064783186 8.264104843
0.033628564 -0.056842677 0.997816563 21.344367981 -0.025820963 0.997998655 0.057723273 0.882722735 -0.999100745 -0.027705736 0.032093536 8.280400276
-0.001304921 -0.056004431 0.998429596 22.178718567 -0.027110763 0.998065472 0.055948570 0.913411856 -0.999631584 -0.026995180 -0.002820725 8.276187897
-0.035798766 -0.054993022 0.997844756 23.012662888 -0.028917603 0.998123646 0.053970944 0.943285525 -0.998940527 -0.026923185 -0.037321862 8.247826576
-0.067834482 -0.053532723 0.996259391 23.850023270 -0.030194713 0.998212218 0.051581722 0.963000476 -0.997239530 -0.026582744 -0.069329619 8.175580025
-0.100912616 -0.050628081 0.993606329 24.700386047 -0.032600608 0.998336315 0.047558118 0.990490377 -0.994361043 -0.027592957 -0.102395236 8.090719223
-0.133517444 -0.046070021 0.989975095 25.537389755 -0.029549446 0.998659849 0.042488866 1.010987639 -0.990605891 -0.023580207 -0.134699851 7.967790604
-0.164602622 -0.040269293 0.985537648 26.357828140 -0.024362255 0.999027431 0.036751553 1.023826599 -0.986059070 -0.017960515 -0.165423587 7.809037209
-0.194127262 -0.033748332 0.980395675 27.175037384 -0.016813522 0.999375701 0.031072456 1.035243154 -0.980832219 -0.010451895 -0.194573522 7.621439457
-0.223116025 -0.028019467 0.974389195 28.001949310 -0.010726405 0.999596894 0.026288208 1.043782830 -0.974732876 -0.004586374 -0.223326653 7.413682938
-0.250553429 -0.022007702 0.967852592 28.815555573 -0.002365099 0.999752522 0.022120802 1.047536254 -0.968100011 0.003253374 -0.250543386 7.177966595
-0.276800185 -0.011881550 0.960853994 29.622692108 0.003690066 0.999903083 0.013427440 1.039412260 -0.960920393 0.007262333 -0.276729524 6.924983978
-0.302417755 0.003737321 0.953168154 30.409524918 0.008117332 0.999966145 -0.001345375 1.026957989 -0.953140914 0.007330318 -0.302437842 6.666491508
-0.327378422 0.021163501 0.944656253 31.185443878 0.009420669 0.999772608 -0.019133484 1.006663203 -0.944846332 0.002635405 -0.327503353 6.388944626
-0.352320284 0.035919711 0.935189903 31.967136383 0.009629167 0.999349535 -0.034756348 0.975937963 -0.935829937 -0.003240269 -0.352437019 6.085111618
-0.376982629 0.046042062 0.925075293 32.731700897 0.013211974 0.998929381 -0.044333778 0.932435632 -0.926126063 -0.004490995 -0.377187341 5.764787197
-0.400052339 0.050470859 0.915101588 33.483936310 0.016623273 0.998717844 -0.047815423 0.884932995 -0.916341543 -0.003916690 -0.400378436 5.415678024
-0.422748744 0.050105907 0.904860675 34.228107452 0.020077270 0.998743057 -0.045924518 0.835925937 -0.906024516 -0.001247401 -0.423223346 5.066443443
-0.443208367 0.045824956 0.895246625 34.959995270 0.023264296 0.998944163 -0.039615501 0.784996271 -0.896116674 0.003269362 -0.443806469 4.693647861
-0.461083293 0.044351581 0.886247754 35.682418823 0.030680582 0.998949707 -0.034029644 0.738731325 -0.886826277 0.011500095 -0.461959809 4.303298473
-0.474596083 0.044651654 0.879070401 36.386825562 0.032845166 0.998915195 -0.033006486 0.694777012 -0.879590690 0.013208464 -0.475547820 3.910136700
-0.485841036 0.048762951 0.872685909 37.082382202 0.036707841 0.998699963 -0.035368253 0.648303270 -0.873275995 0.014851063 -0.486999363 3.515727997
-0.495982558 0.051197551 0.866821885 37.771533966 0.037285175 0.998595238 -0.037646525 0.606505036 -0.867531598 0.013647586 -0.497194707 3.119179010
-0.506620646 0.050533593 0.860686898 38.471557617 0.031393692 0.998700023 -0.040157713 0.556914210 -0.861597478 0.006675416 -0.507548451 2.717395067
-0.517678261 0.049282070 0.854154885 39.160964966 0.030871900 0.998765528 -0.038915094 0.513722599 -0.855018258 0.006223887 -0.518560588 2.303884268
-0.526248634 0.050505377 0.848829627 39.830764771 0.032962047 0.998695910 -0.038986955 0.470724136 -0.849691629 0.007462332 -0.527227104 1.882198095
-0.533676207 0.053317446 0.844006479 40.524978638 0.035401411 0.998544216 -0.040695112 0.427413553 -0.844947517 0.008161004 -0.534786880 1.441555619
-0.536971629 0.056298468 0.841719687 41.218471527 0.037347481 0.998378932 -0.042950943 0.381700456 -0.842773259 0.008372677 -0.538203657 0.995549023
-0.537286580 0.058309246 0.841381669 41.939647675 0.035979237 0.998283744 -0.046207331 0.343837976 -0.842631936 0.005445689 -0.538462400 0.551336825
-0.533442378 0.058758296 0.843793035 42.637462616 0.038629785 0.998235643 -0.045091461 0.295104712 -0.844953835 0.008541851 -0.534771085 0.097984955
-0.527772784 0.057409354 0.847443223 43.383041382 0.036473669 0.998324752 -0.044915535 0.241661504 -0.848602116 0.007204161 -0.528982520 -0.351339549
-0.521140754 0.055861741 0.851640582 44.149955750 0.034330871 0.998420179 -0.044481512 0.192737982 -0.852779984 0.006056432 -0.522235155 -0.805452764
-0.514133573 0.055488877 0.855913341 44.931236267 0.032676872 0.998447895 -0.045100909 0.144495681 -0.857087374 0.004780672 -0.515148878 -1.262761474
-0.508552611 0.053899407 0.859342277 45.719036102 0.029980671 0.998542070 -0.044887919 0.090366639 -0.860508800 0.002935790 -0.509427130 -1.708807230
-0.504505157 0.051696837 0.861859679 46.519763947 0.025589887 0.998662651 -0.044923179 0.042517930 -0.863029420 -0.000609083 -0.505153358 -2.162951231
-0.503381968 0.049027193 0.862671971 47.349349976 0.021057686 0.998788476 -0.044475470 -0.004838177 -0.863807321 -0.004222277 -0.503804564 -2.629462719
-0.504061997 0.045619041 0.862461746 48.195983887 0.017647661 0.998939574 -0.042523790 -0.066752143 -0.863487065 -0.006214196 -0.504332602 -3.111421824
-0.505179822 0.044526998 0.861864626 49.042121887 0.017086567 0.998988330 -0.041596051 -0.122311987 -0.862844884 -0.006287179 -0.505429626 -3.597644091
-0.505642176 0.043753926 0.861633062 49.906093597 0.016450649 0.999020517 -0.041076567 -0.172876179 -0.862586439 -0.006595623 -0.505866647 -4.100496769
-0.505782485 0.043389708 0.861569166 50.778003693 0.016309917 0.999036729 -0.040738050 -0.222377986 -0.862506807 -0.006552469 -0.506002843 -4.610088348
-0.506022692 0.042241115 0.861485183 51.658176422 0.016392581 0.999090612 -0.039359558 -0.277646899 -0.862364352 -0.005794871 -0.506254971 -5.119575500
-0.506133795 0.042162299 0.861423790 52.546489716 0.016536433 0.999095142 -0.039184555 -0.331336915 -0.862296402 -0.005587746 -0.506373048 -5.637448311
-0.506577253 0.040712997 0.861232817 53.441505432 0.014307329 0.999143839 -0.038816895 -0.381600380 -0.862075806 -0.007341815 -0.506726146 -6.156087875
-0.506359935 0.039786577 0.861403823 54.327964783 0.013182242 0.999175429 -0.038401045 -0.437148184 -0.862221420 -0.008089518 -0.506466925 -6.672108173
-0.505829453 0.039122939 0.861745775 55.220935822 0.012241931 0.999195993 -0.038177330 -0.493772179 -0.862546623 -0.008761785 -0.505901754 -7.189092159
-0.504484415 0.037497781 0.862606108 56.097366333 0.012009719 0.999264598 -0.036414634 -0.547674716 -0.863337159 -0.008010960 -0.504563808 -7.700889587
-0.502420962 0.035411656 0.863897622 56.984127045 0.012362091 0.999352992 -0.033774566 -0.603063524 -0.864534676 -0.006289467 -0.502533674 -8.212763786
-0.500065863 0.034089994 0.865316153 57.882202148 0.012236258 0.999403298 -0.032301154 -0.653312922 -0.865900934 -0.005564474 -0.500184596 -8.723052025
-0.497338802 0.033865098 0.866895139 58.769031525 0.012651527 0.999414682 -0.031783756 -0.704393625 -0.867464125 -0.004839747 -0.497476220 -9.230275154
-0.495620012 0.033850685 0.867879570 59.646015167 0.012315947 0.999413669 -0.031947758 -0.757032573 -0.868452132 -0.005145189 -0.495746315 -9.722456932
-0.494540691 0.034296464 0.868477583 60.532707214 0.012286820 0.999397218 -0.032469984 -0.809270859 -0.869067609 -0.005386902 -0.494664013 -10.226397514
-0.495538414 0.035712078 0.867851496 61.405788422 0.011708963 0.999338269 -0.034437001 -0.861288786 -0.868507087 -0.006903215 -0.495628685 -10.715000153
-0.498417675 0.037612770 0.866120696 62.280281067 0.010331088 0.999245107 -0.037448794 -0.912818134 -0.866875410 -0.009717171 -0.498430014 -11.213405609
-0.502867401 0.038087521 0.863524020 63.146057129 0.009704667 0.999214530 -0.038420986 -0.971844614 -0.864309132 -0.010940449 -0.502842009 -11.713025093
-0.508105397 0.036723755 0.860511661 63.997337341 0.010254070 0.999277830 -0.036591116 -1.019514441 -0.861233830 -0.009768399 -0.508114994 -12.220345497
-0.513952792 0.034329854 0.857131302 64.855461121 0.011389012 0.999383986 -0.033198286 -1.074808717 -0.857742846 -0.007300474 -0.514027178 -12.727714539
-0.519903600 0.031115090 0.853658080 65.704978943 0.008752923 0.999478042 -0.031099301 -1.138011694 -0.854180098 -0.008696637 -0.519904554 -13.228299141
-0.524210095 0.035495993 0.850848854 66.572372437 0.011076291 0.999330580 -0.034866273 -1.175520301 -0.851516902 -0.008853004 -0.524252355 -13.762269020
-0.529635549 0.037292138 0.847405195 67.416328430 0.011713451 0.999259353 -0.036653850 -1.223044634 -0.848144472 -0.009487145 -0.529680073 -14.281341553
-0.534261644 0.037888899 0.844469547 68.241714478 0.010328812 0.999213159 -0.038297154 -1.283936620 -0.845255971 -0.011738339 -0.534232616 -14.793218613
-0.537948430 0.037933983 0.842123806 69.062423706 0.009341992 0.999194026 -0.039041635 -1.341336846 -0.842925966 -0.013135277 -0.537869215 -15.315684319
-0.540863156 0.037602950 0.840269566 69.886535645 0.010270257 0.999220908 -0.038105447 -1.392031789 -0.841047823 -0.011980051 -0.540828109 -15.846056938
-0.543581784 0.030465132 0.838803172 70.707809448 0.010660852 0.999511063 -0.029393293 -1.439648509 -0.839288533 -0.007035304 -0.543640792 -16.373764038
-0.546192408 0.021360429 0.837387443 71.530120850 0.009780593 0.999769270 -0.019123066 -1.486946583 -0.837602675 -0.002254727 -0.546275318 -16.901489258
-0.547888935 0.020186240 0.836307526 72.345436096 0.011196900 0.999796331 -0.016797012 -1.529062867 -0.836476207 0.000161156 -0.548003256 -17.427726746
-0.548798442 0.024535688 0.835594535 73.148925781 0.011091370 0.999694943 -0.022069639 -1.569390416 -0.835881233 -0.002843895 -0.548903108 -17.955278397
-0.549936652 0.031033210 0.834629595 73.950668335 0.012650637 0.999504328 -0.028828096 -1.602606297 -0.835110486 -0.005295028 -0.550056696 -18.484857559
-0.550471544 0.034706630 0.834132195 74.740020752 0.018194487 0.999396980 -0.029575832 -1.645909548 -0.834655702 -0.001104044 -0.550771058 -19.009431839
-0.549491704 0.036500596 0.834701419 75.529289246 0.022267995 0.999330163 -0.029040406 -1.689602256 -0.835202336 0.002629666 -0.549936414 -19.549547195
-0.549671590 0.032890622 0.834733009 76.338996887 0.019723883 0.999457061 -0.026392989 -1.723953128 -0.835147917 0.001956701 -0.550021946 -20.066934586
-0.549272478 0.028403366 0.835160434 77.124046326 0.017449841 0.999594152 -0.022519168 -1.744758487 -0.835461140 0.002204261 -0.549545228 -20.579467773
-0.549320698 0.020759903 0.835353792 77.924194336 0.015203576 0.999774158 -0.014848293 -1.799625993 -0.835473180 0.004543887 -0.549512386 -21.071226120
-0.549350142 0.015358954 0.835451186 78.723182678 0.006748861 0.999879897 -0.013944115 -1.829149604 -0.835564971 -0.002021857 -0.549387872 -21.566711426
-0.547746956 0.010482298 0.836578369 79.517677307 0.000026401 0.999921679 -0.012511698 -1.858107924 -0.836644113 -0.006831157 -0.547704339 -22.067333221
-0.545804799 0.010759448 0.837843299 80.319892883 0.002766261 0.999935150 -0.011038955 -1.890380025 -0.837907791 -0.003707421 -0.545799255 -22.588647842
-0.542710960 0.014266750 0.839798272 81.102806091 0.007642528 0.999898314 -0.012047670 -1.923103333 -0.839884639 -0.000120221 -0.542764843 -23.093690872
-0.537351072 0.017574497 0.843175471 81.891090393 0.009475914 0.999845564 -0.014801057 -1.945510268 -0.843305349 0.000036493 -0.537434697 -23.596521378
-0.529692769 0.019608283 0.847962856 82.687217712 0.014765997 0.999794364 -0.013895432 -1.978804350 -0.848061025 0.005160708 -0.529873371 -24.096950531
-0.521899760 0.023393417 0.852685928 83.483383179 0.021885633 0.999662042 -0.014030258 -2.006365776 -0.852725923 0.011339180 -0.522235394 -24.583389282
-0.512754798 0.022334104 0.858244538 84.290885925 0.019512303 0.999706507 -0.014357823 -2.034403563 -0.858313322 0.009384285 -0.513040185 -25.052013397
-0.502475917 0.019627683 0.864368379 85.106979370 0.017873762 0.999764442 -0.012311794 -2.068018913 -0.864406466 0.009263137 -0.502708375 -25.498006821
-0.491267085 0.016548846 0.870851755 85.915321350 0.017877992 0.999800503 -0.008913889 -2.092901230 -0.870825589 0.011189983 -0.491464853 -25.943864822
-0.480375439 0.015692467 0.876922548 86.731117249 0.017166108 0.999816656 -0.008488111 -2.117759466 -0.876895070 0.010975868 -0.480556726 -26.382499695
-0.468936205 0.015162923 0.883101821 87.539192200 0.018234359 0.999805748 -0.007484104 -2.138007879 -0.883043826 0.012593230 -0.469121546 -26.794160843
-0.456360817 0.015473224 0.889660239 88.369895935 0.019666947 0.999779940 -0.007300086 -2.169953108 -0.889577448 0.014165430 -0.456564695 -27.229429245
-0.444289982 0.019554840 0.895669639 89.195762634 0.019990502 0.999729276 -0.011910602 -2.201963902 -0.895659983 0.012613125 -0.444560617 -27.635179520
-0.432950974 0.028371733 0.900970876 90.020820618 0.022117672 0.999537945 -0.020847242 -2.230506659 -0.901146114 0.010901547 -0.433378488 -28.025085449
-0.420539498 0.033690475 0.906648397 90.851119995 0.021901745 0.999396205 -0.026978016 -2.254185438 -0.907009900 0.008511862 -0.421023428 -28.407085419
-0.409170300 0.030004580 0.911964536 91.697380066 0.019626753 0.999517500 -0.024079241 -2.287736893 -0.912246943 0.008046394 -0.409561604 -28.778526306
-0.397400439 0.026620122 0.917259097 92.541213989 0.017873026 0.999614120 -0.021266729 -2.322875977 -0.917471230 0.007942789 -0.397722840 -29.139837265
-0.387656152 0.027074397 0.921406329 93.381607056 0.015165694 0.999620676 -0.022992080 -2.363848209 -0.921679318 0.005060746 -0.387919664 -29.483280182
-0.380431682 0.031585921 0.924269438 94.233634949 0.011627326 0.999500930 -0.029371040 -2.407569170 -0.924735963 -0.000426891 -0.380609035 -29.825777054
-0.375226229 0.036427569 0.926217198 95.071548462 0.006049958 0.999302506 -0.036851026 -2.447678089 -0.926913619 -0.008223897 -0.375184804 -30.151668549
-0.372268915 0.038991820 0.927305520 95.918312073 0.004164865 0.999177217 -0.040341929 -2.493601561 -0.928115666 -0.011155943 -0.372125000 -30.476671219
-0.368675500 0.038534906 0.928759038 96.765205383 0.002238621 0.999174297 -0.040567856 -2.542371988 -0.929555476 -0.012877235 -0.368457317 -30.804141998
-0.363798738 0.038480431 0.930682361 97.603080750 0.000568096 0.999155402 -0.041089483 -2.588659048 -0.931477427 -0.014419584 -0.363513261 -31.125795364
-0.357928365 0.034360852 0.933116734 98.460075378 -0.001288603 0.999303579 -0.037292395 -2.641157866 -0.933748066 -0.014550422 -0.357634872 -31.446174622
-0.352935672 0.030556263 0.935148537 99.299499512 -0.001559289 0.999446094 -0.033245694 -2.687285423 -0.935646236 -0.013191757 -0.352692485 -31.751853943
-0.347340524 0.027682453 0.937330365 100.138946533 -0.003172201 0.999523878 -0.030694731 -2.734935999 -0.937733710 -0.013634924 -0.347087264 -32.051651001
-0.341428787 0.025760412 0.939554572 100.985191345 -0.011843925 0.999427021 -0.031705990 -2.777061939 -0.939832985 -0.021953352 -0.340928078 -32.343166351
-0.335658759 0.025979521 0.941625297 101.840629578 -0.018468913 0.999245942 -0.034152843 -2.821788073 -0.941802502 -0.028854495 -0.334925830 -32.624309540
-0.328450233 0.030037537 0.944043517 102.700744629 -0.015597886 0.999185324 -0.037218839 -2.873972893 -0.944392383 -0.026949620 -0.327714145 -32.922359467
-0.321157515 0.033604026 0.946429372 103.542785645 -0.014667253 0.999073863 -0.040450349 -2.917101145 -0.946912110 -0.026872454 -0.320367187 -33.207229614
-0.314687401 0.031783093 0.948663056 104.401687622 -0.015870128 0.999123335 -0.038738053 -2.960995913 -0.949062645 -0.027245779 -0.313907087 -33.484867096
-0.308240175 0.026716191 0.950933278 105.246070862 -0.015591510 0.999329448 -0.033129774 -3.009353399 -0.951180696 -0.025038414 -0.307616979 -33.743350983
-0.301380903 0.024259068 0.953195214 106.103942871 -0.016936043 0.999382377 -0.030789375 -3.055156708 -0.953353345 -0.025422681 -0.300783932 -34.004688263
-0.294711947 0.027054340 0.955203056 106.959938049 -0.018938104 0.999237478 -0.034144565 -3.099093676 -0.955398440 -0.028152546 -0.293974876 -34.261005402
-0.288501024 0.029816628 0.957015216 107.812240601 -0.018613372 0.999151409 -0.036740594 -3.145117998 -0.957298577 -0.028412981 -0.287701249 -34.510654449
-0.282241315 0.030268334 0.958865762 108.667160034 -0.020592369 0.999080718 -0.037599139 -3.189735651 -0.959122419 -0.030357348 -0.281358570 -34.748222351
-0.274684042 0.029735954 0.961074650 109.529991150 -0.020735592 0.999106050 -0.036839079 -3.237619162 -0.961310863 -0.030047562 -0.273821920 -34.991397858
-0.266636431 0.029495740 0.963345766 110.389015198 -0.016460638 0.999246418 -0.035150949 -3.285369158 -0.963656604 -0.025229810 -0.265949994 -35.229106903
-0.258962512 0.030838594 0.965394914 111.239585876 -0.013762625 0.999270856 -0.035612479 -3.328911304 -0.965789318 -0.022508664 -0.258349270 -35.457122803
-0.252080977 0.031609673 0.967189729 112.097984314 -0.012468127 0.999277294 -0.035907958 -3.374514818 -0.967625856 -0.021110756 -0.251504660 -35.678779602
-0.245990843 0.030371491 0.968796194 112.981498718 -0.018972067 0.999166608 -0.036140867 -3.421396494 -0.969086409 -0.027270392 -0.245209649 -35.881935120
-0.239901453 0.028023433 0.970392704 113.844749451 -0.023790004 0.999113262 -0.034734238 -3.471992731 -0.970505655 -0.031418439 -0.239022091 -36.084968567
-0.235597387 0.028495919 0.971432865 114.712242126 -0.020985967 0.999187768 -0.034399718 -3.511502981 -0.971624076 -0.028490940 -0.234808013 -36.287395477
-0.230102152 0.028785240 0.972740650 115.586875916 -0.018469347 0.999253213 -0.033938728 -3.557254553 -0.972991228 -0.025775261 -0.229398713 -36.508594513
-0.225184664 0.030345695 0.973843455 116.456192017 -0.017732693 0.999221683 -0.035236884 -3.597876549 -0.974154711 -0.025203673 -0.224471301 -36.707004547
-0.219188258 0.029479455 0.975237191 117.321350098 -0.011725018 0.999391735 -0.032844838 -3.639700890 -0.975612104 -0.018633876 -0.218709305 -36.901615143
-0.214632049 0.027950985 0.976294994 118.187149048 -0.004890257 0.999547124 -0.029691778 -3.682329655 -0.976682782 -0.011147141 -0.214398175 -37.085002899
-0.209888071 0.027246719 0.977345645 119.060684204 -0.003396655 0.999585271 -0.028596163 -3.726051092 -0.977719545 -0.009321702 -0.209708467 -37.266960144
-0.205806077 0.028942818 0.978164613 119.930389404 -0.005235456 0.999515712 -0.030676110 -3.764768839 -0.978578806 -0.011434469 -0.205554858 -37.441707611
-0.202374697 0.030552629 0.978831410 120.797828674 -0.006614536 0.999447763 -0.032563698 -3.808367252 -0.979285836 -0.013064585 -0.202060848 -37.615837097
-0.200380042 0.030597469 0.979240239 121.667373657 -0.009080192 0.999411285 -0.033085793 -3.845371008 -0.979676187 -0.015521425 -0.199984238 -37.789669037
-0.200016513 0.028909663 0.979365945 122.585220337 -0.009200394 0.999465108 -0.031381968 -3.894230127 -0.979749322 -0.015287463 -0.199643537 -37.963100433
-0.198895648 0.024216074 0.979721487 123.458808899 -0.007956466 0.999621868 -0.026323220 -3.933072567 -0.979988396 -0.013030696 -0.198627755 -38.140823364
-0.197939515 0.019958010 0.980011106 124.330497742 -0.009342838 0.999708772 -0.022246195 -3.963590622 -0.980169713 -0.013559485 -0.197695404 -38.310031891
-0.197137699 0.017602840 0.980217874 125.210548401 -0.008273786 0.999773324 -0.019618014 -4.007557869 -0.980340898 -0.011977561 -0.196947381 -38.481708527
-0.195667967 0.022141354 0.980420232 126.056182861 -0.008588123 0.999668002 -0.024290018 -4.042581081 -0.980632544 -0.013172748 -0.195412874 -38.650985718
-0.196262568 0.025988521 0.980206907 126.920211792 -0.008563340 0.999565184 -0.028216369 -4.077937126 -0.980513990 -0.013931663 -0.195954666 -38.813472748
-0.196315065 0.024660448 0.980230689 127.772163391 -0.013264921 0.999525487 -0.027802484 -4.112877846 -0.980451226 -0.018460728 -0.195894778 -38.974346161
-0.194771305 0.024233656 0.980549276 128.635665894 -0.012545186 0.999551535 -0.027195189 -4.159228802 -0.980768442 -0.017598018 -0.194379896 -39.155799866
-0.193048477 0.025739091 0.980851650 129.475082397 -0.007665213 0.999585748 -0.027739355 -4.193434715 -0.981159329 -0.012873475 -0.192771226 -39.334060669
-0.192653790 0.027928522 0.980869293 130.317047119 -0.010897302 0.999472380 -0.030598564 -4.226712227 -0.981206357 -0.016583757 -0.192247778 -39.491340637
-0.193474665 0.028452547 0.980692565 131.145523071 -0.018339619 0.999299884 -0.032610502 -4.275151253 -0.980933845 -0.024294835 -0.192817375 -39.636489868
-0.192460135 0.029978570 0.980846703 131.980560303 -0.024147186 0.999085963 -0.035274148 -4.317739487 -0.981007695 -0.030473560 -0.191560298 -39.790473938
-0.192228138 0.033829223 0.980767071 132.801071167 -0.020380227 0.999052465 -0.038454417 -4.361912727 -0.981138587 -0.027380273 -0.191356555 -39.947925568
-0.192310348 0.034422684 0.980730236 133.626998901 -0.020293279 0.999031305 -0.039044339 -4.410339355 -0.981124222 -0.027410859 -0.191425547 -40.104263306
-0.190537199 0.035662320 0.981031954 134.449508667 -0.021441519 0.998950243 -0.040478088 -4.453868866 -0.981445730 -0.028747398 -0.189572558 -40.260047913
-0.188634306 0.035199646 0.981416345 135.270263672 -0.012175817 0.999196708 -0.038177624 -4.501757145 -0.981971920 -0.019151159 -0.188054204 -40.420578003
-0.184716269 0.031938586 0.982272804 136.088394165 -0.005899940 0.999417782 -0.033605538 -4.549633980 -0.982774138 -0.012002839 -0.184420303 -40.587848663
-0.183001757 0.026914569 0.982744157 136.898452759 -0.002750217 0.999607205 -0.027888538 -4.593332291 -0.983108759 -0.007806410 -0.182855859 -40.736484528
-0.179410979 0.026709376 0.983411551 137.713638306 -0.000904003 0.999626458 -0.027314700 -4.631160259 -0.983773768 -0.005789564 -0.179319829 -40.884216309
-0.174141303 0.031780366 0.984207749 138.515136719 0.001146252 0.999484897 -0.032070857 -4.674674034 -0.984719992 -0.004456711 -0.174088046 -41.029666901
-0.167707220 0.034841686 0.985220909 139.311126709 0.000473101 0.999378026 -0.035261806 -4.714517593 -0.985836744 -0.005447551 -0.167619392 -41.159599304
-0.159807324 0.035626296 0.986505032 140.110382080 0.000706365 0.999352455 -0.035975829 -4.749648094 -0.987148046 -0.005052369 -0.159728989 -41.281753540
-0.150451183 0.031357657 0.988119960 140.907913208 0.001311442 0.999502301 -0.031519193 -4.786670685 -0.988616586 -0.003446238 -0.150417432 -41.395153046
-0.138576046 0.029722312 0.989905715 141.699676514 0.004730580 0.999558091 -0.029349893 -4.828695297 -0.990340471 0.000615635 -0.138655409 -41.505268097
-0.124869712 0.032726184 0.991633236 142.492767334 0.008648624 0.999453783 -0.031895217 -4.862323284 -0.992135465 0.004593518 -0.125084549 -41.603164673
-0.110722549 0.033831034 0.993275404 143.279266357 0.008201556 0.999417424 -0.033125993 -4.899675846 -0.993817568 0.004478609 -0.110935524 -41.686607361
-0.096620008 0.033939321 0.994742453 144.066970825 0.009256724 0.999405861 -0.033199310 -4.937805653 -0.995278239 0.006000338 -0.096876778 -41.760761261
-0.083203107 0.035772875 0.995890260 144.846755981 0.010033237 0.999334931 -0.035058357 -4.978852272 -0.996482074 0.007075040 -0.083506696 -41.821239471
-0.069541737 0.041655727 0.996708930 145.613449097 0.006920055 0.999123931 -0.041273836 -5.029977798 -0.997555017 0.004027026 -0.069769070 -41.863880157
-0.056675240 0.050901692 0.997094214 146.377700806 -0.000073380 0.998699307 -0.050987802 -5.073904037 -0.998392642 -0.002962913 -0.056597784 -41.892410278
-0.043077566 0.058752574 0.997342706 147.136978149 -0.004340373 0.998248935 -0.058993433 -5.121605396 -0.999062300 -0.006870132 -0.042747125 -41.910282135
-0.029937427 0.059432648 0.997783303 147.901306152 -0.005148988 0.998208284 -0.059612457 -5.171923637 -0.999538541 -0.006922217 -0.029577773 -41.926391602
-0.018044900 0.055621486 0.998288810 148.670349121 -0.008649171 0.998405278 -0.055784326 -5.226735592 -0.999799728 -0.009640994 -0.017535048 -41.927841187
-0.007258717 0.053165656 0.998559356 149.434310913 -0.012315416 0.998505116 -0.053252295 -5.284890175 -0.999897778 -0.012684217 -0.006593111 -41.920616150
0.001263831 0.059836656 0.998207510 150.190811157 -0.016797518 0.998068631 -0.059807077 -5.342918873 -0.999858141 -0.016691821 0.002266498 -41.903217316
0.008259812 0.067866273 0.997660220 150.937469482 -0.019886047 0.997508168 -0.067691281 -5.396651745 -0.999768138 -0.019280400 0.009588822 -41.888587952
0.011053713 0.070582367 0.997444689 151.688369751 -0.022675345 0.997266829 -0.070318490 -5.450960159 -0.999681771 -0.021840125 0.012623983 -41.869209290
0.010867403 0.066075839 0.997755408 152.442169189 -0.024942739 0.997521758 -0.065788686 -5.510505676 -0.999629796 -0.024171803 0.012488584 -41.852821350
0.009235173 0.061711065 0.998051345 153.196853638 -0.026665678 0.997754097 -0.061445951 -5.577678680 -0.999601781 -0.026046252 0.010859999 -41.841445923
0.005781587 0.059175991 0.998230815 153.952468872 -0.026633145 0.997902453 -0.059002269 -5.627538681 -0.999628544 -0.026244905 0.007345503 -41.831455231
0.003546291 0.059408590 0.998227537 154.698196411 -0.024835218 0.997931063 -0.059302725 -5.679923534 -0.999685228 -0.024580890 0.005014380 -41.834003448
-0.000445617 0.059475958 0.998229682 155.438217163 -0.023527065 0.997952819 -0.059469968 -5.735920429 -0.999723136 -0.023511918 0.000954590 -41.829433441
-0.004924915 0.058201000 0.998292744 156.173919678 -0.023233533 0.998028696 -0.058300223 -5.790280342 -0.999717951 -0.023480991 -0.003562992 -41.828964233
-0.010082535 0.058389515 0.998242915 156.911987305 -0.023762343 0.997997761 -0.058615178 -5.840707302 -0.999666810 -0.024311578 -0.008674877 -41.834033966
-0.015885508 0.056305856 0.998287261 157.653656006 -0.025015222 0.998078287 -0.056692135 -5.894300938 -0.999560893 -0.025872959 -0.014446477 -41.842075348
-0.021704050 0.053939682 0.998308301 158.402984619 -0.022792263 0.998257279 -0.054432448 -5.953330040 -0.999504626 -0.023935109 -0.020436814 -41.861320496
-0.027239131 0.054085184 0.998164773 159.133056641 -0.023664705 0.998220503 -0.054733995 -6.001281261 -0.999348819 -0.025112180 -0.025910748 -41.877281189
-0.033142455 0.055499867 0.997908413 159.854309082 -0.025769332 0.998077571 -0.056365121 -6.049757004 -0.999118447 -0.027583513 -0.031648539 -41.888069153
-0.036202639 0.057157312 0.997708559 160.590057373 -0.024577212 0.998010159 -0.058066390 -6.112042904 -0.999042213 -0.026623052 -0.034725826 -41.919300079
-0.038608324 0.059425298 0.997485816 161.308670044 -0.024613038 0.997870624 -0.060400885 -6.165837765 -0.998951256 -0.026883135 -0.037063476 -41.947052002
-0.040003605 0.060847696 0.997345090 162.022705078 -0.021331009 0.997864604 -0.061734978 -6.218937397 -0.998971760 -0.023744000 -0.038620237 -41.979339600
-0.039259531 0.059709668 0.997443438 162.749435425 -0.018917175 0.997989774 -0.060486954 -6.269031048 -0.999049962 -0.021243503 -0.038051069 -42.009597778
-0.035372619 0.055449486 0.997834742 163.474578857 -0.015298240 0.998312533 -0.056018353 -6.329571247 -0.999257088 -0.017246634 -0.034464657 -42.034179688
-0.027826738 0.055304792 0.998081744 164.176483154 -0.014529728 0.998340428 -0.055724230 -6.383905411 -0.999507189 -0.016052479 -0.026976999 -42.050876617
-0.016672526 0.056321815 0.998273492 164.871215820 -0.011940949 0.998329818 -0.056524426 -6.433298111 -0.999789715 -0.012862737 -0.015972149 -42.055580139
-0.002621325 0.056191344 0.998416543 165.562652588 -0.010011515 0.998368502 -0.056214921 -6.484540462 -0.999946475 -0.010143019 -0.002054489 -42.051380157
0.012754628 0.053772524 0.998471737 166.240402222 -0.010146529 0.998508453 -0.053644888 -6.533367157 -0.999867201 -0.009446801 0.013281209 -42.035652161
0.028735753 0.048877779 0.998391211 166.924041748 -0.015087719 0.998711228 -0.048459180 -6.579581738 -0.999473214 -0.013670934 0.029436173 -41.998176575
0.045477033 0.042127024 0.998076677 167.609054565 -0.016229041 0.999009728 -0.041426927 -6.623726845 -0.998833597 -0.014313853 0.046115682 -41.958377838
0.062124319 0.035537358 0.997435689 168.279006958 -0.017070161 0.999257565 -0.034539074 -6.654487133 -0.997922361 -0.014880667 0.062684834 -41.902717590
0.079773016 0.027956408 0.996420979 168.952774048 -0.017268809 0.999495387 -0.026660135 -6.689122677 -0.996663451 -0.015080243 0.080215544 -41.838474274
0.096708313 0.022582712 0.995056570 169.612136841 -0.019211372 0.999598622 -0.020818666 -6.718591690 -0.995127261 -0.017103063 0.097103342 -41.760124207
0.114493996 0.020195795 0.993218660 170.247146606 -0.021564407 0.999608397 -0.017839866 -6.749147892 -0.993189812 -0.019375619 0.114884652 -41.672824860
0.132202372 0.018646453 0.991047323 170.891448975 -0.020107420 0.999667764 -0.016126381 -6.773110867 -0.991018772 -0.017795462 0.132533371 -41.575672150
0.149931297 0.018077470 0.988531113 171.532287598 -0.020865826 0.999667943 -0.015116397 -6.792563915 -0.988476157 -0.018360101 0.150258705 -41.467773438
0.165616512 0.017596699 0.986033201 172.155456543 -0.027360015 0.999537945 -0.013242247 -6.813328266 -0.985810637 -0.024784748 0.166021422 -41.344028473
0.180581838 0.014073158 0.983459234 172.785369873 -0.029468710 0.999526083 -0.008892056 -6.831977367 -0.983118355 -0.027375532 0.180910990 -41.216426849
0.192036957 0.010219441 0.981334448 173.407974243 -0.026179278 0.999643266 -0.005287094 -6.849785805 -0.981038392 -0.024675310 0.192235991 -41.085227966
0.203247756 0.009024534 0.979085803 174.023605347 -0.024201050 0.999698400 -0.004190648 -6.865721703 -0.978828192 -0.022843162 0.203404829 -40.955932617
0.212856188 0.013027542 0.976996660 174.628768921 -0.028989842 0.999555051 -0.007012388 -6.883309841 -0.976653397 -0.026830349 0.213139161 -40.808330536
0.222115889 0.020107007 0.974812925 175.221679688 -0.032855533 0.999373913 -0.013127320 -6.902101040 -0.974466503 -0.029112218 0.222637460 -40.658748627
0.231198922 0.029658554 0.972454250 175.807678223 -0.032426052 0.999214888 -0.022765487 -6.922614574 -0.972366035 -0.026269503 0.231979102 -40.515380859
0.238972381 0.035408944 0.970380545 176.400924683 -0.027144244 0.999188006 -0.029775396 -6.942835808 -0.970646918 -0.019224754 0.239739478 -40.363002777
0.245052114 0.033588331 0.968927860 177.000579834 -0.027558351 0.999237299 -0.027669217 -6.963042736 -0.969118178 -0.019921659 0.245790794 -40.200942993
0.251017034 0.026349796 0.967624009 177.608825684 -0.030640772 0.999344885 -0.019264892 -6.978196621 -0.967497587 -0.024812933 0.251659930 -40.032688141
0.255472571 0.015535202 0.966691494 178.223068237 -0.034383651 0.999384344 -0.006973849 -7.002045631 -0.966204703 -0.031456757 0.255849391 -39.858814240
0.257309049 0.007638884 0.966298878 178.830413818 -0.034482621 0.999404490 0.001281544 -7.020914078 -0.965713739 -0.033650272 0.257419169 -39.688796997
0.258257985 0.006514621 0.966054022 179.437316895 -0.031484541 0.999502778 0.001676665 -7.040840626 -0.965562820 -0.030848775 0.258334666 -39.526432037
0.259510785 0.008696845 0.965701044 180.036422729 -0.027449731 0.999621868 -0.001625819 -7.048222065 -0.965349972 -0.026086314 0.259651393 -39.368072510
0.261675209 0.008036953 0.965122581 180.643615723 -0.023832200 0.999714255 -0.001863350 -7.055677414 -0.964861691 -0.022513399 0.261792004 -39.210681915
0.263134658 0.006034381 0.964740336 181.254531860 -0.026063886 0.999659896 0.000856170 -7.057968616 -0.964406967 -0.025370168 0.263202429 -39.033794403
0.265238494 0.002712586 0.964179039 181.859161377 -0.026871480 0.999628365 0.004579825 -7.064181328 -0.963808358 -0.027123660 0.265212804 -38.850570679
0.268258274 -0.002230579 0.963344455 182.475006104 -0.026354073 0.999606073 0.009653242 -7.071733952 -0.962986469 -0.027977608 0.268093795 -38.674736023
0.272966504 -0.005272924 0.962009132 183.097595215 -0.024859145 0.999612391 0.012532723 -7.076078415 -0.961702287 -0.027335733 0.272729605 -38.500488281
0.278778881 -0.007564812 0.960325599 183.709838867 -0.022976458 0.999630153 0.014544408 -7.075623512 -0.960080385 -0.026119551 0.278501928 -38.311862946
0.286063880 -0.010249896 0.958155751 184.330047607 -0.021940868 0.999610543 0.017243953 -7.075053215 -0.957959354 -0.025955640 0.285727501 -38.113399506
0.296558022 -0.012459828 0.954933524 184.947128296 -0.019135753 0.999636590 0.018985780 -7.083517551 -0.954823136 -0.023903755 0.296211779 -37.925285339
0.307840377 -0.010508232 0.951380074 185.564331055 -0.020510474 0.999633312 0.017677827 -7.085750580 -0.951216996 -0.024955204 0.307511955 -37.717720032
0.319529384 -0.006790390 0.947552025 186.177932739 -0.021944325 0.999653041 0.014563727 -7.087023735 -0.947322309 -0.025446929 0.319269449 -37.500255585
0.331266612 -0.003605582 0.943530321 186.790817261 -0.022927916 0.999666631 0.011869922 -7.085203648 -0.943258584 -0.025565289 0.331073523 -37.274024963
0.343030035 -0.003198997 0.939319015 187.411453247 -0.021359274 0.999709129 0.011204861 -7.081320763 -0.939081550 -0.023906777 0.342861921 -37.045200348
0.354644656 -0.006161395 0.934980869 188.043685913 -0.020279957 0.999692440 0.014280161 -7.078383446 -0.934781253 -0.024025755 0.354410648 -36.803050995
0.365714431 -0.007285062 0.930698574 188.660507202 -0.022190642 0.999616861 0.016544251 -7.080099106 -0.930462480 -0.026703268 0.365412682 -36.548637390
