1.000000000 -0.000000000 0.000000000 0.000000000 -0.000000000 1.000000000 0.000000000 -0.000000007 0.000000000 0.000000000 1.000000000 0.000000000
0.999995828 -0.002458763 -0.001524036 -0.003820498 0.002463173 0.999992788 0.002898801 -0.015706738 0.001516897 -0.002902542 0.999994636 1.521845460
0.999991179 -0.002957070 -0.002975870 -0.009009741 0.002968632 0.999988019 0.003888413 -0.035799287 0.002964336 -0.003897213 0.999988019 3.036252260
0.999989092 -0.001782609 -0.004322985 -0.028731016 0.001797673 0.999992371 0.003483387 -0.047798730 0.004316742 -0.003491120 0.999984622 4.552851677
0.999981225 -0.001184251 -0.006020123 -0.042595983 0.001205594 0.999992967 0.003542900 -0.067549936 0.006015886 -0.003550091 0.999975622 6.062375069
0.999971032 -0.001508721 -0.007460854 -0.055058658 0.001535831 0.999992192 0.003629243 -0.079551429 0.007455320 -0.003640597 0.999965608 7.563768864
0.999956906 -0.001549926 -0.009151451 -0.083030313 0.001588280 0.999989927 0.004185237 -0.094739214 0.009144872 -0.004199591 0.999949455 9.049762726
0.999933362 -0.003618641 -0.010956201 -0.099206902 0.003653597 0.999988258 0.003172151 -0.109461695 0.010944595 -0.003211969 0.999934971 10.544294357
0.999914527 -0.005116431 -0.012033431 -0.142842978 0.005159386 0.999980330 0.003541343 -0.128743961 0.012015076 -0.003603124 0.999921381 12.003466606
0.999900520 -0.004464150 -0.013380544 -0.150205061 0.004508158 0.999984562 0.003260629 -0.141591191 0.013365781 -0.003320626 0.999905169 13.527353287
0.999890208 -0.004429859 -0.014136367 -0.184764802 0.004478493 0.999984145 0.003410553 -0.156456545 0.014121035 -0.003473487 0.999894261 15.016079903
0.999880910 -0.003270851 -0.015083403 -0.204901829 0.003330910 0.999986529 0.003958360 -0.176222160 0.015070253 -0.004008129 0.999878407 16.503681183
0.999875009 -0.002033244 -0.015678085 -0.238986760 0.002107681 0.999986529 0.004732743 -0.190478653 0.015668252 -0.004765197 0.999865890 17.969350815
0.999866426 -0.000480899 -0.016337056 -0.269260108 0.000574281 0.999983549 0.005711801 -0.208912164 0.016334040 -0.005720421 0.999850273 19.444116592
0.999861419 -0.000065630 -0.016645940 -0.303617597 0.000161568 0.999983430 0.005762172 -0.218600675 0.016645286 -0.005764063 0.999844909 20.913007736
0.999850929 0.000094857 -0.017260358 -0.324633569 0.000002489 0.999984026 0.005639747 -0.225823596 0.017260617 -0.005638950 0.999835134 22.393434525
0.999847472 0.001052665 -0.017430749 -0.357987434 -0.000946674 0.999980986 0.006087795 -0.235252276 0.017436827 -0.006070366 0.999829531 23.847166061
0.999850571 0.001509143 -0.017229239 -0.390617520 -0.001381288 0.999971449 0.007430350 -0.252134115 0.017239962 -0.007405439 0.999823987 25.314022064
0.999851942 0.002074315 -0.017079799 -0.423075944 -0.001968475 0.999978721 0.006211249 -0.267094970 0.017092319 -0.006176708 0.999834836 26.746393204
0.999853969 0.002361262 -0.016919851 -0.458623171 -0.002290652 0.999988616 0.004191379 -0.276807994 0.016929554 -0.004152009 0.999848068 28.179386139
0.999862671 0.000463000 -0.016563503 -0.489529848 -0.000397246 0.999991953 0.003972851 -0.291744351 0.016565206 -0.003965726 0.999854922 29.594789505
0.999862552 -0.000516901 -0.016572034 -0.517823815 0.000626098 0.999978065 0.006584712 -0.306776136 0.016568266 -0.006594182 0.999841034 31.011877060
0.999868810 -0.001946170 -0.016078051 -0.550224364 0.002073566 0.999966562 0.007910746 -0.317348182 0.016062116 -0.007943045 0.999839425 32.425094604
0.999864638 -0.002668895 -0.016238423 -0.584349990 0.002782505 0.999971747 0.006977804 -0.327174634 0.016219340 -0.007022044 0.999843836 33.820770264
0.999874473 -0.002673377 -0.015611548 -0.603968859 0.002759423 0.999981046 0.005492772 -0.341319621 0.015596569 -0.005535162 0.999863029 35.197761536
0.999883533 -0.001606024 -0.015180519 -0.636643291 0.001677559 0.999987602 0.004700699 -0.354617506 0.015172780 -0.004725617 0.999873638 36.553855896
0.999895632 -0.001610171 -0.014359792 -0.656515479 0.001666795 0.999990880 0.003932108 -0.374316394 0.014353331 -0.003955632 0.999889135 37.933639526
0.999915242 -0.000824017 -0.012998283 -0.684582770 0.000889872 0.999986887 0.005061490 -0.390617162 0.012993942 -0.005072628 0.999902725 39.268878937
0.999930978 -0.001051045 -0.011709585 -0.702742815 0.001133433 0.999974608 0.007031462 -0.406245440 0.011701898 -0.007044249 0.999906719 40.604248047
0.999947369 -0.001722500 -0.010121273 -0.723553658 0.001803048 0.999966741 0.007954508 -0.420945585 0.010107237 -0.007972339 0.999917150 41.901275635
0.999967635 -0.001133769 -0.007955019 -0.733401835 0.001204417 0.999959886 0.008881768 -0.434697747 0.007944629 -0.008891063 0.999928951 43.183483124
0.999987662 -0.001501617 -0.004732923 -0.747648239 0.001540682 0.999964774 0.008260909 -0.445679843 0.004720351 -0.008268101 0.999954760 44.456947327
0.999997437 -0.002017605 -0.000980300 -0.764444828 0.002023697 0.999978483 0.006253153 -0.455638945 0.000967662 -0.006255122 0.999979973 45.705802917
0.999993980 -0.001733662 0.003016742 -0.770239294 0.001718924 0.999986649 0.004881151 -0.472809941 -0.003025163 -0.004875936 0.999983549 46.931430817
0.999976039 -0.001528310 0.006764694 -0.762739062 0.001492509 0.999984980 0.005294081 -0.484913558 -0.006772682 -0.005283857 0.999963105 48.141517639
0.999922574 -0.001334354 0.012372075 -0.761530042 0.001269937 0.999985695 0.005213019 -0.500454605 -0.012378851 -0.005196904 0.999909818 49.371753693
0.999824345 -0.000010819 0.018742681 -0.739251792 -0.000070856 0.999990523 0.004357064 -0.510896564 -0.018742548 -0.004357626 0.999814868 50.581493378
0.999664426 0.001669371 0.025853692 -0.725805342 -0.001779778 0.999989450 0.004248034 -0.526274860 -0.025846323 -0.004292622 0.999656677 51.769733429
0.999411225 0.002191258 0.034242418 -0.674155951 -0.002371131 0.999983609 0.005213189 -0.534190536 -0.034230422 -0.005291312 0.999399960 52.979442596
0.998989224 0.004789234 0.044694498 -0.631452084 -0.005067021 0.999968529 0.006104042 -0.547531903 -0.044663850 -0.006324341 0.998982012 54.154067993
0.998316467 0.006636517 0.057620935 -0.580093920 -0.006989914 0.999957919 0.005933747 -0.561527431 -0.057579134 -0.006326522 0.998320937 55.285217285
0.997342646 0.008488773 0.072358906 -0.512773097 -0.008978437 0.999938965 0.006444584 -0.571112812 -0.072299771 -0.007077127 0.997357845 56.420436859
0.995997906 0.010885464 0.088711604 -0.423943013 -0.011623944 0.999901891 0.007812138 -0.585196376 -0.088617869 -0.008812052 0.996026635 57.542915344
0.994254947 0.011444787 0.106423743 -0.312465966 -0.012452447 0.999883652 0.008808684 -0.595997989 -0.106310561 -0.010083314 0.994281769 58.658382416
0.992000103 0.010720182 0.125780925 -0.188791141 -0.011804068 0.999899268 0.007875097 -0.605675101 -0.125683844 -0.009296823 0.992026806 59.758934021
0.989245474 0.010324216 0.145900011 -0.030910451 -0.011464109 0.999909937 0.006974157 -0.611660421 -0.145814866 -0.008571766 0.989274681 60.838279724
0.985909641 0.007447990 0.167112768 0.135795861 -0.008722789 0.999938130 0.006895651 -0.625225306 -0.167051077 -0.008256177 0.985913694 61.895370483
0.981989145 0.002146616 0.188924775 0.335322261 -0.003918300 0.999951661 0.009004717 -0.631545186 -0.188896343 -0.009582798 0.981950283 62.931884766
0.977269590 -0.003025591 0.211978883 0.555791140 0.000819558 0.999944687 0.010493943 -0.641401112 -0.211998910 -0.010081682 0.977217913 63.963390350
0.971800566 -0.008136775 0.235664070 0.805733144 0.005950855 0.999932587 0.009985324 -0.650873005 -0.235729426 -0.008301340 0.971783280 64.972900391
0.965320349 -0.014227373 0.260680348 1.080250621 0.012513071 0.999887764 0.008234818 -0.659686744 -0.260768294 -0.004687326 0.965390027 65.957862854
0.957758307 -0.018070059 0.287006259 1.381763458 0.016157228 0.999828696 0.009032018 -0.663868904 -0.287120312 -0.004013262 0.957886159 66.949440002
0.949202061 -0.020340910 0.314008802 1.692848444 0.017653557 0.999779165 0.011399751 -0.672497332 -0.314171314 -0.005277296 0.949351668 67.890693665
0.939451575 -0.024953997 0.341771662 2.034376383 0.021425204 0.999670982 0.014096675 -0.673131049 -0.342011005 -0.005920615 0.939677298 68.825721741
0.928540766 -0.027755838 0.370191455 2.406118631 0.024287980 0.999606609 0.014026622 -0.680329144 -0.370435089 -0.004033087 0.928849578 69.744094849
0.916478157 -0.027102496 0.399165571 2.800618172 0.025169101 0.999632299 0.010085043 -0.682039857 -0.399292141 0.000803918 0.916823447 70.644668579
0.903436124 -0.028526863 0.427772582 3.214603662 0.029162835 0.999561906 0.005067173 -0.691626787 -0.427729666 0.007897195 0.903872252 71.498352051
0.889248729 -0.030425966 0.456410885 3.666431427 0.032756913 0.999459386 0.002805539 -0.696119130 -0.456249505 0.012455789 0.889764786 72.366180420
0.873578072 -0.031070037 0.485691309 4.128263950 0.032103088 0.999465406 0.006195029 -0.707979500 -0.485624164 0.010180351 0.874108434 73.186790466
0.855943322 -0.030244701 0.516184330 4.623861790 0.028025858 0.999534070 0.012092695 -0.715642095 -0.516309559 0.004115845 0.856392205 74.001731873
0.836180151 -0.030189162 0.547623336 5.139787674 0.025847493 0.999543607 0.015635248 -0.720683396 -0.547845483 0.001080805 0.836578786 74.812217712
0.815185785 -0.023983819 0.578702748 5.677601814 0.021704268 0.999705493 0.010858331 -0.722463787 -0.578792751 0.003708763 0.815466225 75.576812744
0.793171227 -0.017031549 0.608760536 6.241177559 0.018547196 0.999820709 0.003806743 -0.727161050 -0.608716249 0.008271401 0.793344915 76.315605164
0.770892262 -0.014711857 0.636795580 6.848066330 0.017865367 0.999839306 0.001471781 -0.724032760 -0.636714935 0.010242001 0.771031141 77.048744202
0.747406006 -0.017023593 0.664149404 7.463607311 0.018507451 0.999817193 0.004799982 -0.731984735 -0.664109707 0.008704177 0.747584462 77.730735779
0.723388016 -0.017804900 0.690212071 8.112810135 0.019400127 0.999796927 0.005458413 -0.746549666 -0.690169036 0.009441651 0.723586500 78.407936096
0.697842777 -0.015809668 0.716076434 8.767938614 0.020036470 0.999796033 0.002547404 -0.753045499 -0.715970695 0.012569958 0.698017240 79.053153992
0.672246218 -0.013270146 0.740208745 9.452826500 0.019874658 0.999802470 -0.000125821 -0.754672408 -0.740060866 0.014795977 0.672377050 79.650230408
0.644891739 -0.011187427 0.764192045 10.143382072 0.018139755 0.999835193 -0.000670766 -0.768862963 -0.764058650 0.014294828 0.644988477 80.240135193
0.617211580 -0.009582450 0.786738813 10.859728813 0.017996922 0.999836087 -0.001940964 -0.778752685 -0.786591351 0.015356863 0.617283046 80.793388367
0.588287413 -0.003317953 0.808645070 11.597481728 0.016709125 0.999827921 -0.008053455 -0.794001281 -0.808479249 0.018249495 0.588241756 81.341659546
0.558330536 0.006115540 0.829595983 12.354244232 0.015397173 0.999724209 -0.017732205 -0.806863189 -0.829475701 0.022673864 0.558082342 81.851181030
0.527366638 0.014617593 0.849512160 13.124437332 0.013963414 0.999567866 -0.025867928 -0.828832269 -0.849523067 0.025503969 0.526934624 82.333450317
0.495984107 0.019376604 0.868115306 13.947525978 0.011575970 0.999514520 -0.028923227 -0.856342554 -0.868254364 0.024394738 0.495519072 82.801811218
0.463683724 0.019019155 0.885796607 14.775198936 0.009550093 0.999604285 -0.026461892 -0.884269595 -0.885949314 0.020729389 0.463318586 83.234031677
0.430491954 0.017673915 0.902421355 15.626626015 0.004962548 0.999746799 -0.021947369 -0.916944265 -0.902580738 0.013926475 0.430295229 83.647506714
0.396319628 0.018606193 0.917924047 16.481508255 0.000640746 0.999788821 -0.020542225 -0.948842525 -0.918112338 0.008729442 0.396223992 84.021202087
0.360946774 0.021819439 0.932331085 17.360532761 -0.006608588 0.999761045 -0.020839028 -0.976234853 -0.932563007 0.001360388 0.361004740 84.381980896
0.326046765 0.023637047 0.945058167 18.250864029 -0.011522620 0.999712527 -0.021028694 -1.002358913 -0.945283353 -0.004033211 0.326225400 84.676322937
0.289369315 0.022993218 0.956941247 19.151033401 -0.013946332 0.999706686 -0.019803545 -1.030153751 -0.957115889 -0.007615284 0.289605081 84.967956543
0.252747178 0.022875726 0.967261851 20.117044449 -0.015126526 0.999691725 -0.019690100 -1.055280209 -0.967414081 -0.009654695 0.253015310 85.241348267
0.217000782 0.022579515 0.975910306 21.063768387 -0.014632872 0.999695361 -0.019876100 -1.077091455 -0.976061821 -0.009967240 0.217265069 85.447105408
0.181970552 0.021712858 0.983064234 22.024238586 -0.012636242 0.999725223 -0.019741809 -1.098135233 -0.983222842 -0.008829809 0.182194889 85.615982056
0.147481725 0.019928988 0.988864005 22.981164932 -0.004108931 0.999800801 -0.019536581 -1.138834476 -0.989056289 -0.001181884 0.147534221 85.751342773
0.114065640 0.023232048 0.993201554 23.949249268 -0.002099024 0.999729931 -0.023143690 -1.169153214 -0.993471026 0.000555147 0.114083610 85.854179382
0.080517448 0.028013054 0.996359527 24.919893265 -0.001432023 0.999607205 -0.027988639 -1.205199480 -0.996752262 0.000826765 0.080525950 85.946083069
0.051496625 0.031995483 0.998160481 25.918037415 0.005609469 0.999461651 -0.032326587 -1.238547325 -0.998657346 0.007263862 0.051289428 85.990936279
0.026263976 0.030184245 0.999199212 26.902208328 0.007704951 0.999508262 -0.030396100 -1.272173166 -0.999625325 0.008497104 0.026018491 86.005981445
0.003549981 0.027132791 0.999625504 27.885816574 0.008982255 0.999590695 -0.027163735 -1.308327794 -0.999953330 0.009075322 0.003304817 86.011337280
-0.014785941 0.024583977 0.999588430 28.906370163 0.009337775 0.999657452 -0.024447551 -1.350219011 -0.999847054 0.008972454 -0.015010439 85.994613647
-0.031081874 0.027687352 0.999133289 29.899694443 0.011338689 0.999561727 -0.027346490 -1.385498047 -0.999452531 0.010478883 -0.031382188 85.958282471
-0.046214372 0.031947728 0.998420537 30.893678665 0.013648910 0.999415338 -0.031347781 -1.417504787 -0.998838305 0.012178636 -0.046623409 85.915298462
-0.058275674 0.037363205 0.997601151 31.886938095 0.017635241 0.999181986 -0.036392234 -1.453118563 -0.998144746 0.015472155 -0.058886915 85.854202271
-0.066989355 0.040470235 0.996932507 32.875942230 0.023190800 0.998970270 -0.038994636 -1.502195120 -0.997484148 0.020507442 -0.067858905 85.780830383
-0.072661191 0.045883909 0.996300638 33.887191772 0.027851133 0.998645008 -0.043960664 -1.550508499 -0.996967673 0.024553867 -0.073840648 85.692329407
-0.076092035 0.050456312 0.995823383 34.885105133 0.029737081 0.998389423 -0.048314080 -1.603370070 -0.996657193 0.025936566 -0.077469908 85.612731934
-0.079124898 0.054491661 0.995374203 35.896163940 0.031424951 0.998144925 -0.052145284 -1.659759164 -0.996369183 0.027153596 -0.080690525 85.530601501
-0.081841096 0.057473201 0.994986832 36.892181396 0.031874038 0.997976124 -0.055024117 -1.718943357 -0.996135592 0.027211016 -0.083507359 85.449867249
-0.084051773 0.061117258 0.994585276 37.896331787 0.033308249 0.997731864 -0.058495756 -1.777292848 -0.995904505 0.028211225 -0.085896850 85.359199524
-0.086127296 0.065050222 0.994158208 38.899681091 0.034355871 0.997466624 -0.062290333 -1.841650844 -0.995691597 0.028790278 -0.088143960 85.270027161
-0.088100232 0.066418163 0.993894875 39.900974274 0.037143402 0.997299731 -0.063353240 -1.909038067 -0.995418906 0.031335201 -0.090329349 85.174293518
-0.090514444 0.065077171 0.993766606 40.916084290 0.037283625 0.997384608 -0.061918229 -1.979284286 -0.995197058 0.031446725 -0.092704035 85.085723877
-0.092677303 0.064705208 0.993591547 41.936267853 0.036631815 0.997432172 -0.061538495 -2.049941778 -0.995022118 0.030693837 -0.094809607 84.990386963
-0.095249996 0.066095702 0.993256629 42.950237274 0.035781357 0.997375786 -0.062938489 -2.118334293 -0.994810104 0.029545179 -0.097365037 84.903884888
-0.097051546 0.068195671 0.992940247 43.977275848 0.036133304 0.997233570 -0.064958818 -2.192910194 -0.994623244 0.029573854 -0.099247195 84.787086487
-0.099671021 0.070145637 0.992544889 45.006217957 0.034598898 0.997153163 -0.066996902 -2.271954775 -0.994418681 0.027663307 -0.101814233 84.684181213
-0.102076292 0.073913604 0.992026806 46.034626007 0.031818308 0.996968150 -0.071007773 -2.344691753 -0.994267583 0.024316408 -0.104118630 84.582176208
-0.104530975 0.078338198 0.991431475 47.075809479 0.028115634 0.996727228 -0.075792290 -2.419100523 -0.994124115 0.019952087 -0.106391400 84.482635498
-0.107137136 0.080615617 0.990970552 48.113643646 0.026054578 0.996592820 -0.078256123 -2.503544569 -0.993902802 0.017435182 -0.108872496 84.368049622
-0.110016860 0.079137243 0.990774155 49.161170959 0.023971293 0.996746659 -0.076952457 -2.586865902 -0.993640661 0.015284069 -0.111555949 84.256179810
-0.112372033 0.074914135 0.990838230 50.215461731 0.021481888 0.997104108 -0.072951600 -2.672382355 -0.993434012 0.013087356 -0.113655917 84.130203247
-0.115576193 0.073160723 0.990600586 51.269859314 0.021269165 0.997237444 -0.071169332 -2.754150152 -0.993070900 0.012843767 -0.116812959 84.028053284
-0.116858073 0.073514171 0.990424097 52.292209625 0.021290977 0.997212946 -0.071506001 -2.842539072 -0.992920399 0.012731043 -0.118097574 83.902038574
-0.118019693 0.076646984 0.990048766 53.347518921 0.021681506 0.996977866 -0.074598856 -2.917472124 -0.992774546 0.012661615 -0.119324856 83.778579712
-0.118864119 0.079003781 0.989762425 54.394889832 0.023003237 0.996781170 -0.076801471 -3.007787228 -0.992644012 0.013638803 -0.120298840 83.655189514
-0.119171850 0.079889059 0.989654422 55.451045990 0.021791162 0.996728003 -0.077836014 -3.089899540 -0.992634535 0.012289857 -0.120522790 83.519081116
-0.119464085 0.078382529 0.989739716 56.522552490 0.018606864 0.996880412 -0.076702170 -3.186860800 -0.992664158 0.009252796 -0.120549865 83.402030945
-0.119293898 0.077913299 0.989797175 57.567989349 0.014956333 0.996944249 -0.076673292 -3.264750957 -0.992746294 0.005657080 -0.120094657 83.278739929
-0.119336933 0.079193108 0.989690423 58.635883331 0.011185308 0.996857882 -0.078417905 -3.349891901 -0.992790818 0.001711841 -0.119847752 83.156028748
-0.119322859 0.079718709 0.989649892 59.722358704 0.006483651 0.996812642 -0.079513952 -3.434152603 -0.992834389 -0.003071289 -0.119459391 83.033569336
-0.119919360 0.078692153 0.989659965 60.801380157 0.003275091 0.996879578 -0.078869365 -3.533985615 -0.992778242 -0.006216737 -0.119802870 82.910499573
-0.119824298 0.073607661 0.990062654 61.879852295 0.003120566 0.997270763 -0.073765889 -3.618382454 -0.992790222 -0.005749390 -0.119726948 82.786453247
-0.120656155 0.065024666 0.990562320 62.975036621 0.006955752 0.997883320 -0.064657994 -3.702483892 -0.992670000 -0.000911278 -0.120853029 82.658287048
-0.119846858 0.059445638 0.991011202 64.080787659 0.013051584 0.998213828 -0.058299325 -3.784947634 -0.992706537 0.005947276 -0.120408662 82.503334045
-0.119719081 0.062019229 0.990868807 65.171493530 0.021454500 0.997975528 -0.059871864 -3.854854822 -0.992575943 0.014090789 -0.120807320 82.372665405
-0.118358113 0.067797184 0.990653813 66.298950195 0.026970144 0.997517884 -0.065044679 -3.925361395 -0.992604613 0.019019511 -0.119892828 82.218521118
-0.116906285 0.073462598 0.990422249 67.375434875 0.030707423 0.997051060 -0.070329674 -4.002149105 -0.992668152 0.022191329 -0.118817367 82.082839966
-0.116566807 0.078045130 0.990111709 68.473976135 0.031154577 0.996704519 -0.074896954 -4.083889961 -0.992694139 0.022116011 -0.118614130 81.963516235
-0.116390884 0.074842505 0.990379632 69.618141174 0.028694442 0.996993959 -0.071970150 -4.174050331 -0.992788911 0.020041721 -0.118188553 81.825119019
-0.115279496 0.070970483 0.990794599 70.744537354 0.027570311 0.997288764 -0.068227842 -4.250970364 -0.992950439 0.019451242 -0.116923608 81.685134888
-0.115392946 0.068902068 0.990927339 71.878005981 0.025619388 0.997465909 -0.066373363 -4.336228371 -0.992989540 0.017727930 -0.116865762 81.559646606
-0.115221046 0.069164582 0.990928948 73.003135681 0.023829039 0.997478306 -0.066850975 -4.416747093 -0.993053973 0.015910245 -0.116578639 81.428695679
-0.115228854 0.074380606 0.990550160 74.139671326 0.025160212 0.997091174 -0.071944922 -4.501867771 -0.993020296 0.016632324 -0.116765112 81.301086426
-0.114155620 0.077101372 0.990466416 75.259124756 0.024608709 0.996897459 -0.074765734 -4.587308884 -0.993158102 0.015839171 -0.115698799 81.168235779
-0.113524683 0.076279685 0.990602612 76.404937744 0.024744004 0.996956229 -0.073933244 -4.671637058 -0.993227065 0.016118230 -0.115066603 81.037406921
-0.113417894 0.069099426 0.991141617 77.554374695 0.026320564 0.997437477 -0.066526465 -4.766065598 -0.993198693 0.018542109 -0.114945993 80.909889221
-0.113853529 0.067496084 0.991202176 78.710289001 0.025418406 0.997560978 -0.065009430 -4.849718571 -0.993172288 0.017793227 -0.115291469 80.781829834
-0.113912255 0.070345320 0.990997255 79.860412598 0.022748481 0.997413218 -0.068185888 -4.933752060 -0.993230283 0.014776474 -0.115217850 80.661712646
-0.113913536 0.073787391 0.990746737 81.009742737 0.021773491 0.997183979 -0.071763352 -5.012648582 -0.993251979 0.013397195 -0.115199365 80.542320251
-0.113513179 0.073235855 0.990833640 82.196716309 0.021027602 0.997233272 -0.071299881 -5.098874569 -0.993313968 0.012741379 -0.114739083 80.404243469
-0.112817928 0.070022359 0.991145313 83.383842468 0.020614877 0.997463942 -0.068122253 -5.181895733 -0.993401825 0.012746926 -0.113975324 80.263587952
-0.112622701 0.069049768 0.991235733 84.565101624 0.020923818 0.997526109 -0.067110628 -5.268899441 -0.993417621 0.013182253 -0.113788858 80.141357422
-0.111151919 0.068940803 0.991409242 85.739074707 0.022801688 0.997505248 -0.066808313 -5.365117073 -0.993541777 0.015179935 -0.112446591 80.008293152
-0.110310785 0.069289282 0.991478980 86.933525085 0.024835551 0.997447610 -0.066943236 -5.445856094 -0.993586719 0.017239366 -0.111750066 79.877021790
-0.109841555 0.068257898 0.991602540 88.123794556 0.024334969 0.997524798 -0.065969944 -5.539244652 -0.993651152 0.016884375 -0.111230724 79.763359070
-0.107834235 0.068951361 0.991774917 89.323562622 0.025894439 0.997448266 -0.066530332 -5.622695923 -0.993831635 0.018507205 -0.109344542 79.609397888
-0.106280133 0.067120165 0.992068231 90.524757385 0.025901487 0.997567356 -0.064717397 -5.705948353 -0.993998885 0.018817872 -0.107760094 79.478355408
-0.105447888 0.066224642 0.992217302 91.736213684 0.024611179 0.997648180 -0.063971579 -5.792398930 -0.994120240 0.017673971 -0.106829777 79.354774475
-0.103827156 0.065525033 0.992434680 92.948760986 0.025582541 0.997673273 -0.063194506 -5.875452042 -0.994266391 0.018827694 -0.105261870 79.228950500
-0.101812102 0.066159785 0.992601275 94.174102783 0.023437211 0.997668624 -0.064093567 -5.962104321 -0.994527578 0.016738307 -0.103125349 79.101013184
-0.100905083 0.068954125 0.992503643 95.392478943 0.023716003 0.997478545 -0.066888623 -6.045649529 -0.994613349 0.016788822 -0.102285974 78.978614807
-0.100375868 0.067791924 0.992637396 96.612655640 0.020954972 0.997598708 -0.066011801 -6.127724171 -0.994728863 0.014174699 -0.101555437 78.870285034
-0.099379092 0.066332690 0.992836297 97.854042053 0.017860856 0.997733653 -0.064872108 -6.223313808 -0.994889319 0.011285976 -0.100338645 78.746818542
-0.099513665 0.067731038 0.992728293 99.093147278 0.014923472 0.997669935 -0.066572219 -6.304711819 -0.994924307 0.008190108 -0.100292593 78.631729126
-0.099872403 0.066800885 0.992755353 100.315444946 0.011507911 0.997754633 -0.065979570 -6.394379139 -0.994933724 0.004835002 -0.100416899 78.514045715
-0.100826673 0.064140908 0.992834389 101.558197021 0.008735830 0.997938335 -0.063583501 -6.483335018 -0.994865716 0.002262319 -0.101179138 78.391334534
-0.102110483 0.062629342 0.992799580 102.819038391 0.006474884 0.998036861 -0.062293787 -6.571022987 -0.994751990 0.000067414 -0.102315545 78.270149231
-0.104220882 0.062119775 0.992612302 104.079879761 0.004258109 0.998066247 -0.062014010 -6.654139519 -0.994545043 -0.002236504 -0.104283862 78.157722473
-0.105270892 0.061740536 0.992525160 105.333618164 0.004686190 0.998090565 -0.061589699 -6.747708321 -0.994432569 -0.001832440 -0.105359212 78.021644592
-0.107738435 0.060413972 0.992341995 106.588623047 0.004058852 0.998170376 -0.060328141 -6.830632210 -0.994171023 -0.002471889 -0.107786521 77.893135071
-0.111298122 0.055681907 0.992225885 107.862319946 0.001040298 0.998435020 -0.055913672 -6.912731171 -0.993786514 -0.005190874 -0.111181863 77.767639160
-0.115841031 0.055782828 0.991700172 109.116401672 0.000128693 0.998422503 -0.056145940 -6.988955975 -0.993267775 -0.006376377 -0.115665473 77.628425598
-0.121073544 0.061493807 0.990736902 110.355773926 -0.004607464 0.998033762 -0.062509775 -7.075209141 -0.992632806 -0.012133066 -0.120552137 77.484298706
-0.128451675 0.064631112 0.989607453 111.576141357 -0.003992025 0.997832417 -0.065686449 -7.158258438 -0.991707683 -0.012388073 -0.127915218 77.339645386
-0.137228608 0.060478486 0.988691390 112.833435059 -0.002502683 0.998109996 -0.061401982 -7.249330044 -0.990536273 -0.010900488 -0.136817873 77.164978027
-0.147658974 0.058423791 0.987311304 114.062255859 -0.000277183 0.998251319 -0.059112612 -7.335607529 -0.989038348 -0.009002172 -0.147384539 76.979583740
-0.161548302 0.059312262 0.985080957 115.288047791 -0.000280738 0.998189569 -0.060147583 -7.421754360 -0.986864746 -0.009993289 -0.161239147 76.798561096
-0.175210088 0.059920229 0.982705951 116.504394531 0.002119984 0.998166800 -0.060484972 -7.503215313 -0.984528840 -0.008514257 -0.175015911 76.580284119
-0.189964592 0.057541557 0.980103254 117.725555420 0.001995916 0.998301625 -0.058223125 -7.586208344 -0.981788874 -0.009104129 -0.189756811 76.358894348
-0.205103591 0.060119301 0.976892114 118.925521851 0.006355458 0.998172402 -0.060094565 -7.671974182 -0.978719652 -0.006117014 -0.205110848 76.104316711
-0.220723420 0.063310407 0.973279595 120.110404968 0.006426271 0.997963786 -0.063458711 -7.758153439 -0.975315273 -0.007752269 -0.220680863 75.851814270
-0.236096025 0.067113228 0.969409347 121.274299622 0.006049785 0.997694373 -0.067598023 -7.844511032 -0.971710920 -0.010094908 -0.235957697 75.574722290
-0.251776338 0.065201297 0.965586722 122.448493958 0.002662956 0.997770846 -0.066680185 -7.935202122 -0.967781782 -0.014217173 -0.251388729 75.282020569
-0.267880023 0.059629634 0.961605310 123.610862732 -0.002836314 0.998029709 -0.062678464 -8.022137642 -0.963448048 -0.019517720 -0.267183095 74.978385925
-0.284028351 0.055235915 0.957223535 124.795959473 -0.007281032 0.998186231 -0.059760075 -8.107881546 -0.958788216 -0.023943126 -0.283111006 74.655601501
-0.299271971 0.056768794 0.952477574 125.942672729 -0.009230747 0.998009682 -0.062382888 -8.189016342 -0.954123139 -0.027461529 -0.298152298 74.312210083
-0.313396513 0.058619983 0.947811306 127.088256836 -0.009190445 0.997858942 -0.064754173 -8.274286270 -0.949577868 -0.029004535 -0.312186718 73.939506531
-0.327394456 0.061149456 0.942907035 128.223114014 -0.007804009 0.997694790 -0.067412235 -8.359203339 -0.944855571 -0.029428849 -0.326162457 73.557174683
-0.341749132 0.060613833 0.937834501 129.359085083 -0.005812553 0.997762561 -0.066605195 -8.455658913 -0.939773262 -0.028213479 -0.340632111 73.153404236
-0.355824143 0.058528375 0.932718456 130.482254028 -0.006297046 0.997864306 -0.065018572 -8.545784950 -0.934531748 -0.029008545 -0.354695648 72.738693237
-0.370388597 0.057262100 0.927110195 131.607345581 -0.006396303 0.997917175 -0.064190798 -8.637701988 -0.928854823 -0.029705618 -0.369250894 72.300262451
-0.385164380 0.058610640 0.920984924 132.706298828 -0.007794959 0.997738957 -0.066755116 -8.727065086 -0.922815025 -0.032890733 -0.383836657 71.851768494
-0.400285989 0.060691591 0.914378345 133.795593262 -0.006988142 0.997573316 -0.069272809 -8.814861298 -0.916363537 -0.034118749 -0.398890555 71.395599365
-0.414987594 0.062711827 0.907663345 134.889175415 -0.005665663 0.997424304 -0.071503922 -8.902966499 -0.909809411 -0.034815751 -0.413563401 70.904212952
-0.429287076 0.065165147 0.900814116 135.965515137 -0.002864288 0.997290432 -0.073509268 -8.998304367 -0.903163493 -0.034136768 -0.427937269 70.393218994
-0.444031000 0.068335459 0.893401742 137.035614014 -0.003070675 0.996965587 -0.077783115 -9.096982956 -0.896006107 -0.037281461 -0.442473799 69.873588562
-0.459262133 0.070557073 0.885494173 138.103195190 -0.002779961 0.996721506 -0.080861613 -9.194056511 -0.888296425 -0.039598312 -0.457560271 69.331207275
-0.474743009 0.067656919 0.877520144 139.171478271 -0.004112316 0.996859610 -0.079082780 -9.296971321 -0.880114853 -0.041152641 -0.472973913 68.771064758
-0.490567416 0.063485421 0.869087577 140.244400024 -0.007098138 0.997018397 -0.076837197 -9.392516136 -0.871374369 -0.043862734 -0.488654107 68.182098389
-0.506646216 0.063669182 0.859799862 141.303604126 -0.007575285 0.996902168 -0.078285590 -9.492054939 -0.862120807 -0.046176329 -0.504594386 67.573661804
-0.522510469 0.062958896 0.850305200 142.350982666 -0.008524420 0.996834457 -0.079046547 -9.589099884 -0.852590263 -0.048551012 -0.520319760 66.941703796
-0.538140893 0.061997060 0.840571642 143.388015747 -0.009016195 0.996810675 -0.079292834 -9.689681053 -0.842806637 -0.050249483 -0.535865605 66.282157898
-0.554017127 0.061473891 0.830232441 144.420104980 -0.010101806 0.996700287 -0.080540821 -9.794851303 -0.832444012 -0.053007841 -0.551567912 65.624595642
-0.569439113 0.060675547 0.819791198 145.440002441 -0.010770672 0.996636033 -0.081245899 -9.898715973 -0.821963012 -0.055094287 -0.566869915 64.929328918
-0.584169626 0.058592670 0.809513986 146.447937012 -0.010549690 0.996758401 -0.079758413 -9.997436523 -0.811563075 -0.055132557 -0.581657708 64.201286316
-0.599319696 0.054699905 0.798638701 147.455657959 -0.010400133 0.997046411 -0.076093659 -10.107885361 -0.800442219 -0.053910382 -0.596980572 63.464229584
-0.614200413 0.053401016 0.787341177 148.453048706 -0.009641640 0.997125566 -0.075150922 -10.198730469 -0.789091110 -0.053748988 -0.611920118 62.704219818
-0.628332436 0.052101098 0.776198268 149.427001953 -0.009889420 0.997139275 -0.074936897 -10.298572540 -0.777881980 -0.054761440 -0.626019716 61.918624878
-0.643583119 0.052674226 0.763561606 150.406356812 -0.011586505 0.996844172 -0.078533150 -10.409191132 -0.765288532 -0.059389610 -0.640941918 61.123058319
-0.658724844 0.052041806 0.750581920 151.361022949 -0.013814515 0.996600211 -0.081223421 -10.512063980 -0.752257049 -0.063872814 -0.655766368 60.300445557
-0.674393415 0.048959963 0.736747265 152.312896729 -0.015483320 0.996642113 -0.080403961 -10.618842125 -0.738210022 -0.065631181 -0.671370685 59.455314636
-0.690671384 0.041343439 0.721985996 153.242630005 -0.019094864 0.996973813 -0.075356863 -10.727247238 -0.722916603 -0.065833047 -0.687791824 58.595130920
-0.707569897 0.038851179 0.705574512 154.165176392 -0.020093577 0.996977508 -0.075047158 -10.831437111 -0.706357658 -0.067278624 -0.704650581 57.695873260
-0.724941552 0.036408871 0.687847495 155.055175781 -0.021534596 0.996915996 -0.075464264 -10.929961205 -0.688473701 -0.069519699 -0.721921742 56.780399323
-0.742480934 0.032816760 0.669062853 155.942230225 -0.024540350 0.996796250 -0.076124944 -11.031904221 -0.669417500 -0.072940350 -0.739296913 55.832920074
-0.758900464 0.030804785 0.650477648 156.796463013 -0.024229903 0.996853173 -0.075476751 -11.137918472 -0.650755703 -0.073040344 -0.755765915 54.866024017
-0.775116742 0.032742757 0.630969048 157.625198364 -0.022436664 0.996599972 -0.079278782 -11.240300179 -0.631419539 -0.075607151 -0.771746635 53.877243042
-0.789934874 0.032766473 0.612314641 158.422653198 -0.018061342 0.996894717 -0.076646872 -11.360412598 -0.612924576 -0.071605273 -0.786890090 52.861824036
-0.804671228 0.034088843 0.592741251 159.204849243 -0.014128732 0.996968210 -0.076516479 -11.469563484 -0.593552470 -0.069945291 -0.801749945 51.825748444
-0.819117010 0.035543621 0.572524190 159.952606201 -0.012209671 0.996772110 -0.079350412 -11.574601173 -0.573496521 -0.071987614 -0.816038966 50.766712189
-0.832829535 0.036835317 0.552302599 160.670593262 -0.011512897 0.996414781 -0.083815515 -11.688084602 -0.553409934 -0.076162636 -0.829419494 49.710159302
-0.845823705 0.037337352 0.532154143 161.370437622 -0.008714645 0.996447384 -0.083764762 -11.802380562 -0.533391178 -0.075487763 -0.842493594 48.635131836
-0.857384562 0.035795998 0.513430059 162.033462524 -0.007117187 0.996658504 -0.081371434 -11.913647652 -0.514627278 -0.073420778 -0.854264796 47.531108856
-0.868194401 0.037031829 0.494840533 162.680618286 -0.004680835 0.996555984 -0.082790650 -12.038278580 -0.496202141 -0.074194640 -0.865030885 46.444530487
-0.877656460 0.039816905 0.477633327 163.295043945 -0.002001158 0.996230304 -0.086725786 -12.150656700 -0.479285985 -0.077071279 -0.874268234 45.329250336
-0.886678398 0.037302829 0.460879326 163.901733398 -0.003958889 0.996091545 -0.088238478 -12.268571854 -0.462369531 -0.080063716 -0.883065164 44.196918488
-0.895032227 0.034549899 0.444661230 164.491241455 -0.004939751 0.996165931 -0.087344393 -12.393307686 -0.445974112 -0.080372572 -0.891429961 43.061431885
-0.902307451 0.032546360 0.429862708 165.061492920 -0.005737735 0.996150970 -0.087465823 -12.517253876 -0.431054831 -0.081387505 -0.898647785 41.909179688
-0.908873379 0.030939808 0.415923059 165.606002808 -0.006023236 0.996166885 -0.087265119 -12.635652542 -0.417028785 -0.081818111 -0.905203223 40.733989716
-0.915201187 0.028216474 0.402008653 166.140930176 -0.007306339 0.996220291 -0.086556800 -12.755672455 -0.402931511 -0.082154088 -0.911535501 39.561183929
-0.920810461 0.023426518 0.389306486 166.651290894 -0.009803438 0.996488750 -0.083151378 -12.868644714 -0.389887482 -0.080383182 -0.917347431 38.374637604
-0.926050246 0.019715073 0.376885056 167.166229248 -0.011129707 0.996773660 -0.079488762 -12.993387222 -0.377236277 -0.077805206 -0.922842920 37.180519104
-0.930515051 0.020009428 0.365706801 167.652648926 -0.008673874 0.997022510 -0.076621540 -13.098647118 -0.366151094 -0.074469581 -0.927570820 35.973304749
-0.933738708 0.024565084 0.357111394 168.117065430 -0.003843390 0.996896923 -0.078624152 -13.207220078 -0.357934654 -0.074786939 -0.930746853 34.792572021
-0.936112642 0.029440565 0.350465655 168.573287964 0.001343356 0.996782303 -0.080145657 -13.316392899 -0.351697505 -0.074554577 -0.933140159 33.596446991
-0.937955916 0.033425190 0.345139742 169.015686035 0.005090649 0.996563256 -0.082678154 -13.425797462 -0.346717149 -0.075791478 -0.934902608 32.396877289
-0.939694464 0.029750289 0.340718657 169.453155518 0.002236755 0.996722877 -0.080861226 -13.547574997 -0.342007697 -0.075222746 -0.936681569 31.201036453
-0.941553414 0.022392923 0.336118579 169.901840210 -0.003887752 0.996999383 -0.077312790 -13.656477928 -0.336841196 -0.074100859 -0.938641131 29.996265411
-0.943453431 0.015282089 0.331152767 170.352005005 -0.009901793 0.997192085 -0.074228778 -13.779764175 -0.331357241 -0.073310390 -0.940653026 28.795234680
-0.944979072 0.008787376 0.327013105 170.779098511 -0.017372979 0.996880412 -0.076990977 -13.865554810 -0.326669604 -0.078436032 -0.941878378 27.585351944
-0.946422637 0.006052723 0.322873831 171.211883545 -0.020834226 0.996596932 -0.079752862 -13.972631454 -0.322257757 -0.082206734 -0.943075895 26.385805130
-0.947139859 0.006582926 0.320753455 171.627426147 -0.020854743 0.996411562 -0.082030773 -14.082747459 -0.320142478 -0.084383868 -0.943603754 25.195014954
-0.947485864 0.007100497 0.319719017 172.048904419 -0.020767599 0.996277034 -0.083670549 -14.197695732 -0.319122851 -0.085916460 -0.943810880 23.991815567
-0.947516203 0.009362011 0.319570839 172.462936401 -0.018911641 0.996179581 -0.085255958 -14.317790031 -0.319148213 -0.086825013 -0.943719149 22.794422150
-0.946795583 0.010116381 0.321676403 172.870666504 -0.019105988 0.995976269 -0.087557361 -14.431983948 -0.321267843 -0.089044869 -0.942792654 21.554513931
-0.946648836 0.011131740 0.322074562 173.295730591 -0.018600922 0.995849729 -0.089091420 -14.557594299 -0.321729660 -0.090329185 -0.942512929 20.353710175
-0.945853829 0.012652316 0.324346006 173.715240479 -0.017157236 0.995894372 -0.088882260 -14.675209999 -0.324138969 -0.089634508 -0.941753447 19.151344299
-0.945018768 0.012287401 0.326784998 174.138870239 -0.017813455 0.995875955 -0.088959932 -14.800784111 -0.326530427 -0.089889988 -0.940902591 17.938173294
-0.943959415 0.010646579 0.329889596 174.578567505 -0.019943388 0.995813608 -0.089204848 -14.921644211 -0.329458356 -0.090784878 -0.939795375 16.753355026
-0.942502022 0.009234042 0.334072560 175.015594482 -0.020905903 0.996031463 -0.086511895 -15.046839714 -0.333545655 -0.088521734 -0.938568711 15.565737724
-0.940849721 0.006766836 0.338756263 175.469558716 -0.022879196 0.996249676 -0.083444498 -15.171721458 -0.338050514 -0.086259201 -0.937166631 14.381260872
-0.938393533 0.003639648 0.345549136 175.916595459 -0.025915813 0.996387482 -0.080873407 -15.278823853 -0.344595104 -0.084846273 -0.934909225 13.211032867
-0.935905159 0.005554904 0.352208108 176.367843628 -0.024277559 0.996481001 -0.080227718 -15.394941330 -0.351414293 -0.083636299 -0.932476759 12.042263031
-0.932795167 0.006344025 0.360351145 176.823104858 -0.024027593 0.996526003 -0.079741120 -15.514671326 -0.359605163 -0.083040506 -0.929402173 10.888276100
-0.929032564 0.009008401 0.369888276 177.287597656 -0.023128552 0.996334612 -0.082356103 -15.621560097 -0.369274408 -0.085066490 -0.925418913 9.733378410
-0.924709857 0.010269650 0.380534083 177.769378662 -0.022306243 0.996456623 -0.081096716 -15.737428665 -0.380018532 -0.083479203 -0.921204209 8.552196503
-0.920474112 0.011852742 0.390623748 178.258499146 -0.022083232 0.996365368 -0.082270227 -15.845461845 -0.390179127 -0.084353849 -0.916866720 7.464779854
-0.915350080 0.013273172 0.402440220 178.776046753 -0.022011869 0.996312559 -0.082926080 -15.963354111 -0.402056962 -0.084764838 -0.911682546 6.344677448
-0.909822643 0.015465962 0.414708942 179.316833496 -0.020121032 0.996486127 -0.081305675 -16.089036942 -0.414509177 -0.082318112 -0.906314373 5.212119579
-0.903603196 0.014820297 0.428114057 179.871978760 -0.021294832 0.996611655 -0.079446502 -16.193761826 -0.427840889 -0.080904715 -0.900225878 4.059730053
-0.897626877 0.017256623 0.440418154 180.439971924 -0.019665254 0.996670187 -0.079132125 -16.311952591 -0.440317184 -0.079692051 -0.894298613 2.933329344
-0.890300691 0.019965349 0.454935312 180.986358643 -0.017874341 0.996736407 -0.078722678 -16.412544250 -0.455022275 -0.078218512 -0.887038112 1.811611772
-0.883747578 0.020747418 0.467503786 181.600845337 -0.017029228 0.996929228 -0.076434135 -16.518653870 -0.467653990 -0.075509697 -0.880680442 0.712438583
-0.876421571 0.022321587 0.481027067 182.204727173 -0.015147113 0.997152865 -0.073869616 -16.621845245 -0.481306434 -0.072027095 -0.873588085 -0.380059808
-0.868381500 0.025071453 0.495262504 182.818878174 -0.011939896 0.997374594 -0.071424782 -16.729393005 -0.495752871 -0.067937344 -0.865802288 -1.446877360
-0.860239804 0.027893122 0.509126186 183.445510864 -0.009323015 0.997475326 -0.070400476 -16.823402405 -0.509804428 -0.065307893 -0.857807875 -2.473154068
-0.850018024 0.030415386 0.525874734 184.076034546 -0.006295433 0.997673750 -0.067879036 -16.935522079 -0.526715994 -0.061009001 -0.847849190 -3.504493952
-0.839520574 0.033154011 0.542315423 184.726577759 -0.003658784 0.997768939 -0.066661701 -17.029886246 -0.543315649 -0.057948079 -0.837526262 -4.512400627
-0.828631818 0.035604369 0.558660567 185.411544800 -0.000912688 0.997888029 -0.064950809 -17.127153397 -0.559793293 -0.054330189 -0.826849282 -5.512404919
-0.817654729 0.037420720 0.574491262 186.112518311 0.000242241 0.997907579 -0.064656064 -17.220428467 -0.575708807 -0.052727178 -0.815953076 -6.485213757
-0.804071128 0.040183630 0.593173504 186.819000244 0.002604428 0.997941732 -0.064073622 -17.310499191 -0.594527423 -0.049974874 -0.802520871 -7.484118462
-0.792057395 0.040397368 0.609108508 187.569290161 0.003341494 0.998079836 -0.061849650 -17.397689819 -0.610437453 -0.046953142 -0.790671527 -8.413710594
-0.777298272 0.042351589 0.627705216 188.330856323 0.005494908 0.998150587 -0.060541280 -17.482320786 -0.629108310 -0.043609448 -0.776093483 -9.363210678
