1.000000000 0.000000000 0.000000000 0.000000000 0.000000000 1.000000000 0.000000000 0.000000000 0.000000000 0.000000000 1.000000000 0.000000000
0.999873996 0.001482489 0.015805632 0.010988109 -0.001467393 0.999998450 -0.000966651 -0.002507221 -0.015807040 0.000943336 0.999874592 0.128204539
0.999293625 0.004328033 0.037329115 0.027833326 -0.004315393 0.999990582 -0.000419190 -0.003829721 -0.037330579 0.000257805 0.999302924 0.274157345
0.997895122 0.005951152 0.064574979 0.056393009 -0.006026347 0.999981344 0.000969739 -0.004322733 -0.064568006 -0.001356849 0.997912407 0.437134773
0.995117843 0.005808222 0.098523080 0.103383586 -0.006154297 0.999975920 0.003209072 -0.002740838 -0.098502055 -0.003799744 0.995129585 0.613856733
0.990615368 0.002592816 0.136654481 0.163699284 -0.003346470 0.999980390 0.005285589 -0.004221703 -0.136638075 -0.005693296 0.990604639 0.798594952
0.984355509 -0.000324750 0.176193357 0.239140764 -0.000628041 0.999985456 0.005351856 -0.001650823 -0.176192522 -0.005378785 0.984341025 0.996078014
0.975524724 -0.000156585 0.219889268 0.320010424 -0.001293600 0.999978364 0.006451068 0.004589463 -0.219885513 -0.006577626 0.975503504 1.204677463
0.963440061 -0.000232651 0.267923892 0.415033966 -0.002393148 0.999952257 0.009473942 0.003328788 -0.267913312 -0.009768755 0.963393509 1.408596992
0.948955953 -0.004076669 0.315382391 0.533576906 -0.001170381 0.999864101 0.016445925 0.001893940 -0.315406561 -0.015975574 0.948822141 1.623832941
0.931994617 -0.013552516 0.362218678 0.674463034 0.004970588 0.999684691 0.024614085 -0.005263137 -0.362438053 -0.021139756 0.931768060 1.840478420
0.910576284 -0.018478051 0.412927955 0.828767776 0.007161626 0.999555528 0.028936362 -0.004270055 -0.413279146 -0.023391524 0.910303891 2.060165167
0.885112822 -0.019801393 0.464955062 0.987288952 0.005061117 0.999444842 0.032929514 -0.000395615 -0.465349019 -0.026793137 0.884721696 2.280324936
0.856883109 -0.022514569 0.515019000 1.182267070 0.003769824 0.999292791 0.037412886 0.004331749 -0.515497088 -0.030116938 0.856361866 2.498852015
0.824153244 -0.026480623 0.565747380 1.374750733 0.003674553 0.999135315 0.041413061 0.014654696 -0.566354930 -0.032051839 0.823537946 2.716395855
0.788089454 -0.031783339 0.614739776 1.603813052 0.005399615 0.998984635 0.044727366 0.015973270 -0.615537286 -0.031929802 0.787460685 2.924962282
0.749749482 -0.035923723 0.660745800 1.850392222 0.006008756 0.998853743 0.047487982 0.021235351 -0.661694407 -0.031633835 0.749105990 3.135121107
0.709419370 -0.038295127 0.703745484 2.121931076 0.006370392 0.998830378 0.047930755 0.041718695 -0.704757869 -0.029519875 0.708833516 3.349208593
0.667054653 -0.040589605 0.743902266 2.403042793 0.005937689 0.998772621 0.049171820 0.049312748 -0.744985104 -0.028383227 0.666476965 3.556857347
0.624238014 -0.040849585 0.780165553 2.730226994 0.000770723 0.998663723 0.051673502 0.059692379 -0.781233847 -0.031655278 0.623435378 3.775312424
0.582398772 -0.040924404 0.811872482 3.076856375 -0.002265047 0.998646438 0.051964033 0.085614637 -0.812900126 -0.032102715 0.581517696 3.983587742
0.541815341 -0.042347439 0.839430094 3.448382378 -0.003991516 0.998589039 0.052953020 0.102758400 -0.840488076 -0.032041356 0.540881872 4.188772202
0.503160357 -0.044418193 0.863050818 3.849123955 -0.006116564 0.998470128 0.054953720 0.113065235 -0.864171445 -0.032929432 0.502118826 4.388370514
0.465598732 -0.043887332 0.883907080 4.321627617 -0.009175940 0.998476565 0.054409318 0.141509354 -0.884948373 -0.033443589 0.464486778 4.628669739
0.428376198 -0.042940572 0.902579546 4.778882027 -0.010471651 0.998567164 0.052477203 0.164032459 -0.903539836 -0.031931482 0.427312791 4.828025341
0.394643933 -0.041764155 0.917884469 5.268805981 -0.009315313 0.998733282 0.049447924 0.183641449 -0.918786883 -0.028064707 0.393754959 5.008286953
0.365869939 -0.039722126 0.929817915 5.781597614 -0.006895260 0.998945653 0.045388471 0.210062772 -0.930640519 -0.023017613 0.365210295 5.173391819
0.341058910 -0.038161431 0.939267039 6.325913906 -0.005645448 0.999074519 0.042641271 0.228486970 -0.940024972 -0.019845765 0.340527773 5.341996670
0.320702046 -0.037391804 0.946441770 6.896249771 -0.004454302 0.999149919 0.040983528 0.253909796 -0.947169602 -0.017359236 0.320262849 5.520885468
0.306045949 -0.037803061 0.951265931 7.495691299 -0.003341866 0.999162555 0.040781613 0.280543149 -0.952010810 -0.015660051 0.305663317 5.706945896
0.293993205 -0.039356399 0.954996943 8.119931221 -0.002333087 0.999119461 0.041892961 0.301953822 -0.955804646 -0.014544336 0.293642491 5.894757748
0.283874094 -0.040600479 0.958001614 8.769929886 -0.003846479 0.999046981 0.043479778 0.334385604 -0.958853841 -0.016027715 0.283447355 6.067160130
0.272911668 -0.043186396 0.961069286 9.438989639 -0.004875976 0.998916924 0.046271723 0.348962694 -0.962026775 -0.017314246 0.272405505 6.265420437
0.263033986 -0.044855095 0.963743329 10.140431404 -0.006102598 0.998821259 0.048153296 0.377402455 -0.964767396 -0.018547291 0.262450248 6.452987194
0.252586633 -0.046636865 0.966449738 10.848498344 -0.006565288 0.998732150 0.049910549 0.409438014 -0.967552066 -0.018951757 0.251960218 6.637774467
0.242365345 -0.047588203 0.969017208 11.594559669 -0.007008876 0.998684347 0.050798167 0.445057839 -0.970159769 -0.019103438 0.241712913 6.820113182
0.232644185 -0.049405709 0.971306205 12.366095543 -0.006966693 0.998598516 0.052462585 0.473088890 -0.972536981 -0.018971909 0.231973961 6.991346359
0.222276792 -0.052306000 0.973579526 13.142734528 -0.008370738 0.998420656 0.055551723 0.507520497 -0.974947691 -0.020497438 0.221487924 7.167169094
0.210799456 -0.055414725 0.975957394 13.929635048 -0.009819006 0.998221576 0.058799710 0.548753858 -0.977480054 -0.021977881 0.209880441 7.337165356
0.199106961 -0.059878919 0.978146672 14.727096558 -0.010646781 0.997940361 0.063257836 0.578919053 -0.979919910 -0.023009190 0.198059350 7.493164062
0.186749458 -0.061978519 0.980450511 15.504405975 -0.010838130 0.997817159 0.065140709 0.617280304 -0.982347786 -0.022791242 0.185670078 7.631083012
0.172339246 -0.062597275 0.983046651 16.315835953 -0.011977353 0.997771859 0.065634690 0.653764069 -0.984964848 -0.023085726 0.171205491 7.777029991
0.157780945 -0.061626352 0.985549271 17.130392075 -0.013154129 0.997831047 0.064500228 0.693869948 -0.987386465 -0.023140946 0.156628072 7.906871319
0.141839817 -0.060361236 0.988047540 17.949842453 -0.013774400 0.997922122 0.062941886 0.732513726 -0.989793777 -0.022537425 0.140713647 8.012184143
0.120981291 -0.058979712 0.990901113 18.784347534 -0.016774889 0.997969270 0.061448507 0.765730202 -0.992513061 -0.024056371 0.119746245 8.119717598
0.096455798 -0.057387777 0.993681490 19.588584900 -0.020450637 0.998011410 0.059622973 0.804226637 -0.995127141 -0.026072400 0.095090374 8.180496216
0.066070601 -0.056946866 0.996188581 20.427627563 -0.024416193 0.997978926 0.058668576 0.840142429 -0.997516096 -0.028199401 0.064546637 8.230787277
0.033287451 -0.057194036 0.997807980 21.271081924 -0.027151138 0.997940958 0.058107443 0.868948877 -0.999077022 -0.029025869 0.031666018 8.248356819
-0.000682973 -0.056461215 0.998404562 22.120805740 -0.028337771 0.998004913 0.056419231 0.900737643 -0.999598145 -0.028254030 -0.002281590 8.234936714
-0.035504255 -0.055130437 0.997847795 22.947822571 -0.029100653 0.998110831 0.054109555 0.931187034 -0.998945713 -0.027116902 -0.037041500 8.206997871
-0.068484545 -0.053207390 0.996232450 23.780811310 -0.030929148 0.998210073 0.051186841 0.953909457 -0.997172654 -0.027307110 -0.070007630 8.144496918
-0.101501644 -0.050224431 0.993566751 24.631059647 -0.033323132 0.998336017 0.047061268 0.982012391 -0.994277120 -0.028331958 -0.103006385 8.058185577
-0.134070516 -0.045836013 0.989911199 25.471523285 -0.030329527 0.998651564 0.042132981 1.000511765 -0.990507603 -0.024374751 -0.135279909 7.934263706
-0.165045604 -0.040072415 0.985471547 26.291318893 -0.025419973 0.999015212 0.036365841 1.013272643 -0.985958338 -0.019048639 -0.165901706 7.773373604
-0.194952250 -0.033792511 0.980230451 27.108312607 -0.018715885 0.999352515 0.030729434 1.024763346 -0.980634153 -0.012355106 -0.195458487 7.590068817
-0.223824412 -0.028122934 0.974223673 27.935050964 -0.012595334 0.999583602 0.025961269 1.032488108 -0.974548161 -0.006459905 -0.224085435 7.380630970
-0.251359791 -0.021991041 0.967643857 28.748867035 -0.003882536 0.999756694 0.021712303 1.035379410 -0.967885911 0.001700689 -0.251384020 7.144556522
-0.277691871 -0.011854294 0.960597098 29.557111740 0.002290976 0.999912798 0.013001758 1.027781487 -0.960667431 0.005811187 -0.277640551 6.891048908
-0.303024083 0.004020792 0.952974558 30.339782715 0.006716837 0.999975264 -0.002083298 1.016871691 -0.952959180 0.005769686 -0.303043574 6.630674362
-0.327941209 0.021381028 0.944456220 31.114906311 0.007988844 0.999770880 -0.019859321 0.995380998 -0.944664359 0.001032423 -0.328036815 6.352778435
-0.352982849 0.036050849 0.934934974 31.895298004 0.008193218 0.999338210 -0.035440885 0.963231802 -0.935593903 -0.004849898 -0.353044629 6.049554348
-0.377505720 0.046114974 0.924858272 32.658939362 0.011873795 0.998918235 -0.044961113 0.918211043 -0.925931036 -0.005991501 -0.377644897 5.727067471
-0.400610775 0.050507102 0.914855182 33.411407471 0.015354917 0.998709440 -0.048412662 0.869797111 -0.916119576 -0.005347108 -0.400869280 5.377423763
-0.423403352 0.050194871 0.904549658 34.156398773 0.018592810 0.998735011 -0.046718411 0.820986748 -0.905750453 -0.002962610 -0.423800975 5.028345108
-0.443685591 0.046068467 0.894997656 34.887237549 0.021682790 0.998937249 -0.040669579 0.771530747 -0.895920157 0.001361537 -0.444213033 4.654338837
-0.461744726 0.044280529 0.885906816 35.610424042 0.029065305 0.998972178 -0.034782730 0.721737385 -0.886536539 0.009688408 -0.462557137 4.265486717
-0.475055277 0.044918559 0.878808677 36.314674377 0.031266075 0.998927295 -0.034156762 0.679846942 -0.879400313 0.011250546 -0.475950152 3.869926453
-0.486535549 0.048890311 0.872291744 37.006797791 0.035292152 0.998717904 -0.036291461 0.630982578 -0.872947633 0.013127966 -0.487637252 3.482298136
-0.496442050 0.051320761 0.866551459 37.696571350 0.036017399 0.998608947 -0.038507614 0.587282836 -0.867322326 0.012094126 -0.497599900 3.079039812
-0.507025480 0.050825421 0.860431194 38.390956879 0.030392779 0.998693407 -0.041083001 0.538480699 -0.861395061 0.005320766 -0.507907748 2.678267717
-0.518168509 0.049613923 0.853838325 39.081413269 0.029848786 0.998756945 -0.039920382 0.495476127 -0.854757607 0.004800553 -0.519005299 2.266325474
-0.526928365 0.050968219 0.848380029 39.752761841 0.032081749 0.998681664 -0.040071949 0.451865971 -0.849304020 0.006102467 -0.527868807 1.843771338
-0.534187973 0.053587083 0.843665600 40.444122314 0.034229815 0.998541534 -0.041750867 0.408038706 -0.844672620 0.006575710 -0.535243094 1.402083755
-0.537445605 0.056513574 0.841402709 41.136653900 0.036066517 0.998379409 -0.044019587 0.361245126 -0.842526853 0.006688337 -0.538612843 0.955335319
-0.537600875 0.058134954 0.841192961 41.855663300 0.034542389 0.998301387 -0.046916917 0.319124252 -0.842491686 0.003834241 -0.538695872 0.511268914
-0.534054458 0.058880266 0.843397260 42.555778503 0.037348282 0.998241186 -0.046040803 0.273146927 -0.844624698 0.006911146 -0.535314202 0.059067164
-0.528096020 0.057663083 0.847224593 43.301620483 0.035068851 0.998321772 -0.046087634 0.221957013 -0.848460197 0.005372494 -0.529231966 -0.397824258
-0.520949483 0.056579899 0.851710260 44.062156677 0.033160165 0.998389125 -0.046041448 0.175805926 -0.852943122 0.004257588 -0.521986425 -0.856770694
-0.513844490 0.055872150 0.856061995 44.842132568 0.031263728 0.998433590 -0.046398435 0.123654075 -0.857313454 0.002922114 -0.514786422 -1.314892173
-0.507571518 0.054582659 0.859879017 45.627883911 0.029033264 0.998508155 -0.046244618 0.069111735 -0.861120462 0.001492646 -0.508398950 -1.771328211
-0.503408194 0.052467253 0.862454176 46.428142548 0.024643725 0.998620450 -0.046366539 0.020960918 -0.863697171 -0.002087214 -0.504006803 -2.224945068
-0.502918363 0.049490366 0.862915874 47.263084412 0.019815613 0.998757184 -0.045732412 -0.029002985 -0.864106715 -0.005900466 -0.503274024 -2.685222864
-0.503006637 0.046699725 0.863019884 48.098827362 0.017243162 0.998882592 -0.044001441 -0.091798693 -0.864110529 -0.007251824 -0.503249764 -3.166065693
-0.504064918 0.045518409 0.862465441 48.944503784 0.016541077 0.998935878 -0.043053538 -0.148046732 -0.863507390 -0.007435672 -0.504281282 -3.652029753
-0.504402637 0.044750210 0.862308204 49.806835175 0.015655456 0.998965919 -0.042684600 -0.198540539 -0.863326669 -0.008030396 -0.504581630 -4.153680801
-0.504487991 0.044439889 0.862274349 50.677711487 0.015682334 0.998981416 -0.042310286 -0.249885291 -0.863276303 -0.007822556 -0.504671037 -4.659798145
-0.504919827 0.043290474 0.862080038 51.551540375 0.015542008 0.999035597 -0.041064933 -0.305118859 -0.863026440 -0.007336044 -0.505105674 -5.160645008
-0.504913747 0.043209676 0.862087548 52.438655853 0.015544266 0.999039471 -0.040969916 -0.359619409 -0.863029778 -0.007285756 -0.505100548 -5.677373409
-0.505463183 0.041587826 0.861845374 53.334445953 0.013214471 0.999093771 -0.040460519 -0.412249953 -0.862747014 -0.009062471 -0.505554676 -6.193482876
-0.505251229 0.040744655 0.862010062 54.215766907 0.012517463 0.999125659 -0.039888836 -0.471381605 -0.862881541 -0.009363699 -0.505319476 -6.702906609
-0.504838169 0.039823163 0.862295032 55.105464935 0.011099272 0.999152184 -0.039645441 -0.528986812 -0.863142669 -0.010443684 -0.504852176 -7.213853836
-0.503494620 0.038366530 0.863146007 55.982593536 0.010896920 0.999216080 -0.038058348 -0.585263491 -0.863929629 -0.009756541 -0.503518045 -7.725289345
-0.501139998 0.036392007 0.864600658 56.869087219 0.010988778 0.999302328 -0.035692442 -0.640508533 -0.865296483 -0.008386003 -0.501190364 -8.239296913
-0.498982668 0.034628291 0.865919828 57.765617371 0.011327760 0.999376595 -0.033437677 -0.700786054 -0.866537929 -0.006875887 -0.499063849 -8.746300697
-0.496218801 0.034644499 0.867506027 58.652626038 0.011740433 0.999379933 -0.033195388 -0.750772059 -0.868118107 -0.006287275 -0.496317863 -9.252087593
-0.494345933 0.034595292 0.868576586 59.536540985 0.011570545 0.999381065 -0.033219904 -0.806419015 -0.869188309 -0.006372215 -0.494440198 -9.747733116
-0.493382812 0.035243090 0.869098127 60.416511536 0.011637797 0.999356866 -0.033918545 -0.858802676 -0.869734406 -0.006620438 -0.493475705 -10.246244431
-0.494119942 0.036906805 0.868610024 61.293479919 0.011640613 0.999289870 -0.035837416 -0.912143469 -0.869315803 -0.007596827 -0.494198650 -10.742140770
-0.497392118 0.038337484 0.866678298 62.167587280 0.009602993 0.999205232 -0.038688589 -0.970202088 -0.867472649 -0.010920694 -0.497364968 -11.227815628
-0.502034903 0.038656797 0.863982975 63.038635254 0.008282775 0.999169648 -0.039892506 -1.029112697 -0.864807725 -0.012871254 -0.501938224 -11.725474358
-0.507188618 0.037260361 0.861029267 63.901546478 0.009873036 0.999250650 -0.037426073 -1.085361838 -0.861778557 -0.010481105 -0.507176459 -12.235923767
-0.512697458 0.034989316 0.857855976 64.756843567 0.010845814 0.999353409 -0.034278557 -1.138796329 -0.858500898 -0.008270384 -0.512745500 -12.746591568
-0.518591881 0.032471355 0.854405105 65.622642517 0.008550286 0.999425709 -0.032793097 -1.195837975 -0.854979157 -0.009700827 -0.518571675 -13.246822357
-0.523709714 0.035899546 0.851140082 66.472412109 0.010836489 0.999311626 -0.035481416 -1.247484207 -0.851827800 -0.009358593 -0.523738325 -13.766273499
-0.528705478 0.037419058 0.847980142 67.311378479 0.010744379 0.999242783 -0.037394866 -1.296002388 -0.848737359 -0.010659851 -0.528707147 -14.285991669
-0.534046948 0.038319957 0.844585896 68.138313293 0.009503912 0.999181271 -0.039324645 -1.350064993 -0.845401406 -0.012974336 -0.533973873 -14.791176796
-0.536720991 0.038496654 0.842881083 68.935012817 0.008556491 0.999155521 -0.040185619 -1.406271458 -0.843716323 -0.014356366 -0.536597311 -15.316371918
-0.539908588 0.038388446 0.840847850 69.744338989 0.010100584 0.999182999 -0.039131559 -1.457336903 -0.841663063 -0.012634411 -0.539855242 -15.838470459
-0.541987658 0.031180665 0.839807808 70.573234558 0.010416140 0.999483943 -0.030386899 -1.504832745 -0.840321779 -0.007721769 -0.542032838 -16.371273041
-0.544669926 0.021663459 0.838370681 71.390983582 0.008589140 0.999758005 -0.020253530 -1.556215763 -0.838606536 -0.003830607 -0.544724166 -16.894849777
-0.546992064 0.020503031 0.836886704 72.209014893 0.009716657 0.999788225 -0.018143142 -1.593425751 -0.837081432 -0.001792413 -0.547075450 -17.416801453
-0.547529399 0.025273046 0.836404741 73.003326416 0.010026033 0.999670148 -0.023643056 -1.632516980 -0.836726367 -0.004559448 -0.547602236 -17.938409805
-0.549393058 0.031504191 0.834969878 73.802742004 0.011066135 0.999475718 -0.030429857 -1.669829845 -0.835490763 -0.007478064 -0.549453616 -18.443670273
-0.548975170 0.034919862 0.835108876 74.579216003 0.017275704 0.999387503 -0.030432608 -1.720827103 -0.835660100 -0.002279653 -0.549242198 -18.979537964
-0.548646510 0.036534891 0.835255742 75.371162415 0.020795243 0.999332011 -0.030052168 -1.764522552 -0.835795760 0.000881329 -0.549039721 -19.512718201
-0.548470795 0.033043034 0.835516572 76.174896240 0.019236274 0.999453008 -0.026898840 -1.804612279 -0.835948527 0.001318998 -0.548806250 -20.027561188
-0.547430396 0.028530456 0.836364746 76.962348938 0.017832758 0.999589503 -0.022426279 -1.838098884 -0.836661220 0.002637864 -0.547714412 -20.549884796
-0.547324121 0.020602368 0.836667120 77.756835938 0.015069583 0.999777436 -0.014760757 -1.892330527 -0.836785018 0.004529303 -0.547512770 -21.046394348
-0.547554076 0.015528333 0.836626232 78.594032288 0.006733512 0.999877214 -0.014151440 -1.922985792 -0.836743355 -0.002115246 -0.547591329 -21.559785843
-0.545799613 0.010355842 0.837851822 79.391510010 -0.001236554 0.999912620 -0.013164439 -1.943949819 -0.837914824 -0.008221194 -0.545739114 -22.062818527
-0.543577433 0.011465617 0.839280725 80.172378540 0.002736020 0.999925673 -0.011888186 -1.976117969 -0.839354575 -0.004165860 -0.543568313 -22.572662354
-0.540898979 0.014336206 0.840965390 80.956665039 0.007519486 0.999897182 -0.012209124 -2.019467354 -0.841053903 -0.000280276 -0.540951192 -23.069967270
-0.535789490 0.017586699 0.844168425 81.762786865 0.009083421 0.999845266 -0.015064740 -2.037229061 -0.844302714 -0.000403593 -0.535866380 -23.574607849
-0.527425706 0.020530796 0.849353075 82.554710388 0.015074533 0.999776661 -0.014805996 -2.063773394 -0.849467397 0.004994537 -0.527617455 -24.083251953
-0.519425452 0.023879645 0.854182065 83.346138000 0.022676514 0.999642551 -0.014156645 -2.098376036 -0.854214907 0.012016552 -0.519781351 -24.570661545
-0.510338426 0.023223577 0.859660029 84.146690369 0.019422246 0.999691486 -0.015476462 -2.117334127 -0.859754324 0.008798296 -0.510632038 -25.028335571
-0.498253435 0.020878969 0.866780043 84.969551086 0.016233001 0.999759436 -0.014750915 -2.136721373 -0.866879463 0.006720748 -0.498472512 -25.508111954
-0.487521648 0.016946444 0.872946441 85.759582520 0.018216496 0.999791384 -0.009235358 -2.185358763 -0.872920811 0.011399590 -0.487728685 -25.932569504
-0.476698130 0.016099073 0.878919661 86.573287964 0.017757284 0.999804616 -0.008682322 -2.212823153 -0.878887773 0.011468379 -0.476890892 -26.365377426
-0.465306193 0.015224278 0.885018826 87.382690430 0.017864080 0.999809980 -0.007806746 -2.233640671 -0.884969532 0.012177520 -0.465489745 -26.774360657
-0.452696174 0.016864326 0.891505361 88.214607239 0.019517228 0.999769032 -0.009001691 -2.253530979 -0.891451180 0.013324683 -0.452920794 -27.203439713
-0.441284478 0.019881336 0.897147000 89.053260803 0.017432781 0.999755800 -0.013580456 -2.282794714 -0.897197902 0.009646922 -0.441523314 -27.606048584
-0.429983616 0.029214690 0.902363837 89.875816345 0.020386131 0.999535620 -0.022646541 -2.312545776 -0.902606487 0.008658066 -0.430379540 -27.992687225
-0.417026490 0.033653799 0.908271074 90.709014893 0.019924214 0.999412656 -0.027882762 -2.344940662 -0.908675909 0.006468737 -0.417452008 -28.375207901
-0.405735284 0.029798731 0.913504720 91.560966492 0.016734017 0.999542952 -0.025172865 -2.379196405 -0.913837433 0.005073083 -0.406048536 -28.752410889
-0.394271493 0.025975408 0.918626845 92.402244568 0.014043341 0.999654055 -0.022239212 -2.411231995 -0.918886721 0.004132303 -0.394499898 -29.102483749
-0.384006202 0.026730934 0.922943473 93.239158630 0.011158354 0.999642253 -0.024309717 -2.451043844 -0.923263133 0.000963447 -0.384167075 -29.444952011
-0.377239823 0.030716538 0.925606132 94.087287903 0.006523451 0.999513209 -0.030510474 -2.497414351 -0.926092684 -0.005471619 -0.377256602 -29.776767731
-0.372705460 0.035425812 0.927273214 94.927246094 -0.000041105 0.999270380 -0.038192928 -2.537224770 -0.927949727 -0.014272830 -0.372432023 -30.098491669
-0.369385093 0.037532520 0.928518116 95.770561218 -0.002937403 0.999131858 -0.041555423 -2.583221436 -0.929271817 -0.018077385 -0.368954182 -30.422866821
-0.365167588 0.037500475 0.930186212 96.615898132 -0.002828995 0.999139011 -0.041390900 -2.639184237 -0.930937529 -0.017746108 -0.364747077 -30.752357483
-0.361037374 0.037286013 0.931805611 97.436126709 -0.005374299 0.999100566 -0.042061135 -2.684191942 -0.932535827 -0.020193446 -0.360512316 -31.051877975
-0.354998261 0.033176195 0.934278071 98.283676147 -0.007929209 0.999227226 -0.038495418 -2.732923746 -0.934833348 -0.021073891 -0.354460895 -31.368721008
-0.349829286 0.029171752 0.936359167 99.135620117 -0.008447161 0.999376178 -0.034290921 -2.782751083 -0.936775386 -0.019905545 -0.349364638 -31.680065155
-0.344154090 0.026148358 0.938549042 99.979103088 -0.010783494 0.999436140 -0.031798873 -2.827785969 -0.938851357 -0.021064550 -0.343678087 -31.979585648
-0.338308096 0.024187159 0.940724552 100.835304260 -0.018671537 0.999300301 -0.032407966 -2.877040386 -0.940850258 -0.028528649 -0.337619752 -32.272209167
-0.332264215 0.024511103 0.942867815 101.686691284 -0.026100999 0.999040484 -0.035169303 -2.918106079 -0.942825079 -0.036295295 -0.331305653 -32.550861359
-0.325696826 0.028615993 0.945041120 102.527542114 -0.024263153 0.998959720 -0.038610652 -2.965232849 -0.945162952 -0.035505045 -0.324663699 -32.833572388
-0.318560541 0.031933002 0.947364509 103.372817993 -0.022853080 0.998883128 -0.041354124 -3.010548592 -0.947627068 -0.034823991 -0.317474961 -33.117797852
-0.311870575 0.030370586 0.949639082 104.246437073 -0.024236558 0.998909473 -0.039905831 -3.055631638 -0.949815392 -0.035461437 -0.310794353 -33.398418427
-0.305347949 0.025481351 0.951899886 105.100791931 -0.024659531 0.999095082 -0.034654938 -3.102833509 -0.951921523 -0.034055214 -0.304443270 -33.659942627
-0.297450453 0.022750750 0.954466105 105.975196838 -0.025454698 0.999171615 -0.031749070 -3.153346777 -0.954397857 -0.033739422 -0.296624899 -33.938358307
-0.291147649 0.026036754 0.956323743 106.830215454 -0.028058352 0.998967111 -0.035739969 -3.193420649 -0.956266582 -0.037238482 -0.290116370 -34.189933777
-0.284928411 0.028726352 0.958118260 107.686401367 -0.027456006 0.998896062 -0.038113918 -3.241077185 -0.958155513 -0.037165835 -0.283825248 -34.434474945
-0.278359860 0.029181244 0.960033476 108.540672302 -0.029944275 0.998788714 -0.039041538 -3.286894083 -0.960009933 -0.039615102 -0.277148932 -34.670372009
-0.271132082 0.028879667 0.962108791 109.403526306 -0.029700121 0.998822808 -0.038351506 -3.333308458 -0.962083817 -0.038973071 -0.269955188 -34.909103394
-0.262908608 0.028776830 0.964391470 110.263153076 -0.025143962 0.999011338 -0.036664505 -3.382633924 -0.964493036 -0.033888038 -0.261925101 -35.144180298
-0.255227298 0.029982843 0.966416061 111.118019104 -0.022404497 0.999067307 -0.036912795 -3.426894426 -0.966621399 -0.031073226 -0.254317522 -35.370414734
-0.248230532 0.030849246 0.968209684 111.978172302 -0.021080730 0.999084115 -0.037237670 -3.472290277 -0.968471587 -0.029654093 -0.247352839 -35.589912415
-0.242334366 0.029424492 0.969746470 112.850891113 -0.027808443 0.998918653 -0.037258834 -3.518622875 -0.969794154 -0.035996228 -0.241254076 -35.780582428
-0.236439079 0.027181560 0.971265972 113.714797974 -0.032470841 0.998829305 -0.035857439 -3.569998026 -0.971103549 -0.040015925 -0.235279649 -35.977161407
-0.232092127 0.027690835 0.972299635 114.584312439 -0.029832046 0.998921812 -0.035570074 -3.608142853 -0.972236156 -0.037261222 -0.231015846 -36.175758362
-0.226776600 0.028155940 0.973539650 115.467292786 -0.027028367 0.999015152 -0.035188716 -3.655971289 -0.973571658 -0.034293167 -0.225792289 -36.391445160
-0.221890002 0.029746477 0.974617779 116.337318420 -0.026284799 0.998988867 -0.036474533 -3.696879148 -0.974717319 -0.033710971 -0.220883772 -36.586585999
-0.215707645 0.028903767 0.976030111 117.202720642 -0.020207208 0.999215603 -0.034056272 -3.740464926 -0.976248860 -0.027069042 -0.214954406 -36.779975891
-0.210815549 0.027956899 0.977125943 118.071014404 -0.013291400 0.999416590 -0.031462293 -3.778287172 -0.977435470 -0.019620117 -0.210320964 -36.966815948
-0.206226185 0.026750233 0.978138626 118.935852051 -0.012088426 0.999480307 -0.029882552 -3.826663017 -0.978429675 -0.017986722 -0.205795646 -37.140457153
-0.201928586 0.028301939 0.978991270 119.805847168 -0.013896964 0.999399006 -0.031758323 -3.867879868 -0.979301631 -0.020017922 -0.201413900 -37.313171387
-0.198461279 0.030186333 0.979643822 120.674148560 -0.015351414 0.999307215 -0.033902206 -3.909408808 -0.979988515 -0.021767192 -0.197860420 -37.484443665
-0.196253791 0.029828208 0.980099380 121.546615601 -0.017668968 0.999267340 -0.033949573 -3.951807976 -0.980393946 -0.023980075 -0.195582971 -37.657188416
-0.196080357 0.028703822 0.980167627 122.453460693 -0.018000476 0.999297619 -0.032864995 -3.995201826 -0.980422616 -0.024087666 -0.195425957 -37.822860718
-0.194811478 0.023945557 0.980548441 123.328193665 -0.016949223 0.999470413 -0.027775055 -4.035563469 -0.980694234 -0.022030434 -0.194302469 -37.998783112
-0.193694115 0.019387199 0.980870426 124.200195312 -0.018254127 0.999560416 -0.023361288 -4.070642948 -0.980892181 -0.022429878 -0.193255082 -38.165580750
-0.193142548 0.017377365 0.981016755 125.077980042 -0.016967319 0.999634504 -0.021047678 -4.113514423 -0.981023967 -0.020710427 -0.192777082 -38.330230713
-0.191763222 0.021663330 0.981202126 125.926864624 -0.017544577 0.999521017 -0.025496641 -4.151072979 -0.981284380 -0.022104090 -0.191291258 -38.494430542
-0.191866204 0.026139259 0.981072843 126.787933350 -0.016915144 0.999408722 -0.029935842 -4.184463978 -0.981275320 -0.022338666 -0.191310585 -38.658912659
-0.192778319 0.024865042 0.980927289 127.643470764 -0.021534974 0.999330938 -0.029563745 -4.220462322 -0.981005967 -0.026823491 -0.192113861 -38.807765961
-0.190913066 0.023930008 0.981315196 128.499862671 -0.021084568 0.999372125 -0.028472301 -4.270340443 -0.981380463 -0.026126340 -0.190288663 -38.982753754
-0.189460814 0.025117455 0.981566966 129.341506958 -0.016253605 0.999455512 -0.028712461 -4.307625294 -0.981753707 -0.021393890 -0.188949436 -39.155422211
-0.189080417 0.027675001 0.981571555 130.182006836 -0.019423630 0.999301791 -0.031916481 -4.339694977 -0.981769443 -0.025100464 -0.188410863 -39.309051514
-0.189850435 0.028312894 0.981404662 131.007507324 -0.026888490 0.999059260 -0.034023736 -4.387486458 -0.981444776 -0.032847911 -0.188910529 -39.448604584
-0.188965648 0.029895844 0.981528521 131.843811035 -0.032738436 0.998789072 -0.036724437 -4.431192398 -0.981437862 -0.039073363 -0.187758058 -39.597633362
-0.188428164 0.033651318 0.981510222 132.667572021 -0.029169813 0.998780072 -0.039843373 -4.476511478 -0.981653690 -0.036138080 -0.187216669 -39.755619049
-0.188737929 0.034380671 0.981425464 133.481613159 -0.028750466 0.998765111 -0.040517110 -4.524974346 -0.981606543 -0.035863556 -0.187516406 -39.902805328
-0.186768368 0.035355374 0.981767535 134.306854248 -0.029834246 0.998687148 -0.041640256 -4.571002007 -0.981950819 -0.037067380 -0.185468391 -40.057491302
-0.184690103 0.035023917 0.982172489 135.130935669 -0.021064807 0.998994112 -0.039584845 -4.616890430 -0.982571006 -0.028000204 -0.183766559 -40.217288971
-0.180978164 0.031840630 0.982971549 135.947525024 -0.015285781 0.999263942 -0.035182703 -4.663935661 -0.983368337 -0.021392787 -0.180358261 -40.377220154
-0.179204062 0.026988503 0.983441651 136.760208130 -0.012041175 0.999488652 -0.029623037 -4.708211422 -0.983738303 -0.017150359 -0.178787455 -40.524143219
-0.175590187 0.026662620 0.984102249 137.573196411 -0.009672399 0.999538183 -0.028806647 -4.748091698 -0.984415829 -0.014576796 -0.175251245 -40.668216705
-0.170337975 0.031714760 0.984875202 138.373870850 -0.007999516 0.999404430 -0.033566173 -4.792743206 -0.985353291 -0.013596118 -0.169982851 -40.809638977
-0.164116755 0.034768756 0.985827982 139.175918579 -0.008516829 0.999291480 -0.036661442 -4.832970142 -0.986404121 -0.014412884 -0.163704351 -40.935852051
-0.156100690 0.035681054 0.987096488 139.975158691 -0.008668855 0.999259353 -0.037491612 -4.868268490 -0.987703085 -0.014409463 -0.155675754 -41.055171967
-0.146549076 0.031298269 0.988708138 140.775070190 -0.007486444 0.999435604 -0.032747515 -4.906383514 -0.989175022 -0.012201026 -0.146232098 -41.167697906
-0.134812981 0.029690901 0.990426123 141.567855835 -0.004202869 0.999524891 -0.030535737 -4.949017048 -0.990862131 -0.008279246 -0.134624138 -41.273529053
-0.120996930 0.032706071 0.992113948 142.359878540 -0.000026597 0.999456942 -0.032951385 -4.983337879 -0.992652893 -0.004013404 -0.120930351 -41.367977142
-0.106800772 0.033779342 0.993706465 143.146209717 -0.000371123 0.999421239 -0.034013499 -5.021512032 -0.994280398 -0.004001455 -0.106726415 -41.447822571
-0.092759468 0.033836320 0.995113432 143.931396484 0.000519979 0.999423921 -0.033934411 -5.060898781 -0.995688379 -0.002630300 -0.092723653 -41.517826080
-0.079357706 0.035636041 0.996208966 144.710876465 0.001339409 0.999363720 -0.035642188 -5.102316856 -0.996845305 -0.001494152 -0.079354957 -41.574295044
-0.065558650 0.041705303 0.996976793 145.480743408 -0.001627324 0.999120533 -0.041901980 -5.153339863 -0.997847378 -0.004369441 -0.065433115 -41.615722656
-0.052807420 0.050989397 0.997302055 146.244613647 -0.008721848 0.998633981 -0.051519312 -5.197221756 -0.998566628 -0.011418919 -0.052290559 -41.640377045
-0.039271899 0.058835402 0.997494936 147.005035400 -0.012971519 0.998150885 -0.059384786 -5.245949745 -0.999144316 -0.015271178 -0.038436096 -41.653964996
-0.026074937 0.059549209 0.997884750 147.769256592 -0.013668860 0.998109639 -0.059919789 -5.296148300 -0.999566555 -0.015202351 -0.025211671 -41.666675568
-0.014234383 0.055684332 0.998346865 148.534713745 -0.017398376 0.998283267 -0.055928834 -5.352288246 -0.999747336 -0.018165730 -0.013241126 -41.662487030
-0.003501236 0.053128310 0.998581469 149.299102783 -0.021011757 0.998363316 -0.053190365 -5.410965443 -0.999773145 -0.021168184 -0.002379183 -41.651802063
0.004992954 0.059764475 0.998199999 150.057296753 -0.025255840 0.997901559 -0.059620276 -5.469987392 -0.999668479 -0.024912700 0.006491879 -41.631366730
0.011920708 0.067613505 0.997640312 150.803771973 -0.028694425 0.997323513 -0.067249164 -5.523915291 -0.999517083 -0.027825058 0.013828933 -41.612743378
0.014705389 0.070571490 0.997398317 151.551132202 -0.031036098 0.997057855 -0.070089802 -5.578190327 -0.999410093 -0.029924657 0.016852386 -41.589576721
0.014421531 0.066050075 0.997712076 152.305160522 -0.033281978 0.997294664 -0.065541372 -5.637601852 -0.999341965 -0.032260627 0.016580792 -41.569271088
0.012871246 0.061788600 0.998006284 153.061645508 -0.035159461 0.997499645 -0.061303798 -5.703481197 -0.999298871 -0.034300301 0.015011517 -41.555358887
0.009485178 0.058934383 0.998216808 153.812072754 -0.035152636 0.997664332 -0.058567740 -5.755670071 -0.999336958 -0.034534421 0.011534723 -41.541885376
0.007253190 0.059147116 0.998222947 154.557723999 -0.033423189 0.997705758 -0.058873616 -5.808050632 -0.999414980 -0.032936774 0.009213435 -41.540885925
0.003190719 0.059215538 0.998240113 155.297607422 -0.032061595 0.997738123 -0.059083268 -5.863412857 -0.999480844 -0.031816654 0.005082045 -41.533248901
-0.001533089 0.058225758 0.998302221 156.033508301 -0.032575134 0.997770727 -0.058244780 -5.914755821 -0.999468088 -0.032609124 0.000367041 -41.527252197
-0.006649517 0.058344178 0.998274326 156.771728516 -0.033007611 0.997739613 -0.058532797 -5.965749264 -0.999432921 -0.033339858 -0.004708685 -41.529674530
-0.012226687 0.056471962 0.998329282 157.513656616 -0.034402151 0.997789145 -0.056862734 -6.018249035 -0.999333262 -0.035039917 -0.010256899 -41.535720825
-0.018379651 0.053925380 0.998375773 158.261688232 -0.031862587 0.998005688 -0.054491967 -6.078071117 -0.999323249 -0.032812387 -0.016624790 -41.549423218
-0.024019614 0.053839687 0.998260617 158.992019653 -0.032710709 0.997971714 -0.054611176 -6.127339363 -0.999176204 -0.033965550 -0.022209760 -41.561710358
-0.029662304 0.055450272 0.998020709 159.714401245 -0.034915797 0.997793198 -0.056475367 -6.175329685 -0.998950005 -0.036521886 -0.027660755 -41.571464539
-0.032795571 0.057445005 0.997809887 160.450531006 -0.034075934 0.997702122 -0.058558803 -6.234550953 -0.998881042 -0.035921764 -0.030762715 -41.599620819
-0.035334185 0.059673574 0.997592390 161.168685913 -0.034088023 0.997562885 -0.060879190 -6.288881779 -0.998794079 -0.036157072 -0.033213913 -41.623439789
-0.036636718 0.061192799 0.997453392 161.885848999 -0.031048568 0.997571707 -0.062340498 -6.342180729 -0.998846233 -0.033253446 -0.034647807 -41.654045105
-0.035519298 0.059778966 0.997579515 162.610305786 -0.027991015 0.997758329 -0.060786311 -6.394555569 -0.998976946 -0.030082349 -0.033766396 -41.683204651
-0.031761456 0.055686302 0.997942924 163.330093384 -0.023962555 0.998117328 -0.056458689 -6.454976082 -0.999208212 -0.025706474 -0.030367272 -41.703529358
-0.024196642 0.055394493 0.998171329 164.032501221 -0.023061102 0.998166978 -0.055953283 -6.510279179 -0.999441266 -0.024372812 -0.022874832 -41.717601776
-0.012950915 0.056164443 0.998337448 164.727462769 -0.020273985 0.998201191 -0.056419782 -6.561128139 -0.999710619 -0.020970969 -0.011788940 -41.719791412
0.000899512 0.056298237 0.998413503 165.417648315 -0.018681908 0.998240829 -0.056271657 -6.611037731 -0.999825120 -0.018601652 0.001949691 -41.711193085
0.016586347 0.054075081 0.998399079 166.094711304 -0.019057367 0.998372197 -0.053757031 -6.658514977 -0.999680817 -0.018135231 0.017589871 -41.694168091
0.032407369 0.049070306 0.998269439 166.777557373 -0.024003331 0.998544216 -0.048304580 -6.705054283 -0.999186575 -0.022396365 0.033538040 -41.652568817
0.049028449 0.042311013 0.997900784 167.462249756 -0.025225459 0.998835981 -0.041111309 -6.749090195 -0.998478770 -0.023156881 0.050038703 -41.608634949
0.065944709 0.035374757 0.997196019 168.133529663 -0.025300333 0.999109387 -0.033769518 -6.782104492 -0.997502446 -0.023002466 0.066780955 -41.551582336
0.083580017 0.027792750 0.996113420 168.806716919 -0.025601055 0.999340892 -0.025734721 -6.815984726 -0.996172190 -0.023350645 0.084236465 -41.484203339
0.100578323 0.022368042 0.994677663 169.465728760 -0.027453914 0.999428988 -0.019698845 -6.844741821 -0.994550288 -0.025326518 0.101134986 -41.403102875
0.118146621 0.019995937 0.992794812 170.098648071 -0.029337399 0.999431074 -0.016638331 -6.874670029 -0.992562711 -0.027160259 0.118666030 -41.310928345
0.136086404 0.018450769 0.990525186 170.744125366 -0.027855983 0.999502540 -0.014790911 -6.897764206 -0.990305305 -0.025579209 0.136532664 -41.212860107
0.153509319 0.017973050 0.987983763 171.383499146 -0.028747592 0.999492526 -0.013715718 -6.915789127 -0.987728953 -0.026296666 0.153948098 -41.100608826
0.169019431 0.017327860 0.985460401 172.009155273 -0.034899350 0.999323666 -0.011585927 -6.935785294 -0.984994590 -0.032433685 0.169509843 -40.970836639
0.183673427 0.013767282 0.982890904 172.637435913 -0.036911704 0.999293208 -0.007099318 -6.953417778 -0.982294023 -0.034976222 0.184051797 -40.839366913
0.195562661 0.010002826 0.980640113 173.260864258 -0.033538081 0.999431312 -0.003506219 -6.969148636 -0.980117559 -0.032203112 0.195786908 -40.708461761
0.206875980 0.008807343 0.978327453 173.878341675 -0.031445976 0.999502718 -0.002348442 -6.984016895 -0.977861643 -0.030278632 0.207050025 -40.578323364
0.216336548 0.012813441 0.976234734 174.479278564 -0.036134057 0.999333918 -0.005109208 -6.999827385 -0.975649953 -0.034170013 0.216655433 -40.427345276
0.225558832 0.019882075 0.974026620 175.071914673 -0.040070131 0.999134958 -0.011115413 -7.017316818 -0.973405123 -0.036522191 0.226160377 -40.275772095
0.234691530 0.029489487 0.971622467 175.657165527 -0.039473686 0.999004364 -0.020785837 -7.036523342 -0.971268117 -0.033475254 0.235621929 -40.131229401
0.242709666 0.034975749 0.969468296 176.249908447 -0.034375217 0.999032319 -0.027436383 -7.058806419 -0.969489753 -0.026666613 0.243677080 -39.979881287
0.248813316 0.033082701 0.967986345 176.850936890 -0.034747776 0.999077916 -0.025213676 -7.078182220 -0.967927992 -0.027361870 0.249733478 -39.815006256
0.254721373 0.026028993 0.966664135 177.456665039 -0.038019277 0.999134362 -0.016885012 -7.089651108 -0.966266811 -0.032450903 0.255490512 -39.643722534
0.258953631 0.015318464 0.965768278 178.070877075 -0.041806608 0.999114931 -0.004637690 -7.111688614 -0.964984596 -0.039174549 0.259364814 -39.465156555
0.260830373 0.007534669 0.965355277 178.677139282 -0.041984163 0.999111950 0.003545604 -7.128260136 -0.964471281 -0.041454434 0.260915071 -39.293502808
0.261827856 0.006474475 0.965092838 179.282669067 -0.038910024 0.999235272 0.003852692 -7.145725727 -0.964329958 -0.038560532 0.261879563 -39.129726410
0.263134301 0.008578845 0.964721084 179.881805420 -0.035129700 0.999382496 0.000694796 -7.152620792 -0.964119375 -0.034073193 0.263273269 -38.969570160
0.265081704 0.008227571 0.964190841 180.488082886 -0.031430572 0.999505937 0.000112182 -7.154997826 -0.963713527 -0.030334810 0.265209347 -38.807830811
0.266978294 0.005713299 0.963685572 181.095611572 -0.033625107 0.999428809 0.003390255 -7.160748959 -0.963115692 -0.033309158 0.267017931 -38.635288239
0.268787235 0.002579738 0.963196158 181.689117432 -0.034658119 0.999374688 0.006994980 -7.162954807 -0.962575853 -0.035262730 0.268708587 -38.444461823
0.272031784 -0.002309513 0.962285519 182.316864014 -0.034312807 0.999337792 0.012098447 -7.171043873 -0.961676300 -0.036309876 0.271772414 -38.268375397
0.276643783 -0.005211133 0.960958481 182.939559937 -0.032795679 0.999351621 0.014860657 -7.172384739 -0.960412741 -0.035626389 0.276293457 -38.090473175
0.282464415 -0.007661786 0.959247291 183.550155640 -0.030712612 0.999383211 0.017026145 -7.170854568 -0.958785951 -0.034270268 0.282054842 -37.900543213
0.289867878 -0.010412462 0.957010031 184.168121338 -0.029372603 0.999373019 0.019770019 -7.167577744 -0.956615865 -0.033840567 0.289380312 -37.702560425
0.300456136 -0.012406525 0.953715026 184.782333374 -0.027006369 0.999403834 0.021508902 -7.173010826 -0.953413129 -0.032218866 0.299942017 -37.512298584
0.311661035 -0.010378946 0.950136662 185.397766113 -0.028428474 0.999390841 0.020242004 -7.173652172 -0.949767947 -0.033319581 0.311176151 -37.301265717
0.323217273 -0.006669818 0.946301281 186.010116577 -0.029677857 0.999411821 0.017180884 -7.171687126 -0.945859253 -0.033637356 0.322829217 -37.080654144
0.335159451 -0.003753747 0.942153871 186.624237061 -0.030521408 0.999423921 0.014839528 -7.171300411 -0.941666901 -0.033729471 0.334851801 -36.855953217
0.346886784 -0.003338006 0.937901020 187.243103027 -0.028942838 0.999479234 0.014261798 -7.165028095 -0.937460363 -0.032092750 0.346609563 -36.624485016
0.358404160 -0.006247680 0.933545589 187.873535156 -0.027807780 0.999462366 0.017364707 -7.160040855 -0.933152258 -0.032183416 0.358037770 -36.378677368
