1.000000000 0.000000000 0.000000000 0.000000000 0.000000000 1.000000000 0.000000000 0.000000000 0.000000000 0.000000000 1.000000000 0.000000000
1.000000000 -0.000110251 0.000084313 -0.012875123 0.000110131 0.999998987 0.001425936 -0.013089066 -0.000084470 -0.001425927 0.999998987 1.318566084
0.999998868 -0.001458950 -0.000250677 -0.022788564 0.001459423 0.999997139 0.001893865 -0.040372964 0.000247913 -0.001894228 0.999998152 2.629806519
0.999995768 -0.002872822 -0.000335438 -0.029256100 0.002873129 0.999995470 0.000917896 -0.056540776 0.000332799 -0.000918856 0.999999523 3.943499088
0.999995708 -0.002923353 -0.000368192 -0.037633795 0.002923743 0.999995232 0.001063204 -0.076279253 0.000365082 -0.001064276 0.999999404 5.259676933
0.999993861 -0.003470432 -0.000284360 -0.041751534 0.003470973 0.999992132 0.001922808 -0.099715158 0.000277685 -0.001923783 0.999998093 6.604735851
0.999987304 -0.005014981 0.000199280 -0.056726132 0.005014327 0.999982417 0.003157606 -0.117731765 -0.000215112 -0.003156567 0.999994934 7.912919998
0.999990284 -0.004397854 -0.000106017 -0.060672320 0.004398205 0.999983907 0.003575933 -0.135607824 0.000090289 -0.003576365 0.999993563 9.261000633
0.999993503 -0.003554671 -0.000508860 -0.065029100 0.003555536 0.999992192 0.001709313 -0.151971325 0.000502780 -0.001711112 0.999998391 10.605453491
0.999999225 -0.001100097 -0.000569153 -0.078997098 0.001100015 0.999999404 -0.000145338 -0.176884174 0.000569313 0.000144711 0.999999821 11.920668602
0.999996364 0.002721903 -0.000030343 -0.095474824 -0.002721930 0.999995887 -0.000962783 -0.198569566 0.000027722 0.000962862 0.999999523 13.269313812
0.999988317 0.004819104 0.000045862 -0.125692829 -0.004819050 0.999987781 -0.001109409 -0.219340742 -0.000051208 0.001109176 0.999999404 14.582068443
0.999982357 0.005946216 0.000044956 -0.130939975 -0.005946200 0.999982297 -0.000350806 -0.238104627 -0.000047042 0.000350532 0.999999940 15.932842255
0.999993920 0.003414489 0.000621526 -0.150584087 -0.003415917 0.999991417 0.002311801 -0.258541644 -0.000613627 -0.002313910 0.999997139 17.279293060
0.999999404 -0.000806183 0.000843006 -0.154453665 0.000802552 0.999990463 0.004300167 -0.279151976 -0.000846464 -0.004299488 0.999990404 18.633136749
0.999994576 -0.003237154 0.000560323 -0.158950597 0.003236077 0.999992847 0.001912721 -0.292131424 -0.000566511 -0.001910897 0.999997973 19.970233917
0.999990225 -0.004401870 0.000225713 -0.162358493 0.004401871 0.999990284 -0.000002863 -0.311094552 -0.000225698 0.000003856 1.000000000 21.326190948
0.999998152 -0.001387109 0.001311092 -0.177716494 0.001389179 0.999997795 -0.001579917 -0.331298381 -0.001308898 0.001581735 0.999997914 22.658742905
0.999995649 0.001583674 0.002458360 -0.194667742 -0.001584965 0.999998569 0.000522977 -0.350501031 -0.002457529 -0.000526871 0.999996901 24.021549225
0.999996245 0.001837942 0.002021933 -0.172697529 -0.001845774 0.999990761 0.003878668 -0.371110290 -0.002014785 -0.003882386 0.999990463 25.426559448
0.999995708 -0.000528727 0.002930958 -0.183479682 0.000511641 0.999982893 0.005827092 -0.382147759 -0.002933989 -0.005825567 0.999978662 26.808832169
0.999986351 -0.004636038 0.002427869 -0.179817557 0.004626099 0.999980927 0.004083393 -0.397934467 -0.002446753 -0.004072106 0.999988675 28.178627014
0.999984741 -0.004832311 0.002679247 -0.196189225 0.004827255 0.999986589 0.001890417 -0.418831497 -0.002688346 -0.001877454 0.999994636 29.538377762
0.999981344 -0.005284735 0.003065628 -0.195795178 0.005286836 0.999985814 -0.000677072 -0.436562091 -0.003062006 0.000693267 0.999995053 30.924089432
0.999990880 -0.001557062 0.003961514 -0.204241499 0.001562738 0.999997675 -0.001430292 -0.462150693 -0.003959279 0.001436470 0.999991119 32.301406860
0.999992192 -0.000259913 0.003948785 -0.205761343 0.000274706 0.999992907 -0.003746151 -0.484900415 -0.003947784 0.003747206 0.999985158 33.678386688
0.999991536 0.000075282 0.004107937 -0.207052067 -0.000062831 0.999995351 -0.003031012 -0.507432997 -0.004108147 0.003030728 0.999986887 35.066749573
0.999992192 0.000342443 0.003933414 -0.216621950 -0.000335162 0.999998152 -0.001851551 -0.534933627 -0.003934042 0.001850218 0.999990523 36.444171906
0.999991298 0.001540710 0.003873129 -0.225574657 -0.001539648 0.999998748 -0.000277079 -0.555718362 -0.003873551 0.000271114 0.999992430 37.844905853
0.999982953 0.004361459 0.003892058 -0.237019271 -0.004361410 0.999990404 -0.000021100 -0.577067256 -0.003892113 0.000004125 0.999992430 39.235000610
0.999970376 0.006603234 0.003950723 -0.235898346 -0.006602346 0.999978185 -0.000238107 -0.603032053 -0.003952209 0.000212015 0.999992192 40.644691467
0.999958336 0.008357422 0.003674908 -0.242954075 -0.008359702 0.999964893 0.000605586 -0.625889301 -0.003669718 -0.000636282 0.999993026 42.048870087
0.999948204 0.009610674 0.003356954 -0.248002157 -0.009611120 0.999953806 0.000116830 -0.644727945 -0.003355677 -0.000149088 0.999994338 43.454650879
0.999957740 0.008500644 0.003507143 -0.257490426 -0.008501380 0.999963939 0.000194916 -0.668366194 -0.003505358 -0.000224723 0.999993861 44.861724854
0.999965012 0.007899832 0.002757322 -0.272860646 -0.007898967 0.999968767 -0.000325187 -0.690964460 -0.002759805 0.000303396 0.999996066 46.237262726
0.999972880 0.007167713 0.001709263 -0.277289480 -0.007167928 0.999974310 0.000119156 -0.717902422 -0.001708365 -0.000131404 0.999998450 47.635757446
0.999973178 0.007243338 0.001071060 -0.289231122 -0.007244472 0.999973238 0.001057934 -0.737314522 -0.001063368 -0.001065665 0.999998868 49.088424683
0.999963343 0.008556831 -0.000288536 -0.289609015 -0.008556707 0.999963224 0.000431158 -0.749887943 0.000292215 -0.000428674 0.999999881 50.514110565
0.999960005 0.008811556 -0.001498410 -0.304261506 -0.008810093 0.999960601 0.000979794 -0.770742476 0.001506985 -0.000966553 0.999998391 51.921352386
0.999962449 0.008362032 -0.002277872 -0.327599049 -0.008357582 0.999963105 0.001955710 -0.793225408 0.002294142 -0.001936599 0.999995470 53.303485870
0.999970853 0.007046184 -0.002949805 -0.338793963 -0.007036486 0.999969840 0.003285303 -0.817113101 0.002972865 -0.003264450 0.999990284 54.736106873
0.999978602 0.005501668 -0.003528992 -0.345757723 -0.005491356 0.999980569 0.002925252 -0.832891881 0.003545018 -0.002905811 0.999989450 56.184841156
0.999987364 0.003069896 -0.003983200 -0.356896371 -0.003060488 0.999992490 0.002365910 -0.852506280 0.003990434 -0.002353690 0.999989271 57.604385376
0.999991298 0.001720485 -0.003805939 -0.377405465 -0.001708336 0.999993443 0.003193023 -0.881304026 0.003811407 -0.003186493 0.999987602 59.018108368
0.999994338 0.000473555 -0.003320838 -0.387060195 -0.000460181 0.999991775 0.004026676 -0.900869191 0.003322717 -0.004025125 0.999986351 60.447242737
0.999995351 -0.000183977 -0.003028132 -0.399940193 0.000196889 0.999990821 0.004264453 -0.914351285 0.003027320 -0.004265029 0.999986351 61.868640900
0.999995410 -0.001919648 -0.002330157 -0.413364708 0.001930315 0.999987662 0.004584000 -0.944384456 0.002321329 -0.004588477 0.999986768 63.268520355
0.999993920 -0.003052399 -0.001670740 -0.427710682 0.003057727 0.999990165 0.003195541 -0.965225995 0.001660970 -0.003200630 0.999993503 64.636032104
0.999994040 -0.003125517 -0.001406514 -0.423264533 0.003129398 0.999991298 0.002765468 -0.983396173 0.001397858 -0.002769854 0.999995232 66.048988342
0.999998629 -0.001434588 -0.000815044 -0.437534809 0.001436986 0.999994576 0.002949062 -1.010354042 0.000810809 -0.002950230 0.999995232 67.460113525
0.999998868 0.001494474 -0.000193298 -0.451574147 -0.001493691 0.999990940 0.003992721 -1.028280377 0.000199264 -0.003992428 0.999991953 68.853446960
0.999989867 0.004456844 0.000571431 -0.466496021 -0.004459880 0.999975383 0.005426837 -1.050506711 -0.000547230 -0.005429329 0.999985099 70.250106812
0.999962151 0.008548248 0.001566503 -0.483059466 -0.008557990 0.999943316 0.006322049 -1.077006221 -0.001512372 -0.006335215 0.999978781 71.614990234
0.999915719 0.012785162 0.002243596 -0.496972680 -0.012797579 0.999902368 0.005610750 -1.089039326 -0.002171643 -0.005638990 0.999981701 73.013412476
0.999859333 0.016524749 0.002874104 -0.508508384 -0.016538259 0.999852002 0.004742136 -1.102749109 -0.002795316 -0.004789001 0.999984562 74.428634644
0.999834359 0.017840594 0.003588115 -0.510356009 -0.017858274 0.999828160 0.004957174 -1.125743747 -0.003499060 -0.005020430 0.999981284 75.819137573
0.999843895 0.017182946 0.004092060 -0.520654142 -0.017205646 0.999836385 0.005578248 -1.146774888 -0.003995539 -0.005647784 0.999976099 77.224952698
0.999843001 0.017240956 0.004091838 -0.529618561 -0.017260801 0.999839127 0.004864712 -1.163029552 -0.004007309 -0.004934578 0.999979794 78.631294250
0.999866486 0.015912211 0.003706668 -0.527835250 -0.015927140 0.999865055 0.004032629 -1.179283977 -0.003641999 -0.004091127 0.999985039 80.048896790
0.999885798 0.014660566 0.003660472 -0.532043815 -0.014676115 0.999883235 0.004257350 -1.200673223 -0.003597629 -0.004310585 0.999984264 81.400291443
0.999892175 0.014330368 0.003251849 -0.535402060 -0.014343989 0.999888301 0.004204225 -1.214819431 -0.003191237 -0.004250416 0.999985814 82.796424866
0.999906123 0.013481786 0.002438293 -0.532955706 -0.013491281 0.999901235 0.003920622 -1.237333298 -0.002385195 -0.003953149 0.999989331 84.170616150
0.999912143 0.013119126 0.001913756 -0.553572834 -0.013127442 0.999904096 0.004400350 -1.242920160 -0.001855844 -0.004425087 0.999988496 85.519172668
0.999913692 0.013105476 0.000923865 -0.552114069 -0.013110058 0.999900818 0.005138178 -1.274946809 -0.000856435 -0.005149846 0.999986291 86.924682617
0.999936163 0.011300989 0.000047348 -0.561248183 -0.011301066 0.999917030 0.006186417 -1.297626615 0.000022569 -0.006186557 0.999980867 88.324935913
0.999958277 0.009075278 -0.001046182 -0.575577378 -0.009068144 0.999936879 0.006633655 -1.310502410 0.001106318 -0.006623890 0.999977469 89.697456360
0.999977708 0.006442420 -0.001741241 -0.576523483 -0.006430890 0.999957800 0.006547924 -1.323455453 0.001783352 -0.006536580 0.999977052 91.062522888
0.999981165 0.005613321 -0.002480788 -0.590333104 -0.005598256 0.999966085 0.006038395 -1.347549915 0.002514600 -0.006024394 0.999978721 92.489616394
0.999986708 0.004555079 -0.002435487 -0.606953800 -0.004540767 0.999972582 0.005849468 -1.364119411 0.002462065 -0.005838332 0.999979913 93.830207825
0.999984264 0.005077686 -0.002391303 -0.625036716 -0.005065172 0.999973595 0.005210450 -1.381203055 0.002417697 -0.005198255 0.999983490 95.204391479
0.999986947 0.004751788 -0.001896553 -0.646004617 -0.004742228 0.999976277 0.005013435 -1.402356386 0.001920331 -0.005004376 0.999985576 96.555564880
0.999980152 0.006127347 -0.001475565 -0.666327059 -0.006121456 0.999973357 0.003964404 -1.416942000 0.001499817 -0.003955293 0.999991000 97.905715942
0.999967217 0.008007143 -0.001160242 -0.684704185 -0.008001981 0.999958336 0.004387242 -1.441354632 0.001195323 -0.004377815 0.999989629 99.234672546
0.999964297 0.008427230 -0.000594724 -0.697128475 -0.008423741 0.999948621 0.005641277 -1.457065821 0.000642233 -0.005636066 0.999983907 100.595367432
0.999954700 0.009472354 -0.000874149 -0.709520042 -0.009466002 0.999930680 0.007004783 -1.475281715 0.000940440 -0.006996193 0.999975085 101.924278259
0.999959290 0.009002929 -0.000589902 -0.716454089 -0.008999552 0.999944389 0.005496905 -1.496307135 0.000639357 -0.005491373 0.999984741 103.290649414
0.999956727 0.009292444 -0.000085405 -0.735340834 -0.009292134 0.999952018 0.003103591 -1.510087132 0.000114241 -0.003102663 0.999995232 104.612213135
0.999962926 0.008587294 -0.000594801 -0.736772835 -0.008586235 0.999961555 0.001762891 -1.531085849 0.000609917 -0.001757719 0.999998271 105.952377319
0.999980211 0.006253039 -0.000580059 -0.748356044 -0.006250973 0.999974370 0.003497505 -1.554794312 0.000601914 -0.003493811 0.999993682 107.279914856
0.999990821 0.004278348 0.000154023 -0.756748915 -0.004279060 0.999978542 0.004961388 -1.563815355 -0.000132793 -0.004962001 0.999987662 108.630432129
0.999996126 0.002729637 0.000491125 -0.758629143 -0.002732175 0.999982476 0.005243768 -1.581339002 -0.000476803 -0.005245089 0.999986112 109.962738037
0.999997258 0.001875633 0.001387317 -0.763612688 -0.001880858 0.999991238 0.003774470 -1.595293403 -0.001380225 -0.003777070 0.999991894 111.319831848
0.999990404 0.003654972 0.002401761 -0.773402989 -0.003659408 0.999991655 0.001845225 -1.617179632 -0.002394997 -0.001853996 0.999995470 112.651237488
0.999975383 0.006203605 0.003279766 -0.779820800 -0.006201747 0.999980748 -0.000575894 -1.637201071 -0.003283275 0.000555539 0.999994457 113.965087891
0.999945402 0.009458487 0.004425954 -0.779572546 -0.009455984 0.999955118 -0.000586646 -1.655288577 -0.004431304 0.000544762 0.999989986 115.289962769
0.999930441 0.009962385 0.006317766 -0.796056867 -0.009974160 0.999948561 0.001834871 -1.686027527 -0.006299162 -0.001897757 0.999978304 116.619812012
0.999924660 0.009883997 0.007284306 -0.790732980 -0.009911914 0.999943614 0.003806506 -1.701535821 -0.007246271 -0.003878420 0.999966204 117.948867798
0.999921978 0.009423788 0.008199512 -0.794029057 -0.009462032 0.999944448 0.004637761 -1.724714279 -0.008155350 -0.004714984 0.999955654 119.284187317
0.999899209 0.010661706 0.009371768 -0.790634394 -0.010695342 0.999936461 0.003546273 -1.734084249 -0.009333363 -0.003646150 0.999949753 120.626487732
0.999870598 0.012044236 0.010664441 -0.786074936 -0.012081712 0.999920964 0.003456762 -1.758696795 -0.010621964 -0.003585159 0.999937177 121.935745239
0.999829531 0.014016386 0.012021261 -0.776727974 -0.014056707 0.999895751 0.003276063 -1.776550651 -0.011974090 -0.003444483 0.999922395 123.272590637
0.999813795 0.014321644 0.012933936 -0.768616915 -0.014350010 0.999894798 0.002102829 -1.791722655 -0.012902459 -0.002288039 0.999914169 124.622314453
0.999779642 0.015544156 0.014108522 -0.759304106 -0.015564154 0.999877930 0.001308788 -1.810867786 -0.014086456 -0.001528086 0.999899566 125.967308044
0.999775469 0.015060709 0.014906753 -0.751040816 -0.015075101 0.999885976 0.000853672 -1.824042916 -0.014892196 -0.001078201 0.999888539 127.319602966
0.999761343 0.014720119 0.016145885 -0.741764009 -0.014752457 0.999889433 0.001885596 -1.841430426 -0.016116342 -0.002123338 0.999867857 128.671127319
0.999779880 0.012805533 0.016619492 -0.728444815 -0.012854598 0.999913216 0.002848690 -1.858844995 -0.016581569 -0.003061700 0.999857843 130.043701172
0.999778926 0.012451262 0.016945465 -0.710089266 -0.012504939 0.999917150 0.003065387 -1.874398351 -0.016905891 -0.003276611 0.999851704 131.392303467
0.999801517 0.010190058 0.017119115 -0.694845736 -0.010248569 0.999941945 0.003333670 -1.893447042 -0.017084150 -0.003508455 0.999847949 132.752609253
0.999822021 0.008169418 0.017004587 -0.684746325 -0.008239125 0.999957919 0.004033281 -1.909809470 -0.016970925 -0.004172666 0.999847293 134.071853638
0.999835730 0.006688137 0.016846986 -0.675643384 -0.006746313 0.999971509 0.003398721 -1.923422933 -0.016823774 -0.003511818 0.999852359 135.423751831
0.999867558 0.005557403 0.015304791 -0.659975350 -0.005607653 0.999979019 0.003242277 -1.940484762 -0.015286453 -0.003327672 0.999877632 136.753036499
0.999883115 0.004400759 0.014638483 -0.651885808 -0.004462401 0.999981344 0.004180980 -1.955614090 -0.014619809 -0.004245815 0.999884129 138.111846924
0.999911308 0.002308911 0.013118557 -0.630254805 -0.002369964 0.999986410 0.004640355 -1.980455875 -0.013107664 -0.004671035 0.999903202 139.452270508
0.999923527 0.002219443 0.012170598 -0.631085157 -0.002273189 0.999987781 0.004404020 -1.994062662 -0.012160675 -0.004431349 0.999916255 140.779617310
0.999940217 0.001729258 0.010799243 -0.618262768 -0.001771062 0.999991000 0.003862562 -2.013214111 -0.010792467 -0.003881456 0.999934256 142.131988525
0.999955833 0.001492254 0.009283255 -0.607196450 -0.001522955 0.999993384 0.003300942 -2.029899836 -0.009278269 -0.003314935 0.999951422 143.463821411
0.999961853 -0.000755682 0.008702877 -0.596860468 0.000744062 0.999998748 0.001338461 -2.054682970 -0.008703878 -0.001331935 0.999961257 144.817276001
0.999953926 -0.005909360 0.007572441 -0.586176991 0.005903290 0.999982178 0.000823670 -2.073933601 -0.007577173 -0.000778930 0.999971032 146.163253784
0.999885440 -0.013509997 0.006824840 -0.571508646 0.013488448 0.999903917 0.003193922 -2.095613956 -0.006867336 -0.003101500 0.999971628 147.522155762
0.999773443 -0.020571571 0.005467680 -0.559594214 0.020545250 0.999777198 0.004827583 -2.113186359 -0.005565774 -0.004714155 0.999973416 148.869796753
0.999707758 -0.023781940 0.004335199 -0.543810070 0.023775982 0.999716282 0.001419785 -2.131624699 -0.004367734 -0.001316296 0.999989569 150.222976685
0.999712586 -0.023429006 0.005071104 -0.564102054 0.023437262 0.999724090 -0.001575271 -2.166258812 -0.005032798 0.001693671 0.999985814 151.536361694
0.999788404 -0.019615715 0.006181976 -0.571828067 0.019635318 0.999802291 -0.003126720 -2.195823669 -0.006119421 0.003247444 0.999975920 152.867187500
0.999789238 -0.019323124 0.006937371 -0.570523977 0.019351978 0.999804258 -0.004116451 -2.209903002 -0.006856471 0.004249835 0.999967396 154.212280273
0.999725878 -0.022050381 0.007869679 -0.572911024 0.022058809 0.999756157 -0.000986351 -2.231344700 -0.007846012 0.001159677 0.999968529 155.552276611
0.999563515 -0.028463647 0.007928170 -0.542021990 0.028443990 0.999592006 0.002581580 -2.269309998 -0.007998418 -0.002354944 0.999965250 156.931091309
0.999441862 -0.032461137 0.007894952 -0.532571137 0.032429464 0.999465525 0.004107635 -2.289428711 -0.008024070 -0.003849313 0.999960423 158.264236450
0.999380469 -0.034228299 0.008191817 -0.519692957 0.034196328 0.999407053 0.004011100 -2.310647726 -0.008324253 -0.003728485 0.999958396 159.626205444
0.999432802 -0.032418996 0.009116419 -0.516842127 0.032376010 0.999464095 0.004823418 -2.327985287 -0.009267903 -0.004525530 0.999946833 160.963241577
0.999546111 -0.028351575 0.010180385 -0.508700430 0.028316291 0.999592543 0.003593368 -2.345649481 -0.010278114 -0.003303467 0.999941707 162.326278687
0.999628007 -0.024841353 0.011259560 -0.514662743 0.024824867 0.999690473 0.001601800 -2.362821817 -0.011295868 -0.001321687 0.999935269 163.677078247
0.999675095 -0.022315810 0.012316136 -0.506350756 0.022303386 0.999750555 0.001145257 -2.383092403 -0.012338622 -0.000870193 0.999923468 165.031448364
0.999727368 -0.019813610 0.012352539 -0.501280546 0.019786943 0.999801636 0.002277368 -2.404588699 -0.012395212 -0.002032329 0.999921024 166.366882324
0.999759257 -0.018495170 0.011806696 -0.485520929 0.018471362 0.999827206 0.002122443 -2.429743290 -0.011843909 -0.001903847 0.999927998 167.738510132
0.999807119 -0.015603361 0.011922138 -0.482612580 0.015613468 0.999877810 -0.000755152 -2.441121340 -0.011908895 0.000941152 0.999928653 169.096893311
0.999867320 -0.011402301 0.011630346 -0.481512994 0.011444334 0.999928236 -0.003554094 -2.464171171 -0.011588986 0.003686724 0.999926090 170.450531006
0.999911845 -0.006422788 0.011633881 -0.479532719 0.006477760 0.999967933 -0.004693651 -2.496105194 -0.011603365 0.004768597 0.999921262 171.812393188
0.999927044 -0.001870421 0.011929127 -0.479028732 0.001911177 0.999992311 -0.003406077 -2.523978949 -0.011922665 0.003428628 0.999923050 173.186950684
0.999921441 0.001227159 0.012472236 -0.478362888 -0.001208637 0.999998152 -0.001492501 -2.549633741 -0.012474042 0.001477309 0.999921083 174.550567627
0.999922454 0.002027068 0.012286580 -0.464562625 -0.002036414 0.999997675 0.000748217 -2.571452618 -0.012285034 -0.000773180 0.999924242 175.943527222
0.999934614 -0.001635637 0.011310107 -0.454556435 0.001614686 0.999996960 0.001861429 -2.595064878 -0.011313117 -0.001843045 0.999934256 177.309692383
0.999947071 -0.003234396 0.009762891 -0.445945621 0.003216875 0.999993205 0.001809724 -2.613161087 -0.009768677 -0.001778223 0.999950707 178.710083008
0.999964714 -0.003128309 0.007798774 -0.441320807 0.003148964 0.999991596 -0.002637628 -2.633849621 -0.007790458 0.002662092 0.999966145 180.106201172
0.999977469 -0.002054815 0.006389076 -0.435352087 0.002096391 0.999976635 -0.006507428 -2.661704302 -0.006375554 0.006520676 0.999958396 181.513763428
0.999979675 0.002823513 0.005704664 -0.441536844 -0.002783420 0.999971449 -0.007023806 -2.690314054 -0.005724333 0.007007785 0.999959052 182.911575317
0.999962568 0.006567723 0.005623633 -0.445406109 -0.006533040 0.999959648 -0.006163780 -2.721727371 -0.005663887 0.006126809 0.999965191 184.302383423
0.999945283 0.008583936 0.005982129 -0.452460408 -0.008568708 0.999960005 -0.002566880 -2.752791166 -0.006003923 0.002515480 0.999978781 185.694198608
0.999938905 0.009056434 0.006336736 -0.446608156 -0.009054958 0.999958992 -0.000261555 -2.780174971 -0.006338845 0.000204160 0.999979913 187.080490112
0.999941409 0.008554279 0.006631058 -0.451242387 -0.008557657 0.999963284 0.000481135 -2.796101093 -0.006626698 -0.000537853 0.999977887 188.490829468
0.999958992 0.006611716 0.006193371 -0.440522224 -0.006618491 0.999977529 0.001074004 -2.810354233 -0.006186130 -0.001114951 0.999980271 189.962478638
0.999970913 0.004125732 0.006409119 -0.427097350 -0.004135475 0.999990284 0.001507678 -2.837737799 -0.006402836 -0.001534139 0.999978304 191.402908325
0.999975801 0.001648805 0.006762491 -0.429836094 -0.001657737 0.999997795 0.001315396 -2.851959467 -0.006760307 -0.001326575 0.999976337 192.837875366
0.999973357 -0.001477061 0.007151921 -0.411309898 0.001460151 0.999996245 0.002369027 -2.877395630 -0.007155392 -0.002358521 0.999971628 194.276519775
0.999950826 -0.006015665 0.007885386 -0.405664235 0.005983985 0.999973953 0.004035139 -2.897980452 -0.007909455 -0.003987755 0.999960780 195.717529297
0.999928951 -0.008551252 0.008306406 -0.387442946 0.008517088 0.999955177 0.004139595 -2.921241045 -0.008341433 -0.004068554 0.999956906 197.148956299
0.999944329 -0.006149021 0.008580072 -0.384901136 0.006153752 0.999980927 -0.000525113 -2.935634136 -0.008576680 0.000577883 0.999963045 198.587478638
0.999962747 0.000574070 0.008610081 -0.381898910 -0.000528170 0.999985635 -0.005332245 -2.959975481 -0.008613017 0.005327499 0.999948680 200.028839111
0.999895275 0.010233970 0.010234362 -0.393157721 -0.010176003 0.999931931 -0.005700151 -2.986843824 -0.010291999 0.005595409 0.999931395 201.490234375
0.999771059 0.018034251 0.011514295 -0.404535055 -0.018010277 0.999835372 -0.002182235 -3.010282516 -0.011551754 0.001974361 0.999931276 202.916656494
0.999746323 0.018842364 0.012337567 -0.398817599 -0.018849015 0.999822259 0.000423036 -3.040185452 -0.012327403 -0.000655480 0.999923825 204.368881226
0.999771237 0.017476119 0.012327695 -0.396339983 -0.017484639 0.999846995 0.000583731 -3.054908991 -0.012315608 -0.000799143 0.999923825 205.805435181
0.999851286 0.013697815 0.010489580 -0.369393349 -0.013707821 0.999905646 0.000882222 -3.084529400 -0.010476507 -0.001025880 0.999944508 207.267333984
0.999882281 0.011849465 0.009747914 -0.365999550 -0.011852421 0.999929786 0.000245457 -3.103465080 -0.009744321 -0.000360964 0.999952376 208.717437744
0.999878705 0.012780717 0.008904008 -0.349496037 -0.012775663 0.999918163 -0.000624304 -3.121714354 -0.008911259 0.000510473 0.999960184 210.208160400
0.999858379 0.014183365 0.009059170 -0.360255510 -0.014183666 0.999899387 -0.000031245 -3.156672001 -0.009058703 -0.000097252 0.999958932 211.642761230
0.999848425 0.014736917 0.009265258 -0.358500689 -0.014746399 0.999890745 0.000955783 -3.182922125 -0.009250159 -0.001092267 0.999956608 213.098220825
0.999854743 0.014810916 0.008435762 -0.349440634 -0.014814265 0.999890327 0.000334885 -3.204710007 -0.008429876 -0.000459806 0.999964356 214.571136475
0.999860585 0.014295877 0.008632224 -0.352542281 -0.014291253 0.999897659 -0.000597163 -3.230249166 -0.008639879 0.000473714 0.999962628 216.038421631
0.999877036 0.013494242 0.007989093 -0.342084676 -0.013485964 0.999908388 -0.001089360 -3.248164654 -0.008003062 0.000981486 0.999967515 217.503799438
0.999875605 0.013852913 0.007540748 -0.341287106 -0.013844036 0.999903440 -0.001228202 -3.272137403 -0.007557034 0.001123655 0.999970794 218.975875854
0.999868512 0.014268563 0.007697482 -0.347588688 -0.014259689 0.999897599 -0.001206500 -3.299545050 -0.007713907 0.001096577 0.999969661 220.447662354
0.999869823 0.014297676 0.007481090 -0.347223908 -0.014286742 0.999896646 -0.001513344 -3.322182178 -0.007501955 0.001406267 0.999970853 221.926513672
0.999857008 0.015367475 0.007056557 -0.346403539 -0.015358324 0.999881089 -0.001349261 -3.357571363 -0.007076454 0.001240691 0.999974191 223.405136108
0.999864340 0.015040699 0.006710728 -0.342706501 -0.015027912 0.999885082 -0.001951626 -3.372930527 -0.006739311 0.001850513 0.999975562 224.938980103
0.999854445 0.015689846 0.006696749 -0.352800220 -0.015676888 0.999875069 -0.001983061 -3.398873806 -0.006727026 0.001877788 0.999975622 226.418457031
0.999869585 0.014666802 0.006761453 -0.352525115 -0.014653270 0.999890566 -0.002046243 -3.425561190 -0.006790725 0.001946899 0.999975026 227.951614380
0.999898970 0.012711808 0.006359406 -0.346983701 -0.012700653 0.999917686 -0.001791033 -3.457185745 -0.006381650 0.001710083 0.999978185 229.443618774
0.999903917 0.011844566 0.007202210 -0.356586874 -0.011832558 0.999928534 -0.001707639 -3.484109640 -0.007221921 0.001622254 0.999972582 230.971618652
0.999912739 0.010889065 0.007480176 -0.361448467 -0.010881857 0.999940276 -0.001003328 -3.506788969 -0.007490655 0.000921843 0.999971509 232.473205566
0.999908864 0.011159266 0.007615601 -0.352314502 -0.011152502 0.999937296 -0.000930151 -3.534711123 -0.007625503 0.000845133 0.999970555 233.991668701
0.999900460 0.011840019 0.007680521 -0.350729853 -0.011829943 0.999929070 -0.001355954 -3.557452917 -0.007696031 0.001264959 0.999969542 235.503265381
0.999901593 0.011633317 0.007841640 -0.342387497 -0.011622306 0.999931335 -0.001448414 -3.593154669 -0.007857951 0.001357134 0.999968231 236.984527588
0.999872863 0.013417720 0.008621666 -0.344683617 -0.013410694 0.999909639 -0.000872278 -3.618491888 -0.008632590 0.000756544 0.999962509 238.488052368
0.999863327 0.013604094 0.009395363 -0.340755969 -0.013614337 0.999906778 0.001027260 -3.638313293 -0.009380512 -0.001155031 0.999955356 240.027236938
0.999855638 0.013640465 0.010134659 -0.336502105 -0.013656602 0.999905527 0.001524842 -3.661077261 -0.010112902 -0.001663027 0.999947548 241.533355713
0.999845207 0.013993001 0.010678191 -0.324335068 -0.013993070 0.999902070 -0.000068434 -3.683458567 -0.010678103 -0.000080997 0.999942958 243.050186157
0.999833822 0.014418052 0.011159449 -0.312776238 -0.014401406 0.999895036 -0.001570593 -3.706817389 -0.011180921 0.001409621 0.999936461 244.560821533
0.999831855 0.014395942 0.011355314 -0.303010613 -0.014388596 0.999896228 -0.000728293 -3.737077236 -0.011364619 0.000564783 0.999935269 246.103713989
0.999844253 0.013895184 0.010880820 -0.280056626 -0.013901220 0.999903262 0.000479286 -3.764451265 -0.010873107 -0.000630467 0.999940693 247.654693604
0.999839187 0.014243159 0.010896741 -0.274939775 -0.014252788 0.999898016 0.000806475 -3.788483858 -0.010884146 -0.000961654 0.999940276 249.182189941
0.999841750 0.014296658 0.010593483 -0.259795099 -0.014307578 0.999897182 0.000955537 -3.814793825 -0.010578734 -0.001106953 0.999943376 250.718215942
0.999814630 0.016023003 0.010678444 -0.248237714 -0.016037047 0.999870658 0.001230833 -3.839629889 -0.010657343 -0.001401855 0.999942243 252.242797852
0.999781132 0.017722817 0.011123183 -0.247097254 -0.017736407 0.999841988 0.001123977 -3.862506628 -0.011101508 -0.001321017 0.999937475 253.770645142
0.999784231 0.017540058 0.011140378 -0.241397068 -0.017556271 0.999844968 0.001358998 -3.885615826 -0.011114812 -0.001554288 0.999936998 255.322219849
0.999802291 0.016265253 0.011439370 -0.238600507 -0.016282855 0.999866366 0.001447032 -3.907115221 -0.011414303 -0.001633011 0.999933541 256.870361328
0.999836266 0.014414093 0.010939689 -0.215426862 -0.014437447 0.999893725 0.002058757 -3.922521114 -0.010908850 -0.002216361 0.999938071 258.405639648
0.999871433 0.011658830 0.011007489 -0.212415025 -0.011692038 0.999927282 0.002957422 -3.946483135 -0.010972209 -0.003085742 0.999935031 259.947814941
0.999886096 0.010485685 0.010853603 -0.201209873 -0.010510489 0.999942303 0.002230892 -3.966479540 -0.010829583 -0.002344714 0.999938548 261.482177734
0.999901533 0.009283499 0.010525624 -0.193487212 -0.009299053 0.999955714 0.001429765 -3.995325565 -0.010511887 -0.001527503 0.999943495 263.017730713
0.999908805 0.007474876 0.011254353 -0.188067973 -0.007510328 0.999966919 0.003111134 -4.015248299 -0.011230726 -0.003195374 0.999931812 264.554077148
0.999922156 0.004923050 0.011462850 -0.187763631 -0.004976829 0.999976695 0.004667765 -4.034918308 -0.011439604 -0.004724451 0.999923408 266.074523926
0.999932587 0.003787745 0.010972780 -0.170467511 -0.003833105 0.999984086 0.004115843 -4.056097507 -0.010957018 -0.004157626 0.999931335 267.613220215
0.999920368 0.004015008 0.011964747 -0.160905316 -0.004049548 0.999987721 0.002863946 -4.069441795 -0.011953101 -0.002912170 0.999924302 269.159912109
0.999912500 0.004866641 0.012298793 -0.147605643 -0.004895789 0.999985397 0.002340928 -4.089851379 -0.012287221 -0.002400936 0.999921620 270.700653076
0.999890447 0.006140749 0.013466549 -0.137889311 -0.006181057 0.999976516 0.002953578 -4.123622894 -0.013448096 -0.003036492 0.999904931 272.248962402
0.999863923 0.007640325 0.014624527 -0.128687635 -0.007670854 0.999968529 0.002032570 -4.135450840 -0.014608540 -0.002144475 0.999890983 273.788452148
0.999840081 0.008677986 0.015636427 -0.126939952 -0.008711522 0.999959886 0.002077950 -4.160945415 -0.015617768 -0.002213835 0.999875605 275.348632812
0.999819398 0.009763371 0.016306682 -0.104182094 -0.009792656 0.999950528 0.001717033 -4.186307430 -0.016289111 -0.001876408 0.999865592 276.889373779
0.999796510 0.010817494 0.017027495 -0.068218917 -0.010839210 0.999940574 0.001183508 -4.218417645 -0.017013680 -0.001367832 0.999854326 278.426544189
0.999786556 0.009647134 0.018271469 -0.051076338 -0.009660061 0.999953210 0.000619239 -4.238776684 -0.018264642 -0.000795611 0.999832928 279.988739014
0.999789000 0.008999230 0.018463863 -0.012042279 -0.009024598 0.999958396 0.001290994 -4.272755623 -0.018451476 -0.001457350 0.999828696 281.592376709
0.999786675 0.007650586 0.019184997 0.010275143 -0.007697545 0.999967515 0.002375033 -4.291995525 -0.019166205 -0.002522204 0.999813139 283.172149658
0.999783218 0.007199009 0.019535232 0.025634859 -0.007246016 0.999971092 0.002336609 -4.314467430 -0.019517845 -0.002477655 0.999806404 284.765319824
0.999788642 0.006426934 0.019529475 0.057114247 -0.006430438 0.999979317 0.000116601 -4.344191551 -0.019528322 -0.000242160 0.999809265 286.338775635
0.999797702 0.005256255 0.019411704 0.086303569 -0.005218071 0.999984324 -0.002017185 -4.370556355 -0.019422000 0.001915485 0.999809563 287.913421631
0.999809980 0.005409394 0.018724607 0.108702898 -0.005371273 0.999983370 -0.002085560 -4.395617008 -0.018735580 0.001984589 0.999822497 289.490325928
0.999835253 0.003492264 0.017812684 0.131888598 -0.003461045 0.999992371 -0.001783144 -4.423302174 -0.017818777 0.001721200 0.999839723 291.039398193
0.999855101 0.004127800 0.016510556 0.147754207 -0.004084934 0.999988198 -0.002629226 -4.451356888 -0.016521212 0.002561400 0.999860227 292.586639404
0.999864042 0.004072798 0.015977060 0.179442197 -0.004027220 0.999987721 -0.002883841 -4.482044697 -0.015988611 0.002819106 0.999868214 294.195312500
0.999879062 0.003913998 0.015048147 0.205980271 -0.003875421 0.999989092 -0.002591844 -4.506722450 -0.015058129 0.002533213 0.999883413 295.786315918
0.999890685 0.003938673 0.014249416 0.212678507 -0.003906430 0.999989748 -0.002289836 -4.541214466 -0.014258287 0.002233922 0.999895871 297.332885742
0.999909759 0.003445196 0.012985696 0.231950015 -0.003435681 0.999993801 -0.000754997 -4.570819378 -0.012988219 0.000710314 0.999915421 298.900695801
0.999913335 0.004882568 0.012222699 0.245109543 -0.004887988 0.999987960 0.000413593 -4.595246792 -0.012220533 -0.000473301 0.999925137 300.472686768
0.999900103 0.005229713 0.013131679 0.255076170 -0.005235478 0.999986172 0.000404758 -4.614021778 -0.013129383 -0.000473468 0.999913692 302.066741943
0.999885917 0.005787594 0.013950834 0.268779993 -0.005793941 0.999983132 0.000414664 -4.642412186 -0.013948199 -0.000495447 0.999902606 303.678283691
0.999886274 0.004461094 0.014407178 0.278168917 -0.004460885 0.999989986 -0.000046643 -4.660594940 -0.014407244 -0.000017631 0.999896169 305.249298096
0.999888182 0.002579340 0.014729997 0.292594403 -0.002569766 0.999996424 -0.000668883 -4.695744991 -0.014731671 0.000630955 0.999891281 306.843841553
0.999886632 0.001116047 0.015014118 0.316483408 -0.001074660 0.999995589 -0.002764300 -4.718113422 -0.015017136 0.002747851 0.999883413 308.449218750
0.999892294 0.000665794 0.014660385 0.332218021 -0.000609955 0.999992490 -0.003812979 -4.746005535 -0.014662813 0.003803626 0.999885261 310.044189453
0.999917984 0.001476141 0.012720972 0.347139239 -0.001411850 0.999986291 -0.005061477 -4.773273468 -0.012728266 0.005043102 0.999906301 311.670318604
0.999939799 0.002332727 0.010724032 0.352759600 -0.002287251 0.999988377 -0.004250898 -4.802438259 -0.010733823 0.004226115 0.999933422 313.288360596
0.999946713 0.003045593 0.009865144 0.385030121 -0.003033984 0.999994636 -0.001191479 -4.835265160 -0.009868721 0.001161485 0.999950647 314.905853271
0.999942005 0.001633046 0.010645163 0.392218918 -0.001653400 0.999996781 0.001903456 -4.858070374 -0.010642020 -0.001920947 0.999941587 316.537292480
0.999944508 0.000660281 0.010508597 0.403418779 -0.000689745 0.999995828 0.002800465 -4.884391308 -0.010506704 -0.002807559 0.999940872 318.163604736
0.999943256 -0.000442767 0.010638790 0.414738268 0.000426535 0.999998748 0.001527925 -4.902594566 -0.010639454 -0.001523301 0.999942303 319.783843994
0.999939501 -0.001601518 0.010876832 0.436642319 0.001582974 0.999997258 0.001713266 -4.929295063 -0.010879545 -0.001695944 0.999939382 321.426971436
0.999934733 -0.001528862 0.011318639 0.440902978 0.001509678 0.999997377 0.001703288 -4.951508522 -0.011321215 -0.001686089 0.999934494 323.047698975
0.999927580 -0.000677818 0.012017881 0.451368004 0.000655865 0.999998033 0.001830568 -4.979432106 -0.012019099 -0.001822553 0.999926090 324.675506592
0.999923408 0.000576919 0.012369818 0.461475551 -0.000586092 0.999999583 0.000737948 -5.002366543 -0.012369388 -0.000745141 0.999923229 326.298919678
0.999911785 0.001741045 0.013166647 0.463352114 -0.001744151 0.999998450 0.000224442 -5.033154964 -0.013166235 -0.000247387 0.999913275 327.900085449
0.999904692 0.000306272 0.013800813 0.480316162 -0.000336489 0.999997497 0.002187222 -5.057940006 -0.013800110 -0.002191658 0.999902368 329.535949707
0.999901891 -0.000611778 0.013995416 0.491958052 0.000566948 0.999994755 0.003206947 -5.086948395 -0.013997304 -0.003198698 0.999896944 331.146545410
0.999905646 -0.001990735 0.013591479 0.508797050 0.001967302 0.999996543 0.001737312 -5.101541519 -0.013594889 -0.001710409 0.999906063 332.773193359
0.999910295 -0.001471720 0.013309451 0.531003892 0.001445418 0.999996960 0.001985606 -5.128897190 -0.013312331 -0.001966190 0.999909461 334.409332275
0.999917686 0.000339688 0.012826173 0.535485208 -0.000340426 0.999999940 0.000055402 -5.158160686 -0.012826153 -0.000059764 0.999917746 336.030059814
0.999924183 0.001826005 0.012179918 0.549340844 -0.001791508 0.999994278 -0.002842566 -5.185930729 -0.012185040 0.002820530 0.999921799 337.656890869
0.999927759 0.003336458 0.011547312 0.551136136 -0.003307855 0.999991417 -0.002495130 -5.217146873 -0.011555539 0.002456753 0.999930203 339.260009766
0.999931097 0.004958466 0.010644298 0.554171205 -0.004965263 0.999987483 0.000612326 -5.242913246 -0.010641128 -0.000665136 0.999943256 340.837860107
0.999949455 0.004618619 0.008930938 0.564934433 -0.004656157 0.999980390 0.004187096 -5.278100967 -0.008911426 -0.004228469 0.999951363 342.429962158
0.999957025 0.005085469 0.007751699 0.571404159 -0.005107897 0.999982834 0.002876409 -5.300382614 -0.007736939 -0.002915880 0.999965787 344.035491943
0.999976873 0.004178469 0.005365306 0.576946259 -0.004185127 0.999990463 0.001230363 -5.323045731 -0.005360114 -0.001252789 0.999984860 345.617797852
0.999989986 0.002936271 0.003361227 0.594681680 -0.002944636 0.999992669 0.002486479 -5.343372822 -0.003353901 -0.002496351 0.999991179 347.185668945
0.999996066 0.001485532 0.002367359 0.592910171 -0.001491933 0.999995232 0.002704527 -5.365616798 -0.002363330 -0.002708048 0.999993503 348.777435303
0.999996483 0.001288769 0.002317616 0.580143571 -0.001294155 0.999996424 0.002323546 -5.393736362 -0.002314613 -0.002326536 0.999994636 350.370727539
0.999998331 0.000337382 0.001802900 0.584424615 -0.000339647 0.999999166 0.001256257 -5.416456223 -0.001802475 -0.001256868 0.999997556 351.977996826
0.999998450 -0.000246313 0.001739114 0.581475079 0.000244478 0.999999404 0.001055258 -5.438136578 -0.001739373 -0.001054832 0.999997914 353.564514160
0.999998331 -0.000487869 0.001738928 0.576214492 0.000486771 0.999999642 0.000631695 -5.461205006 -0.001739235 -0.000630848 0.999998331 355.150085449
0.999997020 -0.001459411 0.001960746 0.570676506 0.001458855 0.999998808 0.000284902 -5.490809917 -0.001961160 -0.000282040 0.999998033 356.739837646
0.999997139 -0.001597092 0.001745616 0.566744983 0.001597968 0.999998510 -0.000500601 -5.513871193 -0.001744814 0.000503389 0.999998331 358.354614258
0.999996245 -0.002015554 0.001849787 0.560484648 0.002016299 0.999997914 -0.000401275 -5.537212372 -0.001848974 0.000405004 0.999998212 359.940979004
0.999996364 -0.001774143 0.002017701 0.562596619 0.001776158 0.999997914 -0.000996875 -5.572864056 -0.002015928 0.001000455 0.999997497 361.531524658
0.999992132 -0.003361444 0.002084108 0.557174027 0.003366347 0.999991536 -0.002353265 -5.600477219 -0.002076179 0.002360262 0.999994993 363.111877441
0.999986410 -0.004767822 0.002088676 0.552810311 0.004768920 0.999988496 -0.000521026 -5.627555370 -0.002086168 0.000530979 0.999997675 364.689971924
0.999975801 -0.006798050 0.001506045 0.562000573 0.006797874 0.999976933 0.000122029 -5.654588699 -0.001506840 -0.000111788 0.999998868 366.287506104
0.999973595 -0.007003477 0.001987094 0.556005299 0.007004743 0.999975264 -0.000630356 -5.684006691 -0.001982630 0.000644259 0.999997854 367.856018066
0.999979377 -0.005674643 0.003008390 0.538144886 0.005678276 0.999983191 -0.001200396 -5.708767414 -0.003001528 0.001217453 0.999994755 369.468963623
0.999983132 -0.005084326 0.002815834 0.538671315 0.005084887 0.999987066 -0.000192002 -5.743445396 -0.002814821 0.000206317 0.999996006 371.052520752
0.999990821 -0.003231563 0.002809394 0.538416505 0.003229030 0.999994397 0.000905670 -5.768091202 -0.002812304 -0.000896590 0.999995649 372.656799316
0.999987721 -0.003858014 0.003148513 0.540535867 0.003856449 0.999992371 0.000503139 -5.796969891 -0.003150431 -0.000490991 0.999994934 374.238555908
0.999987066 -0.003644694 0.003546046 0.525404572 0.003647263 0.999993086 -0.000718000 -5.815177917 -0.003543405 0.000730924 0.999993503 375.827911377
0.999987483 -0.003362842 0.003689345 0.527269363 0.003365534 0.999994040 -0.000723732 -5.848271370 -0.003686889 0.000736139 0.999992907 377.423217773
0.999986589 -0.003315569 0.003988143 0.535722733 0.003318385 0.999994278 -0.000699740 -5.876825809 -0.003985800 0.000712964 0.999991775 379.050476074
0.999988556 -0.001529728 0.004535351 0.520477533 0.001532780 0.999998629 -0.000669613 -5.899116516 -0.004534320 0.000676558 0.999989510 380.651184082
0.999988735 0.000163561 0.004753277 0.523120999 -0.000162608 1.000000000 -0.000200944 -5.924641132 -0.004753309 0.000200169 0.999988735 382.257507324
0.999983132 0.001551494 0.005601335 0.507822216 -0.001545847 0.999998271 -0.001012196 -5.950047970 -0.005602896 0.001003521 0.999983788 383.893920898
