1.000000000 0.000000000 0.000000000 0.000000000 0.000000000 1.000000000 0.000000000 0.000000000 0.000000000 0.000000000 1.000000000 0.000000000
0.999039114 -0.000455434 0.043823425 0.045751110 0.000556270 0.999997199 -0.002288812 -0.020483628 -0.043822248 0.002310991 0.999036670 1.026399493
0.996023595 -0.004542990 0.088973761 0.139071614 0.005200482 0.999960840 -0.007159315 -0.040718745 -0.088937752 0.007593553 0.996008217 2.049224615
0.990850747 -0.003681669 0.134911790 0.269507766 0.005246498 0.999922991 -0.011245211 -0.063725449 -0.134860009 0.011850139 0.990793765 3.050787449
0.983459592 -0.000733765 0.181126252 0.451620132 0.003198408 0.999906182 -0.013315623 -0.093682379 -0.181099489 0.013674693 0.983369708 4.085974216
0.973882556 -0.003299261 0.227028280 0.686269045 0.006451604 0.999892771 -0.013144605 -0.125493705 -0.226960614 0.014265998 0.973799467 5.092126369
0.962144673 -0.003734900 0.272513658 0.958466291 0.008002670 0.999862075 -0.014550978 -0.153693959 -0.272421718 0.016180983 0.962041855 6.099144936
0.948559999 -0.006412476 0.316532493 1.282474756 0.012500178 0.999773860 -0.017205635 -0.186128736 -0.316350639 0.020277290 0.948425591 7.069274902
0.933375537 -0.007979820 0.358812541 1.657055497 0.015867027 0.999692917 -0.019042050 -0.218197957 -0.358550370 0.023466675 0.933215380 8.023858070
0.916048944 -0.007934160 0.400987834 2.064464331 0.017342497 0.999652684 -0.019838938 -0.251422673 -0.400691152 0.025127573 0.915868521 8.943353653
0.896412611 -0.008151666 0.443145543 2.510412216 0.018263385 0.999660909 -0.018555135 -0.284781426 -0.442844063 0.024726395 0.896257639 9.850244522
0.874673545 -0.008295500 0.484641492 3.008785248 0.019145714 0.999664545 -0.017442858 -0.323922843 -0.484334230 0.024535613 0.874538958 10.750224113
0.850711167 -0.008683318 0.525561631 3.545249224 0.020190142 0.999665499 -0.016164741 -0.360634625 -0.525245488 0.024362691 0.850601912 11.615468025
0.825331628 -0.008906942 0.564578235 4.127456665 0.021941099 0.999626338 -0.016304318 -0.398842067 -0.564222097 0.025843935 0.825218499 12.450457573
0.797752559 -0.010732639 0.602889419 4.733916759 0.025340376 0.999555111 -0.015736694 -0.428254455 -0.602452278 0.027831431 0.797669590 13.255905151
0.769081116 -0.009206204 0.639084756 5.402098656 0.025675461 0.999534130 -0.016499534 -0.462715626 -0.638635099 0.029098278 0.768959284 14.054444313
0.738742113 -0.012314691 0.673875809 6.070909023 0.030161303 0.999435484 -0.014800479 -0.497009128 -0.673313141 0.031258706 0.738696396 14.782333374
0.706602514 -0.011760634 0.707512856 6.800200939 0.031124368 0.999410748 -0.014471615 -0.529111683 -0.706925869 0.032246575 0.706552207 15.495880127
0.672585785 -0.010616356 0.739942849 7.556473255 0.032583311 0.999352217 -0.015279008 -0.561301410 -0.739301383 0.034386236 0.672496021 16.177751541
0.637019575 -0.012016563 0.770753860 8.327264786 0.037219804 0.999191701 -0.015183700 -0.592929721 -0.769948542 0.038359627 0.636952043 16.810918808
0.600161195 -0.010040555 0.799816072 9.122856140 0.037333682 0.999183059 -0.015470900 -0.619704485 -0.799007356 0.039145108 0.600045800 17.415143967
0.562457323 -0.008883633 0.826778591 9.944790840 0.040285666 0.999049067 -0.016671674 -0.651165187 -0.825844288 0.042684432 0.562280357 17.967115402
0.523582935 -0.007157569 0.851944625 10.800114632 0.044963643 0.998803437 -0.019242087 -0.673785806 -0.850787401 0.048381370 0.523278177 18.485486984
0.484759063 -0.006012904 0.874627054 11.655009270 0.046626698 0.998732150 -0.018976578 -0.698928535 -0.873404026 0.049980041 0.484424770 18.959571838
0.446235359 -0.008031129 0.894879520 12.545148849 0.051417314 0.998537958 -0.016678037 -0.728196621 -0.893437326 0.053454634 0.445995897 19.397092819
0.409480691 -0.008504195 0.912279129 13.459755898 0.055630326 0.998328626 -0.015663588 -0.752389669 -0.910621166 0.057164326 0.409269363 19.792846680
0.373909056 -0.005739161 0.927447557 14.432733536 0.056701917 0.998251736 -0.016682595 -0.770874619 -0.925730467 0.058825832 0.373580754 20.182382584
0.340632379 -0.006574434 0.940173566 15.379626274 0.057516765 0.998248279 -0.013858246 -0.792708874 -0.938435555 0.058796309 0.340413898 20.518278122
0.307321340 -0.008112040 0.951571226 16.368762970 0.060004152 0.998138964 -0.010870036 -0.813495040 -0.949712038 0.060438816 0.307236165 20.835163116
0.274534076 -0.007917981 0.961544752 17.356996536 0.060444761 0.998130739 -0.009038554 -0.834340334 -0.959675610 0.060601737 0.274499506 21.110671997
0.242168307 -0.005187288 0.970220327 18.354122162 0.057942756 0.998278141 -0.009125290 -0.860054970 -0.968502462 0.058427095 0.242051914 21.362310410
0.211093202 -0.003421170 0.977459967 19.386976242 0.057796348 0.998287916 -0.008987686 -0.872970104 -0.975755692 0.058390852 0.210929513 21.582944870
0.180424362 -0.003344362 0.983583152 20.418828964 0.059899423 0.998175681 -0.007593723 -0.895512462 -0.981763184 0.060286168 0.180295527 21.773073196
0.149719745 -0.003245204 0.988723099 21.497119904 0.061361842 0.998097479 -0.006015891 -0.906069160 -0.986822546 0.061570574 0.149634048 21.924694061
0.119211420 -0.004108895 0.992860377 22.578107834 0.059901483 0.998199701 -0.003061303 -0.922175825 -0.991060257 0.059838761 0.119242936 22.054653168
0.090038970 -0.004482783 0.995928168 23.659389496 0.060510304 0.998167098 -0.000977699 -0.935987353 -0.994098306 0.060351938 0.090145193 22.144859314
0.063043937 -0.004158379 0.998002052 24.770463943 0.063314512 0.997993708 0.000158755 -0.941502690 -0.996000350 0.063178033 0.063180730 22.205354691
0.037746806 -0.003656714 0.999280632 25.895410538 0.067391545 0.997725964 0.001105378 -0.949054062 -0.997012258 0.067301333 0.037907403 22.238506317
0.015180325 -0.003091840 0.999880016 27.062397003 0.071664192 0.997426808 0.001996238 -0.948558033 -0.997313321 0.071625285 0.015362837 22.242841721
-0.005290234 -0.002853273 0.999981940 28.217840195 0.077650726 0.996975303 0.003255492 -0.944227278 -0.996966541 0.077666536 -0.005052674 22.234348297
-0.022957563 -0.003502558 0.999730289 29.404096603 0.081953578 0.996621668 0.005373629 -0.945524812 -0.996371627 0.082054816 -0.022592956 22.193696976
-0.038329430 -0.003112509 0.999260306 30.606180191 0.085291468 0.996335626 0.006374991 -0.942597985 -0.995618463 0.085472748 -0.037923496 22.131950378
-0.052974898 -0.003802361 0.998588622 31.809991837 0.087517917 0.996127248 0.008435794 -0.943836689 -0.994753361 0.087841295 -0.052436970 22.073205948
-0.065792449 -0.004840533 0.997821569 33.005851746 0.087707907 0.996089697 0.010615249 -0.941228390 -0.993971169 0.088215247 -0.065110616 21.981088638
-0.077878058 -0.004619559 0.996952176 34.200687408 0.087536521 0.996095479 0.011453605 -0.939639628 -0.993112385 0.088161714 -0.077169605 21.883638382
-0.088979356 -0.002048179 0.996031344 35.406913757 0.087577641 0.996108770 0.009871989 -0.940437615 -0.992175817 0.088108480 -0.088453755 21.776575089
-0.098846056 0.001348217 0.995101750 36.634037018 0.087793715 0.996111333 0.007371193 -0.933599293 -0.991222322 0.088092297 -0.098580033 21.650049210
-0.108403638 0.004070595 0.994098604 37.891361237 0.089125313 0.996004462 0.005640463 -0.927492023 -0.990103722 0.089210786 -0.108333297 21.519851685
-0.115727045 0.004983821 0.993268549 39.168880463 0.088764451 0.996038318 0.005344345 -0.922922909 -0.989306867 0.088785425 -0.115710959 21.367862701
-0.121244110 0.005557935 0.992607117 40.468654633 0.088584550 0.996054888 0.005243107 -0.923075020 -0.988662004 0.088565350 -0.121258117 21.208778381
-0.126339585 0.007286522 0.991960287 41.791168213 0.089972399 0.995935559 0.004143482 -0.919104040 -0.987898409 0.089772530 -0.126481652 21.041759491
-0.130985036 0.008856156 0.991344810 43.125637054 0.088867962 0.996039271 0.002843908 -0.916919231 -0.987393260 0.088471293 -0.131253272 20.871263504
-0.135598511 0.009827998 0.990715146 44.494419098 0.089440010 0.995989501 0.002361271 -0.912889481 -0.986718595 0.088929743 -0.135933697 20.700407028
-0.138330266 0.008814204 0.990346909 45.916942596 0.088924751 0.996032000 0.003556080 -0.906422794 -0.986385882 0.088558249 -0.138565168 20.499361038
-0.141285658 0.006946512 0.989944458 47.346153259 0.089603834 0.995960593 0.005799604 -0.903483093 -0.985905468 0.089522220 -0.141337395 20.302011490
-0.142990842 0.005412387 0.989709198 48.795299530 0.089139938 0.995991528 0.007431984 -0.902391493 -0.985701621 0.089285314 -0.142900109 20.072154999
-0.145397380 0.006337321 0.989353001 50.237789154 0.092008993 0.995732546 0.007143648 -0.896223485 -0.985085726 0.092068039 -0.145359978 19.869512558
-0.146673173 0.006130665 0.989165962 51.693717957 0.091806702 0.995749056 0.007441600 -0.888661206 -0.984915495 0.091903552 -0.146612525 19.655544281
-0.147032514 0.007797072 0.989100933 53.163322449 0.094258562 0.995528698 0.006164046 -0.877889156 -0.984630287 0.094137527 -0.147110030 19.438114166
-0.147163168 0.007847822 0.989081204 54.651275635 0.093800455 0.995572507 0.006057031 -0.874545872 -0.984654486 0.093667626 -0.147247761 19.215042114
-0.146433562 0.009249444 0.989177287 56.160911560 0.093442202 0.995614409 0.004523149 -0.871011019 -0.984797299 0.093093239 -0.146655679 18.991962433
-0.145942390 0.009611472 0.989246368 57.693820953 0.094190180 0.995545268 0.004223100 -0.857065082 -0.984798968 0.093793623 -0.146197587 18.775405884
-0.144457266 0.007464522 0.989482820 59.246845245 0.092719495 0.995673954 0.006025141 -0.875237525 -0.985157430 0.092614718 -0.144524470 18.564147949
-0.143252686 0.008680489 0.989648044 60.833782196 0.093347646 0.995622098 0.004779289 -0.860448360 -0.985273957 0.093065955 -0.143435866 18.336353302
-0.142487898 0.009087413 0.989754736 62.424888611 0.093012102 0.995655894 0.004248695 -0.858954966 -0.985416591 0.092664570 -0.142714158 18.121765137
-0.141090646 0.009464246 0.989951491 64.024620056 0.093885392 0.995575488 0.003862796 -0.859049439 -0.985534787 0.093486980 -0.141354978 17.888622284
-0.140427709 0.009697879 0.990043461 65.616668701 0.093880415 0.995577097 0.003563910 -0.857358456 -0.985630035 0.093446165 -0.140717059 17.673315048
-0.139717937 0.008028157 0.990158796 67.271850586 0.095460437 0.995418549 0.005399294 -0.853747666 -0.985579133 0.095275365 -0.139844209 17.441177368
-0.138615459 0.005990983 0.990328133 68.939193726 0.097614467 0.995194972 0.007642598 -0.856013238 -0.985523820 0.097729750 -0.138534218 17.200765610
-0.137541056 0.007042429 0.990471005 70.626731873 0.099060297 0.995058954 0.006680886 -0.853472412 -0.985530138 0.099035248 -0.137559086 16.959911346
-0.137231916 0.009344401 0.990494788 72.282478333 0.101273060 0.994847834 0.004645796 -0.845571280 -0.985348225 0.100947998 -0.137471199 16.746639252
-0.135807693 0.009291071 0.990691662 73.982643127 0.100607261 0.994916201 0.004460930 -0.842781305 -0.985613704 0.100276612 -0.136052027 16.505886078
-0.136242852 0.008442912 0.990639508 75.708396912 0.101196758 0.994851530 0.005438799 -0.855211735 -0.985493302 0.100990497 -0.136395782 16.273246765
-0.135946542 0.007651434 0.990686595 77.438377380 0.101122506 0.994854808 0.006192868 -0.847592115 -0.985541880 0.101022638 -0.136020765 16.040006638
-0.136109844 0.007689197 0.990664005 79.149314880 0.102608994 0.994701326 0.006377178 -0.854313493 -0.985365629 0.102519028 -0.136177614 15.818527222
-0.136069164 0.007704589 0.990669310 80.906257629 0.103794694 0.994577348 0.006521300 -0.846674919 -0.985247016 0.103713579 -0.136131033 15.577469826
-0.136005312 0.008784965 0.990669131 82.663726807 0.103946909 0.994567931 0.005450949 -0.838264585 -0.985239863 0.103718355 -0.136179700 15.329609871
-0.136742547 0.009636669 0.990559876 84.470130920 0.103200510 0.994650066 0.004569930 -0.830722630 -0.985216260 0.102851175 -0.137005538 15.079623222
-0.137861446 0.010052589 0.990400493 86.254684448 0.101906464 0.994785547 0.004088047 -0.834619284 -0.985195100 0.101491801 -0.138166994 14.840045929
-0.140617788 0.011057292 0.990002215 87.988731384 0.101136602 0.994867206 0.003253596 -0.837697089 -0.984884799 0.100582957 -0.141014323 14.647650719
-0.141011208 0.010032842 0.989957154 89.811393738 0.100193843 0.994959116 0.004188252 -0.838654757 -0.984924912 0.099778220 -0.141305625 14.371731758
-0.142550603 0.009660942 0.989740491 91.623085022 0.099777244 0.994998872 0.004658474 -0.841893494 -0.984745562 0.099417634 -0.142801642 14.131194115
-0.142998293 0.008681935 0.989684880 93.465782166 0.097584553 0.995212674 0.005369437 -0.843014479 -0.984900296 0.097345762 -0.143160939 13.869431496
-0.144925311 0.009556704 0.989396453 95.301887512 0.096860155 0.995287478 0.004574323 -0.842296124 -0.984690130 0.096496016 -0.145168036 13.617043495
-0.147344783 0.010719245 0.989027083 97.182785034 0.096212298 0.995354533 0.003545836 -0.834276557 -0.984394610 0.095679015 -0.147691593 13.331332207
-0.151644632 0.011673032 0.988366127 99.055717468 0.096543074 0.995324075 0.003057353 -0.833649814 -0.983708978 0.095883526 -0.152062505 13.051609039
-0.156104892 0.010675414 0.987682819 100.939620972 0.094510876 0.995514989 0.004177530 -0.835654974 -0.983208477 0.093998887 -0.156413734 12.762156487
-0.161082551 0.009826363 0.986892045 102.839340210 0.093019813 0.995650291 0.005269322 -0.841913104 -0.982547581 0.092649318 -0.161295950 12.463947296
-0.165569484 0.010370267 0.986143529 104.734275818 0.091792867 0.995765865 0.004940198 -0.852001727 -0.981916845 0.091338903 -0.165820390 12.154617310
-0.169933975 0.012295815 0.985378683 106.654632568 0.092456922 0.995710492 0.003519970 -0.851032019 -0.981108665 0.091703244 -0.170341879 11.816832542
-0.174466133 0.013757757 0.984567046 108.579368591 0.092105411 0.995746493 0.002407190 -0.864079118 -0.980345964 0.091103934 -0.174991176 11.480695724
-0.179260835 0.013865828 0.983703852 110.511154175 0.091226608 0.995826900 0.002587567 -0.877304733 -0.979562759 0.090203829 -0.179777697 11.143641472
-0.184319407 0.013696593 0.982770979 112.449554443 0.089250885 0.996005058 0.002858037 -0.882171929 -0.978805721 0.088239983 -0.184805498 10.795510292
-0.189537793 0.013021075 0.981787086 114.417251587 0.087605193 0.996148407 0.003700978 -0.891221523 -0.977957428 0.086711124 -0.189948499 10.423249245
-0.194985017 0.012571741 0.980725646 116.358474731 0.086330190 0.996256888 0.004393083 -0.893067539 -0.976999402 0.085522793 -0.195340484 10.050053596
-0.201118663 0.012294516 0.979489744 118.354988098 0.087288715 0.996168435 0.005419133 -0.905506253 -0.975669980 0.086588293 -0.201421246 9.657914162
-0.206188023 0.014464946 0.978405476 120.336410522 0.087912910 0.996120870 0.003799804 -0.898567915 -0.974555194 0.086797930 -0.206659853 9.243110657
-0.212228641 0.014959138 0.977105558 122.295791626 0.087533221 0.996154487 0.003761566 -0.912170053 -0.973291755 0.086327516 -0.212721959 8.837003708
-0.218472227 0.015121013 0.975726008 124.273818970 0.088199392 0.996093512 0.004311840 -0.912864327 -0.971849084 0.087000445 -0.218952447 8.413263321
-0.223906249 0.015039028 0.974494636 126.259185791 0.087327883 0.996168554 0.004691515 -0.916714907 -0.970690370 0.086151034 -0.224361703 7.962428093
-0.229364604 0.015782245 0.973212600 128.237503052 0.086574174 0.996236324 0.004248003 -0.919164002 -0.969482720 0.085229419 -0.229867697 7.500879288
-0.234644607 0.016455842 0.971942067 130.240158081 0.085972942 0.996289849 0.003887370 -0.925421596 -0.968271971 0.084472850 -0.235188827 7.036166191
-0.239264324 0.015671749 0.970827997 132.191223145 0.087159269 0.996179700 0.005399741 -0.931916177 -0.967034578 0.085908607 -0.239716187 6.563901901
-0.242768168 0.015807938 0.969955623 134.174606323 0.089667767 0.995952368 0.006211133 -0.929810941 -0.965931237 0.088481605 -0.243202999 6.056015015
-0.246481508 0.016616298 0.969005048 136.182739258 0.091087863 0.995824218 0.006093428 -0.931482375 -0.964857459 0.089766517 -0.246965796 5.544668198
-0.249554098 0.017518312 0.968202412 138.169464111 0.091721475 0.995768785 0.005624117 -0.931794286 -0.964007199 0.090208478 -0.250104994 5.033507824
-0.253146589 0.017484896 0.967269897 140.208892822 0.091031790 0.995831013 0.005822976 -0.934138119 -0.963135481 0.089526393 -0.253682911 4.512924194
-0.257151037 0.017816283 0.966206968 142.208984375 0.089320667 0.995988250 0.005406797 -0.941900730 -0.962234437 0.087692596 -0.257710785 3.984877825
-0.260996222 0.018359438 0.965165198 144.218734741 0.088584505 0.996056080 0.005007630 -0.950981796 -0.961266696 0.086805657 -0.261593252 3.438008308
-0.265163779 0.018103596 0.964033425 146.254776001 0.087930754 0.996111512 0.005479949 -0.949250281 -0.960185587 0.086221285 -0.265724570 2.881776333
-0.269764900 0.018504061 0.962748349 148.298660278 0.088077001 0.996098220 0.005534378 -0.954533935 -0.958889663 0.086288966 -0.270342112 2.317567110
-0.274445653 0.018942496 0.961415946 150.354187012 0.087430917 0.996156275 0.005331045 -0.956377864 -0.957619667 0.085520588 -0.275046974 1.741997600
-0.279206604 0.019138157 0.960040450 152.403045654 0.087046489 0.996189296 0.005456775 -0.957454503 -0.956277490 0.085091688 -0.279808581 1.160335898
-0.283802867 0.018629964 0.958701670 154.441787720 0.087116905 0.996177316 0.006430862 -0.964591503 -0.954917073 0.085344218 -0.284340978 0.571566820
-0.288282365 0.018713212 0.957362592 156.496459961 0.087647364 0.996127546 0.006921568 -0.968399882 -0.953525603 0.085905671 -0.288806170 -0.032883435
-0.292515844 0.019375652 0.956064343 158.579452515 0.088383153 0.996062875 0.006855297 -0.969483554 -0.952167392 0.086505264 -0.293076694 -0.655834317
-0.296123803 0.020614857 0.954927087 160.644622803 0.088769078 0.996034026 0.006025109 -0.969773233 -0.951015651 0.086552195 -0.296779335 -1.292771339
-0.299507499 0.022433758 0.953830183 162.709472656 0.089276925 0.995996177 0.004607914 -0.975057840 -0.949907839 0.086535111 -0.300311148 -1.939828157
-0.303160220 0.023783736 0.952642739 164.786132812 0.090258226 0.995910883 0.003858970 -0.980951667 -0.948655546 0.087153725 -0.304067254 -2.585321188
-0.306670457 0.024352074 0.951504171 166.871444702 0.089428090 0.995987654 0.003332183 -0.985882640 -0.947605312 0.086113073 -0.307617784 -3.244531393
-0.310513198 0.024312461 0.950258076 168.978118896 0.089702748 0.995961189 0.003830133 -0.997385263 -0.946327090 0.086430073 -0.311439931 -3.915261269
-0.314698279 0.024356753 0.948879182 171.073806763 0.089033253 0.996020794 0.003961281 -1.000383258 -0.945006907 0.085728399 -0.315614641 -4.594329834
-0.318417847 0.025343474 0.947611630 173.169769287 0.091422513 0.995803773 0.004087577 -1.008129358 -0.943531573 0.087934591 -0.319398701 -5.302678585
-0.321278960 0.025734199 0.946634889 175.259933472 0.093636885 0.995595217 0.004714294 -1.010828376 -0.942343891 0.090154536 -0.322273493 -6.014068604
-0.323672444 0.025491381 0.945825875 177.356842041 0.094603144 0.995499611 0.005544117 -1.014286041 -0.941427827 0.091272563 -0.324627370 -6.738310337
-0.326716304 0.024981523 0.944792151 179.476699829 0.094151028 0.995538533 0.006234829 -1.014878869 -0.940421224 0.090990201 -0.327610672 -7.462468147
-0.329679310 0.025614951 0.943745434 181.578704834 0.093241848 0.995628119 0.005549117 -1.017703295 -0.939477265 0.089826018 -0.330626339 -8.183387756
-0.332295954 0.027580783 0.942771792 183.677963257 0.092856638 0.995673001 0.003600487 -1.027408600 -0.938593149 0.088739030 -0.333419144 -8.924409866
-0.335082382 0.029525828 0.941726029 185.812820435 0.092420891 0.995718598 0.001666302 -1.032588601 -0.937645018 0.087593518 -0.336376548 -9.685091019
-0.337892503 0.030543992 0.940688968 187.938720703 0.091735475 0.995783150 0.000618203 -1.048812509 -0.936703324 0.086503424 -0.339269668 -10.445580482
-0.341206789 0.031522699 0.939459562 190.097213745 0.090147242 0.995928168 -0.000676450 -1.059415936 -0.935655594 0.084458873 -0.342659146 -11.218106270
-0.344814837 0.031810913 0.938131571 192.236679077 0.090739198 0.995874584 -0.000417275 -1.071644306 -0.934274673 0.084981427 -0.346278816 -11.996036530
-0.348946452 0.031113116 0.936626196 194.400100708 0.090407841 0.995904624 0.000599807 -1.084418297 -0.932771564 0.084887624 -0.350330323 -12.781616211
-0.352182925 0.030583106 0.935431302 196.550628662 0.090266064 0.995916665 0.001423881 -1.098911643 -0.931568146 0.084939174 -0.353505492 -13.591421127
-0.355694622 0.030540375 0.934103131 198.701217651 0.090140708 0.995927453 0.001762726 -1.110309720 -0.930245101 0.084827706 -0.356999040 -14.410470009
-0.359670371 0.030862287 0.932568848 200.872589111 0.089294024 0.996004343 0.001477053 -1.118637919 -0.928796887 0.083804086 -0.360989094 -15.230460167
-0.362947136 0.031502653 0.931277037 203.017913818 0.088910788 0.996039152 0.000957860 -1.141577840 -0.927558243 0.083148219 -0.364310414 -16.072416306
-0.366542190 0.032200795 0.929844022 205.193801880 0.088721573 0.996056378 0.000480077 -1.154837251 -0.926161587 0.082673207 -0.367953569 -16.912723541
-0.369301051 0.032817446 0.928730190 207.304565430 0.089644812 0.995973706 0.000452890 -1.183593631 -0.924975932 0.083423100 -0.370756000 -17.750064850
-0.372127742 0.032454152 0.927613974 209.461975098 0.090449773 0.995899916 0.001442167 -1.199808359 -0.923763931 0.084439136 -0.373537481 -18.610773087
-0.374741882 0.032051653 0.926575005 211.629379272 0.091951929 0.995759666 0.002743979 -1.217309833 -0.922558069 0.086228646 -0.376100123 -19.493597031
-0.377329826 0.032869104 0.925495446 213.805648804 0.093270361 0.995637238 0.002666658 -1.234443069 -0.921370089 0.087327503 -0.378749281 -20.382333755
-0.380130708 0.034128178 0.924302936 215.994049072 0.093497045 0.995618105 0.001690435 -1.247680306 -0.920195043 0.087062173 -0.381655961 -21.276559830
-0.382928133 0.034174129 0.923145771 218.172439575 0.092733040 0.995689809 0.001606762 -1.264526844 -0.919111788 0.086221404 -0.384446770 -22.170175552
-0.385777324 0.035727095 0.921899855 220.334518433 0.092833064 0.995681643 0.000260414 -1.286586285 -0.917909503 0.085683256 -0.387428015 -23.068778992
-0.388984412 0.036111061 0.920536339 222.530456543 0.091745570 0.995782495 -0.000294565 -1.311395407 -0.916664600 0.084340557 -0.390656918 -23.991592407
-0.391168296 0.036796529 0.919583201 224.630187988 0.090923861 0.995857120 -0.001171784 -1.341017127 -0.915816605 0.083153695 -0.392893463 -24.868244171
-0.394500941 0.038037058 0.918107927 226.797821045 0.091809198 0.995774984 -0.001805379 -1.361666203 -0.914297581 0.083578527 -0.396326333 -25.784059525
-0.396997631 0.037885804 0.917037368 228.949523926 0.093775563 0.995593190 -0.000534525 -1.387557626 -0.913016438 0.085783496 -0.398800850 -26.717500687
-0.400120407 0.036921117 0.915718496 231.110824585 0.093996391 0.995572090 0.000930685 -1.413073063 -0.911629438 0.086446643 -0.401819110 -27.646755219
-0.403032571 0.036501642 0.914457440 233.224868774 0.092926525 0.995672166 0.001212468 -1.430989861 -0.910455585 0.085466020 -0.404680371 -28.577833176
-0.405923337 0.036451526 0.913179874 235.355194092 0.091338038 0.995819569 0.000850975 -1.458317161 -0.909331381 0.083753489 -0.407555819 -29.521167755
-0.409799546 0.035857424 0.911470473 237.532424927 0.089823507 0.995956957 0.001203753 -1.477583051 -0.907742202 0.082364783 -0.411363542 -30.479698181
-0.412916213 0.035549287 0.910074890 239.688705444 0.089210846 0.996011496 0.001570309 -1.494390965 -0.906389356 0.081836954 -0.414440721 -31.450780869
-0.416642964 0.035691053 0.908369243 241.841644287 0.088575773 0.996068299 0.001490309 -1.518465042 -0.904744685 0.081080437 -0.418166250 -32.427337646
-0.420530140 0.035503443 0.906583667 243.988464355 0.088279463 0.996093869 0.001940705 -1.540842414 -0.902973413 0.080848835 -0.422021687 -33.415630341
-0.424389064 0.034973633 0.904804289 246.145233154 0.087072156 0.996199250 0.002333945 -1.560958862 -0.901283741 0.079773769 -0.425821245 -34.409133911
-0.428428978 0.034963790 0.902898669 248.255950928 0.086353749 0.996261656 0.002396027 -1.579441428 -0.899439633 0.078995228 -0.429846615 -35.392986298
-0.431212515 0.035758756 0.901541531 250.382232666 0.086813517 0.996222556 0.002009209 -1.602047443 -0.898064137 0.079132371 -0.432687968 -36.410705566
-0.434479624 0.036311518 0.899949372 252.462814331 0.087445840 0.996167243 0.002023549 -1.626311183 -0.896426618 0.079576045 -0.435989618 -37.411685944
-0.437978536 0.036292315 0.898252666 254.605041504 0.087413244 0.996169269 0.002373315 -1.642846942 -0.894725502 0.079558618 -0.439473271 -38.446353912
-0.441694140 0.036551826 0.896420777 256.754760742 0.086185686 0.996277332 0.001842835 -1.663933992 -0.893016338 0.078072608 -0.443200171 -39.501346588
-0.445356518 0.036178689 0.894622147 258.881591797 0.085715652 0.996316850 0.002379310 -1.680948496 -0.891240954 0.077742741 -0.446817279 -40.548793793
-0.448398501 0.037442692 0.893049181 260.979858398 0.087293431 0.996180534 0.002063220 -1.702537179 -0.889560938 0.078882471 -0.449954361 -41.638553619
-0.451682270 0.039074395 0.891322911 263.092437744 0.089089155 0.996022522 0.001482076 -1.716824055 -0.887719691 0.080076613 -0.453366876 -42.699958801
-0.454921842 0.041320000 0.889572203 265.215057373 0.091491818 0.995805681 0.000533897 -1.733003736 -0.885819018 0.081631459 -0.456794262 -43.792083740
-0.457194924 0.042042658 0.888372242 267.333038330 0.092830569 0.995681703 0.000653507 -1.751341105 -0.884508491 0.082766876 -0.459123462 -44.890895844
-0.459532112 0.044514142 0.887044907 269.440765381 0.095111012 0.995466411 -0.000682891 -1.764645219 -0.883053839 0.084053941 -0.461682647 -45.991138458
-0.462515771 0.046842407 0.885372758 271.572082520 0.096853837 0.995296419 -0.002062005 -1.789292097 -0.881304979 0.084798045 -0.464877188 -47.081306458
-0.465173602 0.047746759 0.883930862 273.716339111 0.097982973 0.995185792 -0.002192252 -1.806370497 -0.879779994 0.085590392 -0.467612416 -48.199211121
-0.468373984 0.048794419 0.882181942 275.872894287 0.098435424 0.995139539 -0.002780220 -1.829442978 -0.878029764 0.085535787 -0.470900536 -49.320655823
-0.471283913 0.049015924 0.880618513 278.042968750 0.097835973 0.995197952 -0.003034265 -1.842298031 -0.876538455 0.084726170 -0.473816246 -50.480091095
-0.474657893 0.050363000 0.878728271 280.208801270 0.098914728 0.995089412 -0.003601828 -1.863645554 -0.874594629 0.085209534 -0.477308691 -51.632640839
-0.477451056 0.050692372 0.877194822 282.366149902 0.098188981 0.995159507 -0.004065881 -1.881933570 -0.873154879 0.084189594 -0.480117381 -52.809692383
-0.480073512 0.050589360 0.875768304 284.536895752 0.096657082 0.995307446 -0.004509711 -1.903719306 -0.871886969 0.082484223 -0.482710600 -53.984264374
-0.482010692 0.051805012 0.874632478 286.695983887 0.098828711 0.995094419 -0.004475458 -1.924594283 -0.870573699 0.084281579 -0.484765947 -55.173961639
-0.484441698 0.051475443 0.873307765 288.892578125 0.100409679 0.994941831 -0.002945611 -1.955770612 -0.869041979 0.086261585 -0.487159967 -56.371131897
-0.486473143 0.052207004 0.872134328 291.082733154 0.101841718 0.994796813 -0.002742814 -1.969151020 -0.867739677 0.087485351 -0.489258856 -57.594581604
-0.488380492 0.051482197 0.871110737 293.242218018 0.101484731 0.994835317 -0.001897752 -1.994244337 -0.866709471 0.087477602 -0.491082847 -58.798992157
-0.490564495 0.051225718 0.869897842 295.434265137 0.101255260 0.994859397 -0.001483102 -2.003477335 -0.865502059 0.087354198 -0.493229538 -60.034908295
-0.493649483 0.051407240 0.868140399 297.660339355 0.102247752 0.994758606 -0.000763990 -2.014082193 -0.863629341 0.088388234 -0.496318370 -61.284446716
-0.495537370 0.050986141 0.867088854 299.838195801 0.102236465 0.994760096 -0.000065732 -2.028074265 -0.862548709 0.088615514 -0.498153478 -62.531501770
-0.497401476 0.051421754 0.865995169 302.041076660 0.101656593 0.994819343 -0.000682710 -2.049840689 -0.861543834 0.087694541 -0.500051856 -63.791240692
-0.500340283 0.053959951 0.864145756 304.238861084 0.101397082 0.994840205 -0.003412016 -2.067032814 -0.859871089 0.085914694 -0.503229976 -65.043846130
-0.503748119 0.052871477 0.862231016 306.456024170 0.099522956 0.995031118 -0.002869603 -2.090093136 -0.858098447 0.084366225 -0.506507039 -66.328666687
-0.508351684 0.050892889 0.859644413 308.656402588 0.096956044 0.995287418 -0.001588189 -2.109842300 -0.855674088 0.082540356 -0.510890603 -67.601272583
-0.512785733 0.048359144 0.857153475 310.877349854 0.094738819 0.995501995 0.000512275 -2.128492594 -0.853273213 0.081468396 -0.515060782 -68.908737183
-0.517025292 0.047358193 0.854659021 313.110839844 0.093732938 0.995596170 0.001535887 -2.135936737 -0.850822508 0.080903791 -0.519187510 -70.246826172
-0.521395802 0.047530301 0.851990163 315.363586426 0.094250731 0.995546103 0.002140082 -2.149312258 -0.848093867 0.081416517 -0.523553371 -71.614105225
-0.525402606 0.049502153 0.849412501 317.626556396 0.097333699 0.995249331 0.002204338 -2.156155825 -0.845268130 0.083834618 -0.527724862 -73.008247375
-0.528875053 0.050739698 0.847181618 319.871948242 0.098282240 0.995157063 0.001752939 -2.157540798 -0.842989802 0.084189996 -0.531300545 -74.410377502
-0.532644629 0.050898455 0.844807029 322.092987061 0.099317014 0.995052278 0.002668115 -2.172750473 -0.840491414 0.085324883 -0.535064280 -75.812507629
-0.536795020 0.049424537 0.842263758 324.307434082 0.099544421 0.995020211 0.005053672 -2.188225269 -0.837819815 0.086555444 -0.539041877 -77.224388123
-0.540419936 0.047721431 0.840040982 326.545532227 0.098044567 0.995160520 0.006541046 -2.197988987 -0.835663557 0.085896358 -0.542483389 -78.667076111
-0.545008361 0.047064256 0.837108552 328.788452148 0.096798845 0.995278895 0.007064946 -2.205739498 -0.832823932 0.084881596 -0.546991050 -80.087326050
-0.549624026 0.047080260 0.834084392 331.014526367 0.096852370 0.995269418 0.007642921 -2.212292433 -0.829778910 0.084983796 -0.551583767 -81.531166077
-0.553545713 0.046790719 0.831503332 333.214294434 0.097566664 0.995188713 0.008950071 -2.216995001 -0.827083945 0.086081266 -0.555447698 -82.973045349
-0.558207512 0.046754420 0.828382969 335.457244873 0.098025531 0.995134771 0.009888707 -2.211650133 -0.823890388 0.086722635 -0.560074866 -84.458068848
-0.561690450 0.045773748 0.826080203 337.679931641 0.096888281 0.995237410 0.010731973 -2.213702202 -0.821654618 0.086065531 -0.563450336 -85.963272095
-0.564955592 0.044707660 0.823909163 339.891204834 0.096447125 0.995264232 0.012128039 -2.207515955 -0.819465160 0.086315483 -0.566591918 -87.463546753
-0.567663431 0.044111114 0.822078049 342.091552734 0.096890315 0.995203435 0.013504258 -2.198091030 -0.817539275 0.087317280 -0.569214523 -88.973335266
-0.569836497 0.043551434 0.820603132 344.288665771 0.094835982 0.995407701 0.013026470 -2.189553261 -0.816267431 0.085245661 -0.571349800 -90.514938354
-0.572144330 0.042924330 0.819028914 346.418792725 0.090960793 0.995789766 0.011353794 -2.173681736 -0.815093279 0.080995530 -0.573639870 -91.994995117
-0.575128555 0.042210896 0.816973388 348.584960938 0.087073185 0.996153414 0.009828632 -2.162647247 -0.813415825 0.076789193 -0.576591611 -93.486885071
-0.577818215 0.039370384 0.815215290 350.716522217 0.085119031 0.996295869 0.012216122 -2.170063019 -0.811714768 0.076449037 -0.579029083 -94.993171692
-0.581366599 0.038910646 0.812710762 352.894287109 0.086132504 0.996186376 0.013919217 -2.165555000 -0.809069872 0.078092970 -0.582500994 -96.522254944
-0.584383190 0.039161794 0.810532391 355.076538086 0.085356213 0.996260345 0.013405263 -2.151151896 -0.806976080 0.077017769 -0.585540652 -98.077529907
-0.587768674 0.037647866 0.808152556 357.270019531 0.082990669 0.996452808 0.013939204 -2.145160675 -0.804761171 0.075262167 -0.588808179 -99.635925293
-0.591608346 0.033701621 0.805520833 359.455108643 0.080623306 0.996590793 0.017517477 -2.143633127 -0.802184343 0.075307235 -0.592308462 -101.188270569
-0.595098972 0.031244297 0.803044856 361.642822266 0.078164726 0.996756613 0.019143132 -2.122069836 -0.799842179 0.074161842 -0.595611036 -102.768165588
-0.598438144 0.030492904 0.800588489 363.841461182 0.076609783 0.996874392 0.019296585 -2.093358278 -0.797497809 0.072880723 -0.598903716 -104.371398926
-0.601756394 0.030471453 0.798098147 366.006591797 0.076078825 0.996915102 0.019300219 -2.071956873 -0.795047939 0.072332397 -0.602218211 -105.952316284
-0.604956686 0.029910648 0.795696378 368.160858154 0.075845212 0.996915162 0.020189464 -2.052769661 -0.792637944 0.072563507 -0.605359077 -107.550491333
-0.607690513 0.028827427 0.793650508 370.311279297 0.075327255 0.996927798 0.021466361 -2.036356449 -0.790593326 0.072828405 -0.607995152 -109.169654846
-0.610617697 0.027719513 0.791440248 372.459991455 0.072389320 0.997156858 0.020925764 -2.011640549 -0.788610041 0.070069470 -0.610888243 -110.798515320
-0.613988042 0.023659727 0.788960755 374.612548828 0.062010519 0.997907102 0.018332349 -1.994454145 -0.786875725 0.060179695 -0.614170253 -112.428054810
-0.617786169 0.026671194 0.785893559 376.754882812 0.055031721 0.998440504 0.009375622 -1.987167001 -0.784418106 0.049041212 -0.618290663 -114.052703857
-0.620325446 0.036925353 0.783474863 378.876098633 0.065186687 0.997862577 0.004582840 -1.993700027 -0.781630993 0.053914979 -0.621406555 -115.719978333
-0.621311188 0.038094260 0.782637298 381.018035889 0.072805166 0.997303367 0.009254792 -2.002227068 -0.780174077 0.062730156 -0.622409225 -117.405952454
-0.623598695 0.029121630 0.781201959 383.145172119 0.072127737 0.997186601 0.020403251 -1.987015963 -0.778409958 0.069069773 -0.623944879 -119.089706421
-0.627593935 0.017672054 0.778340280 385.294616699 0.064662315 0.997471213 0.029491350 -1.944000483 -0.775850892 0.068837866 -0.627149642 -120.761177063
-0.631344557 0.012635110 0.775399506 387.387634277 0.060127154 0.997654974 0.032699872 -1.895269156 -0.773168206 0.067267448 -0.630623579 -122.396530151
-0.634880543 0.012091297 0.772515655 389.484161377 0.058978744 0.997718513 0.032854676 -1.839268327 -0.770355880 0.066420808 -0.634145141 -124.070129395
-0.637468874 0.017248744 0.770282984 391.565734863 0.064305417 0.997452319 0.030882014 -1.799870133 -0.767787874 0.069219679 -0.636954010 -125.764724731
-0.638997257 0.023640433 0.768845618 393.604278564 0.068807922 0.997277319 0.026522880 -1.753459096 -0.766125262 0.069850706 -0.638884127 -127.457351685
-0.641487002 0.026489444 0.766676366 395.678497314 0.069500491 0.997300565 0.023694133 -1.716418862 -0.763979018 0.068483867 -0.641596377 -129.175964355
-0.644954741 0.026903303 0.763747096 397.732604980 0.070162870 0.997243822 0.024121491 -1.682175636 -0.760993123 0.069143951 -0.645064771 -130.890655518
-0.647510171 0.026204349 0.761606157 399.763610840 0.070737459 0.997160435 0.025831303 -1.643998623 -0.758766651 0.070600115 -0.647525132 -132.603302002
-0.649812818 0.025552200 0.759664595 401.795471191 0.071367130 0.997070670 0.027509410 -1.600299835 -0.756736338 0.072091058 -0.649732947 -134.336135864
-0.651659966 0.025861761 0.758070230 403.844238281 0.071313024 0.997080564 0.027287148 -1.557689548 -0.755151510 0.071842223 -0.651601791 -136.070999146
-0.652861238 0.026164696 0.757025480 405.903503418 0.072343655 0.996988595 0.027930988 -1.512345791 -0.754014909 0.073001049 -0.652788103 -137.840545654
-0.654578388 0.026394742 0.755533218 407.943756104 0.072649606 0.996961236 0.028113039 -1.471324205 -0.752495229 0.073291384 -0.654506862 -139.590408325
-0.655601919 0.025810065 0.754665494 409.981353760 0.073944472 0.996806562 0.030146452 -1.422583103 -0.751477420 0.075567417 -0.655416846 -141.352127075
-0.656825602 0.025282703 0.753618538 412.013916016 0.075658731 0.996603906 0.032506835 -1.373065948 -0.750237226 0.078369141 -0.656507730 -143.106597900
-0.657937050 0.025024446 0.752656996 414.052886963 0.077451549 0.996396363 0.034576140 -1.315665483 -0.749079406 0.081043363 -0.657504320 -144.869216919
-0.659722805 0.025419911 0.751078963 416.085296631 0.076238446 0.996535420 0.033238046 -1.255025983 -0.747631907 0.079188988 -0.659375131 -146.617950439
-0.661423802 0.025135733 0.749591053 418.094879150 0.071857937 0.996964335 0.029975176 -1.204057336 -0.746562123 0.073690362 -0.661222160 -148.365066528
-0.662916839 0.024418587 0.748294711 420.087524414 0.069071025 0.997200310 0.028649287 -1.154671311 -0.745500147 0.070677564 -0.662747502 -150.118927002
-0.664198458 0.023937993 0.747172832 422.095184326 0.068733133 0.997209013 0.029151568 -1.112073421 -0.744389772 0.070717953 -0.663990021 -151.866241455
-0.665431440 0.022190319 0.746129036 424.091430664 0.065929115 0.997398853 0.029135311 -1.067303538 -0.743541658 0.068579182 -0.665163577 -153.618911743
-0.665603161 0.021379294 0.745999515 426.112030029 0.063587867 0.997579336 0.028145799 -1.023215413 -0.743591905 0.066170447 -0.665351391 -155.415618896
-0.666360378 0.020535570 0.745346963 428.081146240 0.062021244 0.997683048 0.027960824 -0.973299623 -0.743045866 0.064859323 -0.666090131 -157.149749756
-0.666671216 0.019198878 0.745104492 430.075897217 0.062435552 0.997593224 0.030158611 -0.924315333 -0.742732286 0.066626899 -0.666265428 -158.918426514
-0.666805804 0.018002009 0.745014191 432.073547363 0.065186992 0.997285247 0.034246232 -0.877341747 -0.742375016 0.071400821 -0.666168988 -160.672409058
-0.665194392 0.016834533 0.746480346 434.055023193 0.069802485 0.996769607 0.039722502 -0.810756385 -0.743400216 0.078529365 -0.664220750 -162.446899414
-0.664023638 0.016439777 0.747530818 436.064422607 0.073390640 0.996363640 0.043279976 -0.725220203 -0.744101107 0.083600685 -0.662815571 -164.206588745
-0.661933184 0.013580534 0.749439776 438.033599854 0.067723744 0.996830106 0.041752663 -0.653498173 -0.746497095 0.078392342 -0.660754561 -165.942886353
-0.661671281 0.012578534 0.749688506 440.032165527 0.060053375 0.997536123 0.036265779 -0.581825793 -0.747385383 0.069017336 -0.660796285 -167.648315430
-0.659817517 0.010694718 0.751349807 442.036407471 0.055627689 0.997850239 0.034647502 -0.523995280 -0.749364018 0.064656876 -0.658993959 -169.390762329
-0.658333004 0.010043136 0.752659857 444.058135986 0.053566962 0.998000920 0.033536863 -0.470041543 -0.750818372 0.062396128 -0.657555044 -171.102600098
-0.656353354 0.010642883 0.754378557 446.071136475 0.055196688 0.997898221 0.033945836 -0.410613805 -0.752431810 0.063919649 -0.655561328 -172.821166992
-0.653662682 0.011004633 0.756706119 448.072174072 0.056141391 0.997844279 0.033984967 -0.338892847 -0.754700780 0.064697236 -0.652871430 -174.550109863
-0.651185393 0.011879602 0.758825719 450.069702148 0.053797387 0.998084724 0.030540904 -0.286473304 -0.757009506 0.060710624 -0.650577307 -176.246994019
-0.650619388 0.006882435 0.759372830 452.100769043 0.046769027 0.998423934 0.031021975 -0.239438340 -0.757962465 0.055698626 -0.649915814 -177.928756714
-0.650309145 0.000320283 0.759669662 454.117828369 0.038081512 0.998756349 0.032178286 -0.195899174 -0.758714616 0.049855199 -0.649512470 -179.603332520
-0.649631262 -0.003462235 0.760241508 456.147583008 0.030525951 0.999064386 0.030634489 -0.151572078 -0.759636223 0.043108217 -0.648917854 -181.298248291
-0.649255812 -0.003806599 0.760560572 458.193603516 0.028991103 0.999136865 0.029749047 -0.098404214 -0.760017395 0.041364226 -0.648585081 -183.007080078
-0.647923946 -0.003658411 0.761696100 460.209777832 0.031071812 0.999029160 0.031229030 -0.051434774 -0.761070907 0.043901321 -0.647181392 -184.712387085
-0.646859467 -0.004821611 0.762594104 462.247009277 0.032504670 0.998896956 0.033887293 -0.003680024 -0.761916220 0.046708178 -0.645989299 -186.406112671
-0.645527482 -0.006943646 0.763705432 464.224090576 0.030948194 0.998899519 0.035241216 0.057574745 -0.763109744 0.046384476 -0.644602180 -188.063446045
-0.644371629 -0.007529663 0.764675379 466.308380127 0.028415855 0.999025166 0.033782564 0.119528815 -0.764184356 0.043497432 -0.643529475 -189.802062988
-0.643508852 -0.006761796 0.765408874 468.347106934 0.026656151 0.999156475 0.031237630 0.179767445 -0.764974475 0.040504549 -0.642785668 -191.474166870
-0.643302441 -0.004799992 0.765597045 470.416870117 0.028239589 0.999151111 0.029992949 0.227433100 -0.765091181 0.040914685 -0.642620742 -193.177978516
-0.640949070 -0.004176684 0.767572045 472.430358887 0.030212924 0.999072969 0.030665211 0.280962646 -0.766988575 0.042845435 -0.640228689 -194.870986938
