1.000000000 0.000000000 0.000000000 0.000000000 0.000000000 1.000000000 0.000000000 0.000000000 0.000000000 0.000000000 1.000000000 0.000000000
0.999998689 0.000729455 0.001462867 -0.006614377 -0.000722818 0.999989450 -0.004532372 -0.002671989 -0.001466158 0.004531309 0.999988675 0.964518726
0.999996722 -0.001394938 0.002135653 -0.002145543 0.001406371 0.999984622 -0.005361433 -0.000522526 -0.002128141 0.005364418 0.999983370 1.918953180
0.999994040 -0.002501992 0.002370620 -0.005117082 0.002504917 0.999996066 -0.001231694 -0.003870577 -0.002367528 0.001237625 0.999996424 2.878201962
0.999986231 -0.004948478 0.001731928 -0.002424457 0.004939912 0.999975681 0.004916424 -0.006242417 -0.001756215 -0.004907801 0.999986351 3.828044653
0.999962866 -0.008615550 0.000031429 0.002571632 0.008615286 0.999950349 0.004993176 -0.004067351 -0.000074446 -0.004992719 0.999987483 4.768500805
0.999936581 -0.011237766 -0.000615412 -0.001281223 0.011238937 0.999934971 0.001934799 0.001406689 0.000593629 -0.001941593 0.999997914 5.700404167
0.999929786 -0.011798983 -0.001082124 -0.009163910 0.011797479 0.999929428 -0.001382994 -0.000038616 0.001098366 0.001370131 0.999998391 6.627416134
0.999936283 -0.011127336 -0.001908969 -0.015772628 0.011124066 0.999936640 -0.001714768 -0.000712387 0.001927929 0.001693423 0.999996603 7.550555229
0.999933004 -0.011176957 -0.002995985 -0.021366445 0.011177093 0.999937534 0.000028940 -0.000308201 0.002995474 -0.000062425 0.999995530 8.478619576
0.999933720 -0.010856185 -0.003830948 -0.027413495 0.010868204 0.999935985 0.003130357 -0.000423444 0.003796719 -0.003171785 0.999987781 9.398589134
0.999922097 -0.011451702 -0.004963145 -0.032972708 0.011474162 0.999923885 0.004520940 0.003568274 0.004910995 -0.004577536 0.999977469 10.318594933
0.999905109 -0.012545388 -0.005695334 -0.039810851 0.012575161 0.999907255 0.005221795 0.009062194 0.005629296 -0.005292920 0.999970198 11.238186836
0.999896288 -0.012913576 -0.006375892 -0.047773227 0.012949266 0.999900460 0.005588276 0.007087486 0.006303093 -0.005670260 0.999963999 12.126182556
0.999886692 -0.013325034 -0.007001184 -0.060130421 0.013355368 0.999901474 0.004303994 0.009602406 0.006943143 -0.004397010 0.999966204 13.030576706
0.999875903 -0.013479262 -0.008145512 -0.076435804 0.013498220 0.999906242 0.002276796 0.013067408 0.008114059 -0.002386464 0.999964178 13.929183960
0.999843776 -0.014854157 -0.009586198 -0.087678716 0.014861619 0.999889255 0.000707687 0.024563937 0.009574625 -0.000850042 0.999953806 14.830205917
0.999826968 -0.014592228 -0.011533223 -0.095984161 0.014590221 0.999893546 -0.000258323 0.025718056 0.011535766 0.000090006 0.999933481 15.744997978
0.999829769 -0.013256363 -0.012837655 -0.120150812 0.013240558 0.999911487 -0.001315401 0.028252780 0.012853958 0.001145200 0.999916732 16.648138046
0.999820709 -0.011670647 -0.014910052 -0.132225499 0.011658865 0.999931633 -0.000876940 0.022121118 0.014919267 0.000702949 0.999888480 17.542314529
0.999791145 -0.012636650 -0.016063342 -0.154496104 0.012632726 0.999920189 -0.000345886 0.025759315 0.016066428 0.000142890 0.999870956 18.435756683
0.999778569 -0.012062117 -0.017242504 -0.184161663 0.012086499 0.999926090 0.001310585 0.021317326 0.017225426 -0.001518697 0.999850452 19.322137833
0.999755502 -0.011650230 -0.018794373 -0.203815714 0.011689037 0.999929726 0.001956356 0.022908125 0.018770263 -0.002175566 0.999821424 20.207321167
0.999701798 -0.012885477 -0.020741228 -0.220966354 0.012932882 0.999914050 0.002153040 0.021415636 0.020711700 -0.002420642 0.999782562 21.082504272
0.999664605 -0.012934946 -0.022438787 -0.244139850 0.012972849 0.999914646 0.001544456 0.022058120 0.022416895 -0.001835033 0.999746978 21.957353592
0.999638021 -0.013119077 -0.023487752 -0.268333524 0.013167189 0.999911368 0.001894748 0.022669964 0.023460817 -0.002203330 0.999722302 22.805807114
0.999610126 -0.013062294 -0.024677243 -0.290403724 0.013158444 0.999906361 0.003737909 0.027391484 0.024626112 -0.004061166 0.999688506 23.664779663
0.999575019 -0.014287826 -0.025408855 -0.313033283 0.014468631 0.999871135 0.006946136 0.026898194 0.025306338 -0.007310815 0.999653041 24.504268646
0.999560416 -0.013753729 -0.026264016 -0.337356538 0.013975033 0.999868214 0.008261211 0.032322545 0.026146928 -0.008624621 0.999620914 25.350063324
0.999550045 -0.013373269 -0.026850382 -0.367226750 0.013559510 0.999885142 0.006766115 0.039738268 0.026756814 -0.007127148 0.999616623 26.182052612
0.999551296 -0.011545296 -0.027638886 -0.396216869 0.011666960 0.999922931 0.004244695 0.042857941 0.027587751 -0.004565254 0.999608994 26.998331070
0.999526978 -0.011296520 -0.028604411 -0.420989722 0.011375252 0.999931931 0.002591238 0.045449361 0.028573191 -0.002915395 0.999587476 27.785694122
0.999511659 -0.010435278 -0.029456466 -0.450707018 0.010498085 0.999942958 0.001978360 0.050889328 0.029434141 -0.002286630 0.999564111 28.582639694
0.999474525 -0.010363078 -0.030711211 -0.478689939 0.010419747 0.999944329 0.001685806 0.048733648 0.030692028 -0.002004923 0.999526918 29.370985031
0.999411285 -0.010238070 -0.032744881 -0.508713722 0.010271797 0.999946892 0.000861855 0.047827363 0.032734316 -0.001197696 0.999463379 30.152282715
0.999338686 -0.010574607 -0.034791019 -0.538098633 0.010607395 0.999943435 0.000757916 0.048476726 0.034781031 -0.001126457 0.999394357 30.917835236
0.999292672 -0.009990608 -0.036253255 -0.576424837 0.010059881 0.999947965 0.001728884 0.055107456 0.036234092 -0.002092365 0.999341190 31.682447433
0.999186814 -0.010342105 -0.038971029 -0.596966743 0.010506768 0.999936640 0.004022842 0.055559486 0.038926959 -0.004429031 0.999232233 32.442428589
0.999104500 -0.009536774 -0.041221332 -0.628305078 0.009766579 0.999937832 0.005377107 0.058765966 0.041167490 -0.005774884 0.999135554 33.177062988
0.999065399 -0.008215063 -0.042436566 -0.674340665 0.008464849 0.999947786 0.005709772 0.058095951 0.042387452 -0.006063655 0.999082863 33.899433136
0.999008298 -0.005495768 -0.044184286 -0.719668865 0.005711792 0.999972343 0.004764402 0.060058665 0.044156872 -0.005012050 0.999012053 34.616741180
0.998920262 -0.004019760 -0.046283904 -0.751226366 0.004208019 0.999983311 0.003970768 0.066342071 0.046267163 -0.004161244 0.998920441 35.326187134
0.998839200 -0.003417660 -0.048046522 -0.784160078 0.003655543 0.999981463 0.004864108 0.073709168 0.048029002 -0.005034099 0.998833239 36.029415131
0.998818636 -0.002072134 -0.048549626 -0.833726406 0.002406484 0.999973774 0.006829314 0.074394897 0.048534203 -0.006938080 0.998797417 36.719768524
0.998797953 0.000467389 -0.049016014 -0.868872643 -0.000113894 0.999974012 0.007214371 0.079150803 0.049018111 -0.007200116 0.998771966 37.397739410
0.998851001 0.003974453 -0.047759704 -0.909443498 -0.003736168 0.999980092 0.005077478 0.081884816 0.047778938 -0.004893206 0.998845935 38.076255798
0.998940766 0.005557538 -0.045676343 -0.949371994 -0.005447775 0.999981880 0.002527200 0.073766388 0.045689560 -0.002275689 0.998953104 38.709815979
0.999026418 0.005764062 -0.043735486 -0.976308763 -0.005763871 0.999983251 0.000130483 0.083765626 0.043735508 0.000121730 0.999043167 39.358028412
0.999170363 0.006877268 -0.040139765 -1.014912248 -0.006840669 0.999975979 0.001049046 0.085973822 0.040146012 -0.000773593 0.999193609 39.993194580
0.999237418 0.011556975 -0.037296031 -1.039704204 -0.011413370 0.999926567 0.004060990 0.085038990 0.037340224 -0.003632220 0.999296010 40.640762329
0.999309778 0.016081380 -0.033485513 -1.068891406 -0.015844114 0.999847472 0.007338999 0.085387021 0.033598427 -0.006803385 0.999412239 41.263668060
0.999347627 0.021043383 -0.029351758 -1.092034340 -0.020813085 0.999750316 0.008129731 0.090690114 0.029515505 -0.007513526 0.999536097 41.869609833
0.999407828 0.024737356 -0.023919847 -1.113939881 -0.024544535 0.999664009 0.008321475 0.098174401 0.024117667 -0.007729446 0.999679267 42.453559875
0.999439240 0.028545700 -0.017504051 -1.141608953 -0.028362527 0.999541104 0.010625056 0.103784531 0.017799322 -0.010122638 0.999790251 43.029407501
0.999373734 0.033513140 -0.011360322 -1.148055196 -0.033381905 0.999375939 0.011551376 0.105003782 0.011740357 -0.011164914 0.999868751 43.575649261
0.999308109 0.036924947 -0.004454607 -1.151893616 -0.036874026 0.999259174 0.011017464 0.110333286 0.004858126 -0.010845582 0.999929428 44.107162476
0.999186337 0.040214587 0.003068045 -1.157282948 -0.040246896 0.999125659 0.011315363 0.108746357 -0.002610320 -0.011429633 0.999931335 44.617664337
0.998967588 0.044275671 0.010176100 -1.150179148 -0.044385366 0.998955965 0.010818946 0.112671763 -0.009686458 -0.011259447 0.999889731 45.116420746
0.998676062 0.048174437 0.018035123 -1.149558067 -0.048324861 0.998799622 0.007999791 0.117724918 -0.017628090 -0.008860743 0.999805391 45.584392548
0.998388708 0.050520696 0.025839441 -1.141320586 -0.050668977 0.998702407 0.005116248 0.116528146 -0.025547436 -0.006417262 0.999653041 46.036544800
0.998149335 0.050622944 0.033693720 -1.124966383 -0.050817501 0.998695731 0.004942567 0.118024066 -0.033399563 -0.006645651 0.999420106 46.466499329
0.997893512 0.049809135 0.041563101 -1.100091815 -0.050104257 0.998725414 0.006088739 0.120596722 -0.041206852 -0.008158402 0.999117374 46.864013672
0.997431338 0.051915631 0.049351174 -1.076037765 -0.052312039 0.998607814 0.006774121 0.124949835 -0.048930787 -0.009338382 0.998758554 47.261768341
0.996769190 0.055029675 0.058504991 -1.068126917 -0.055543091 0.998430312 0.007184754 0.119938381 -0.058017794 -0.010411089 0.998261273 47.615043640
0.995984972 0.059621394 0.066778056 -1.034283996 -0.060183596 0.998166621 0.006437310 0.123869881 -0.066271819 -0.010430408 0.997747123 47.945117950
0.995043516 0.063900821 0.076190397 -1.024647355 -0.064596660 0.997888982 0.006700969 0.119909659 -0.075601362 -0.011589400 0.997070789 48.245735168
0.994321644 0.063125953 0.085670002 -0.996719480 -0.063996419 0.997922301 0.007449810 0.117023170 -0.085021712 -0.012890083 0.996295691 48.524044037
0.993451059 0.061822392 0.096088484 -0.954608440 -0.062636904 0.998021305 0.005480594 0.118082620 -0.095559530 -0.011463387 0.995357752 48.808769226
0.992347777 0.060364440 0.107712597 -0.915847063 -0.060837269 0.998146951 0.001106108 0.113574617 -0.107446261 -0.007650585 0.994181454 49.066543579
0.990754724 0.061360825 0.120995492 -0.874198079 -0.061433136 0.998106420 -0.003136016 0.116306357 -0.120958775 -0.004326111 0.992648125 49.333713531
0.988653958 0.062967829 0.136375800 -0.834081769 -0.062828958 0.998010159 -0.005326693 0.114677437 -0.136439815 -0.003302092 0.990642846 49.599109650
0.986151040 0.064878069 0.152633324 -0.785029709 -0.064636536 0.997887373 -0.006549145 0.109472200 -0.152735770 -0.003407245 0.988261163 49.846580505
0.983330548 0.065440416 0.169642061 -0.732976675 -0.065034412 0.997851431 -0.007954735 0.112739392 -0.169798106 -0.003210439 0.985473633 50.117523193
0.980111837 0.064358033 0.187720060 -0.671099305 -0.063765891 0.997922540 -0.009197921 0.110805497 -0.187922031 -0.002955146 0.982179463 50.364276886
0.976241529 0.063541017 0.207159370 -0.606741428 -0.062959604 0.997971773 -0.009405179 0.105762117 -0.207336843 -0.003860946 0.978262007 50.613357544
0.971790433 0.063645966 0.227095738 -0.529357314 -0.062877834 0.997964680 -0.010622617 0.103398517 -0.227309614 -0.003956332 0.973814487 50.853542328
0.966509163 0.066186637 0.247950375 -0.452320546 -0.065024972 0.997800469 -0.012880945 0.101125747 -0.248257563 -0.003673415 0.968687117 51.084983826
0.960214674 0.067388840 0.271010339 -0.373397946 -0.065823890 0.997720420 -0.014870869 0.096265219 -0.271394670 -0.003559729 0.962461531 51.334625244
0.952889919 0.068802878 0.295409709 -0.282445729 -0.067097798 0.997619390 -0.015917784 0.086667828 -0.295801640 -0.004653446 0.955237985 51.569782257
0.944475889 0.071268469 0.320758671 -0.182826385 -0.069527164 0.997436941 -0.016894592 0.079608753 -0.321140617 -0.006344908 0.947010279 51.812419891
0.934524417 0.073548548 0.348216414 -0.083449177 -0.071842961 0.997256637 -0.017827360 0.064749219 -0.348572314 -0.008356795 0.937244654 52.039295197
0.923389852 0.073766157 0.376709163 0.040604360 -0.071834587 0.997231781 -0.019194271 0.062405623 -0.377082318 -0.009336947 0.926132739 52.292934418
0.910849631 0.072081283 0.406395495 0.185249746 -0.069317341 0.997362137 -0.021539303 0.054992307 -0.406875998 -0.008551188 0.913443387 52.522441864
0.896014214 0.069215529 0.438597441 0.333560169 -0.065213524 0.997577786 -0.024203600 0.047380500 -0.439210266 -0.006915713 0.898357630 52.751197815
0.878626347 0.068759881 0.472533375 0.485028744 -0.062842116 0.997621536 -0.028318867 0.038510997 -0.473356694 -0.004813295 0.880857706 52.968799591
0.859301209 0.070212990 0.506627619 0.653140545 -0.061788943 0.997528732 -0.033445008 0.028693920 -0.507723868 -0.002564649 0.861516058 53.185581207
0.837461054 0.071837731 0.541754961 0.831100762 -0.061043132 0.997415423 -0.037896886 0.019010561 -0.543077230 -0.001333254 0.839681685 53.411231995
0.812747478 0.075786777 0.577665865 1.042141080 -0.063167870 0.997121096 -0.041943051 0.012193974 -0.579181433 -0.002400808 0.815195203 53.671939850
0.785337448 0.079252429 0.613974035 1.260213017 -0.065590933 0.996841431 -0.044775665 0.001112838 -0.615583360 -0.005107129 0.788055182 53.908100128
0.755303144 0.083894022 0.649983823 1.485380650 -0.069587119 0.996432424 -0.047747914 -0.016439417 -0.651670754 -0.009166350 0.758446574 54.136203766
0.722364366 0.084973566 0.686271966 1.741834998 -0.069297582 0.996321023 -0.050421473 -0.035350297 -0.688031614 -0.011134311 0.725595355 54.359088898
0.685828805 0.082483992 0.723073423 2.027606964 -0.065516382 0.996519744 -0.051535435 -0.052937053 -0.724807739 -0.012028670 0.688846111 54.584781647
0.646925628 0.080742598 0.758266330 2.329445362 -0.062292527 0.996650755 -0.052980758 -0.075859070 -0.760004401 -0.012959717 0.649788678 54.801593781
0.603900611 0.080685228 0.792965293 2.655052185 -0.060945671 0.996624947 -0.054993305 -0.096289806 -0.794726133 -0.015117306 0.606779873 55.020980835
0.557420671 0.080320381 0.826335788 3.004844427 -0.057073221 0.996661842 -0.058376346 -0.115947880 -0.828266144 -0.014621459 0.560144126 55.233528137
0.508275867 0.079133570 0.857550919 3.374184608 -0.054124892 0.996736050 -0.059897225 -0.138350934 -0.859491765 -0.015970528 0.510900199 55.433097839
0.459839344 0.077432886 0.884619713 3.784621000 -0.051970039 0.996830106 -0.060240090 -0.156790689 -0.886480033 -0.018272951 0.462405980 55.609878540
0.409151524 0.075185880 0.909363568 4.196949005 -0.051913328 0.996903300 -0.059066180 -0.181902707 -0.910988450 -0.023041066 0.411787748 55.784061432
0.358873457 0.074779958 0.930385888 4.661926270 -0.055265773 0.996738970 -0.058795702 -0.206590906 -0.931748629 -0.030318275 0.361836046 55.945571899
0.310414016 0.075907521 0.947565973 5.114263535 -0.053167440 0.996632755 -0.062420979 -0.215615451 -0.949113488 -0.031003306 0.313404709 56.054359436
0.262259275 0.072498128 0.962270319 5.613402367 -0.042324048 0.997078478 -0.063585520 -0.249674663 -0.964068890 -0.024051279 0.264561623 56.165946960
0.217565536 0.067082129 0.973737776 6.130323410 -0.027874012 0.997655571 -0.062501878 -0.265348047 -0.975647628 -0.013543722 0.218925402 56.254306793
0.177523986 0.065186791 0.981955111 6.657288551 -0.019036364 0.997844517 -0.062800087 -0.314668506 -0.983932257 -0.007544334 0.178382263 56.285175323
0.138812378 0.066580392 0.988077998 7.185152054 -0.015516574 0.997761190 -0.065052986 -0.338208795 -0.990197122 -0.006301425 0.139534682 56.340549469
0.106350109 0.067571066 0.992030144 7.735475063 -0.007065291 0.997714460 -0.067200810 -0.371919423 -0.994303584 0.000137832 0.106584445 56.372798920
0.077547505 0.066020697 0.994800329 8.290053368 0.000611342 0.997801661 -0.066267543 -0.404365629 -0.996988416 0.005747044 0.077336676 56.393180847
0.052315790 0.064201683 0.996564746 8.863335609 0.007392790 0.997878969 -0.064674452 -0.439928204 -0.998603106 0.010750890 0.051730223 56.410774231
0.032884609 0.063021213 0.997470260 9.429406166 0.012170196 0.997910798 -0.063450284 -0.469791234 -0.999384999 0.014225947 0.032048929 56.406883240
0.017021686 0.065027446 0.997738242 10.017018318 0.015330869 0.997748554 -0.065289661 -0.494505912 -0.999737561 0.016407534 0.015986441 56.405471802
0.003533810 0.064742170 0.997895777 10.605496407 0.015745612 0.997774661 -0.064790078 -0.531483948 -0.999869764 0.015941435 0.002506542 56.399230957
-0.007712569 0.065577358 0.997817695 11.213268280 0.016899003 0.997713387 -0.065439887 -0.565977931 -0.999827445 0.016357414 -0.008803120 56.383583069
-0.016756181 0.068198971 0.997530997 11.836699486 0.021866597 0.997457445 -0.067826636 -0.605558276 -0.999620497 0.020676095 -0.018204853 56.371597290
-0.022964163 0.070035100 0.997280180 12.455659866 0.025977990 0.997248113 -0.069434665 -0.639786422 -0.999398768 0.024312826 -0.024720341 56.338485718
-0.027741045 0.069552362 0.997192502 13.104775429 0.026334140 0.997281075 -0.068825938 -0.675371528 -0.999268293 0.024350908 -0.029497219 56.325050354
-0.031684898 0.066756487 0.997266114 13.756563187 0.024169335 0.997526407 -0.066006020 -0.709845960 -0.999205649 0.022011869 -0.033219982 56.311386108
-0.033925831 0.059829898 0.997631848 14.429700851 0.022099366 0.998007357 -0.059100892 -0.748496473 -0.999180019 0.020041985 -0.035180431 56.293598175
-0.034957584 0.054445058 0.997904658 15.115073204 0.023479911 0.998284101 -0.053643234 -0.780591905 -0.999112964 0.021555472 -0.036175966 56.264514923
-0.035154235 0.051722746 0.998042524 15.788414001 0.026071317 0.998367369 -0.050821267 -0.814397752 -0.999041796 0.024233701 -0.036445320 56.235183716
-0.035610758 0.054117210 0.997899413 16.493083954 0.029118763 0.998164952 -0.053092491 -0.852392375 -0.998941481 0.027166931 -0.037121233 56.220088959
-0.034178935 0.061501708 0.997521579 17.191833496 0.030066513 0.997716248 -0.060483512 -0.881589592 -0.998963416 0.027924731 -0.035950024 56.191936493
-0.032327037 0.069543958 0.997054935 17.895961761 0.030835327 0.997170866 -0.068552300 -0.918998003 -0.999001503 0.028528424 -0.034379996 56.173072815
-0.030462135 0.069975801 0.997083366 18.609554291 0.031872720 0.997107089 -0.069003716 -0.956802189 -0.999027550 0.029677758 -0.032604333 56.160022736
-0.028668227 0.065525822 0.997438908 19.343723297 0.031046094 0.997426033 -0.064632654 -1.001485348 -0.999106705 0.029113684 -0.030628759 56.146648407
-0.025878578 0.058887240 0.997929096 20.070362091 0.030923190 0.997832775 -0.058079660 -1.042768598 -0.999186635 0.029356133 -0.027643479 56.123733521
-0.023210088 0.057592392 0.998070359 20.821569443 0.028464966 0.997972608 -0.056924801 -1.086304307 -0.999325275 0.027088808 -0.024802398 56.118694305
-0.019437948 0.063049383 0.997821152 21.551765442 0.036258277 0.997397661 -0.062316306 -1.126849771 -0.999153376 0.034967966 -0.021673424 56.091350555
-0.016540630 0.068442009 0.997518003 22.280408859 0.038175113 0.996970296 -0.067771412 -1.169051409 -0.999134183 0.036959376 -0.019103298 56.081901550
-0.014080838 0.069163464 0.997506022 23.010911942 0.031744007 0.997132957 -0.068689503 -1.209074974 -0.999396861 0.030697627 -0.016235990 56.084514618
-0.010804367 0.065622009 0.997786045 23.755136490 0.027184406 0.997494757 -0.065308489 -1.254012704 -0.999572039 0.026418604 -0.012561196 56.086997986
-0.006359769 0.061509360 0.998086214 24.491380692 0.031274401 0.997630477 -0.061281983 -1.308528304 -0.999490619 0.030824812 -0.008268367 56.082393646
-0.002798236 0.062590040 0.998035371 25.236406326 0.035641614 0.997411430 -0.062450979 -1.352951169 -0.999360740 0.035396840 -0.005021803 56.074619293
-0.000603318 0.067027584 0.997750938 25.972873688 0.035272695 0.997131765 -0.066964656 -1.403887868 -0.999377549 0.035152957 -0.002965833 56.090705872
0.004008349 0.068191677 0.997664213 26.707618713 0.031634118 0.997164249 -0.068284623 -1.439007401 -0.999491453 0.031833936 0.001839798 56.091613770
0.008107700 0.067664571 0.997675240 27.459676743 0.031099146 0.997208238 -0.067885637 -1.484154463 -0.999483466 0.031577241 0.005980755 56.097667694
0.011463674 0.064716198 0.997837901 28.198944092 0.035054296 0.997264087 -0.065081716 -1.528239608 -0.999319673 0.035724584 0.009163728 56.104373932
0.015370056 0.065012805 0.997766078 28.942811966 0.039306365 0.997073412 -0.065573163 -1.579736948 -0.999108911 0.040226426 0.012769655 56.104648590
0.018724283 0.065801732 0.997657001 29.689487457 0.042777326 0.996865511 -0.066552401 -1.632866979 -0.998909175 0.043923236 0.015850767 56.123931885
0.021510599 0.065943688 0.997591496 30.440578461 0.043274794 0.996825814 -0.066826202 -1.674821973 -0.998831570 0.044608034 0.018588619 56.140800476
0.025030795 0.064265117 0.997618854 31.187141418 0.044767544 0.996858358 -0.065339379 -1.724412799 -0.998683751 0.046296444 0.022075165 56.165451050
0.028323628 0.063671105 0.997568965 31.929336548 0.046584301 0.996800959 -0.064944744 -1.766992331 -0.998512745 0.048310518 0.025266947 56.188907623
0.030579846 0.063430794 0.997517645 32.670955658 0.045079842 0.996881306 -0.064772300 -1.823240280 -0.998515248 0.046948656 0.027625028 56.237167358
0.033488132 0.065174527 0.997311771 33.420719147 0.041389283 0.996924877 -0.066539049 -1.868897080 -0.998581707 0.043506283 0.030687630 56.264839172
0.036571320 0.065804385 0.997162104 34.144573212 0.044530883 0.996731222 -0.067409135 -1.897668719 -0.998338461 0.046869744 0.033521444 56.281841278
0.039347906 0.065328740 0.997087717 34.897357941 0.041971244 0.996871769 -0.066970877 -1.951962113 -0.998343706 0.044484176 0.036482885 56.322338104
0.041965533 0.065674193 0.996958315 35.654716492 0.040227018 0.996917129 -0.067364782 -1.997813225 -0.998308957 0.042931657 0.039194278 56.357379913
0.044694956 0.065305717 0.996863902 36.413928986 0.037622318 0.997043133 -0.067004271 -2.051738977 -0.998291969 0.040499084 0.042105850 56.398715973
0.047491077 0.066735849 0.996639788 37.175685883 0.036198132 0.996995330 -0.068484515 -2.104737997 -0.998215556 0.039328903 0.044932667 56.445205688
0.049970552 0.071215980 0.996208370 37.937332153 0.034413505 0.996739566 -0.072980143 -2.148521423 -0.998157620 0.037929885 0.047356829 56.501651764
0.053315841 0.072298497 0.995957077 38.696453094 0.035179552 0.996620536 -0.074229889 -2.209311008 -0.997957766 0.038994953 0.050592229 56.543521881
0.056358781 0.075026222 0.995587647 39.451988220 0.028456794 0.996646762 -0.076716915 -2.252812147 -0.998004913 0.032654904 0.054034788 56.601310730
0.059582725 0.074344598 0.995451033 40.231517792 0.024742311 0.996806443 -0.075926766 -2.302498102 -0.997916698 0.029153682 0.057552982 56.652645111
0.062914371 0.074483544 0.995235682 41.002674103 0.026994625 0.996719360 -0.076301046 -2.362955332 -0.997653723 0.031666446 0.060697313 56.714782715
0.065820694 0.075415343 0.994977534 41.776317596 0.025768258 0.996678770 -0.077248946 -2.425081491 -0.997498691 0.030723410 0.063658774 56.787635803
0.069786973 0.077559285 0.994542301 42.551242828 0.022788553 0.996588826 -0.079317957 -2.461124182 -0.997301638 0.028199533 0.067781456 56.850605011
0.074307024 0.074620098 0.994439662 43.334976196 0.021313578 0.996849895 -0.076393567 -2.525308132 -0.997007608 0.026871642 0.072482519 56.901767731
0.079282887 0.074852906 0.994037867 44.132465363 0.021743009 0.996809781 -0.076795816 -2.583330154 -0.996614933 0.027701970 0.077402435 56.964744568
0.084779538 0.078360967 0.993313730 44.919670105 0.018257651 0.996613204 -0.080179572 -2.641196489 -0.996232390 0.024933159 0.083061725 57.037223816
0.090446435 0.086587124 0.992130101 45.700656891 0.016653111 0.995942473 -0.088438012 -2.705356121 -0.995762110 0.024520958 0.088637508 57.122638702
0.097365350 0.091733329 0.991012037 46.491779327 0.014521955 0.995506227 -0.093576096 -2.764089584 -0.995142758 0.023502503 0.095595673 57.199829102
0.104817994 0.094847575 0.989958167 47.289230347 0.010174775 0.995287240 -0.096435472 -2.828919172 -0.994439363 0.020180777 0.103358962 57.294563293
0.111750662 0.092811085 0.989392638 48.098426819 0.006630508 0.995537341 -0.094136387 -2.901772499 -0.993714094 0.017079981 0.110636570 57.402091980
0.118767820 0.091656864 0.988682568 48.906391144 0.006741496 0.995632946 -0.093111046 -2.963098764 -0.992899179 0.017723791 0.117631249 57.518344879
0.126427636 0.087884247 0.988075078 49.724624634 0.006597289 0.995971262 -0.089430712 -3.033772945 -0.991953909 0.017825130 0.125338495 57.625629425
0.133819044 0.082367085 0.987576842 50.501197815 0.004095844 0.996485531 -0.083665095 -3.106575251 -0.990997314 0.015240940 0.133011371 57.724094391
0.140902176 0.074862599 0.987188995 51.318706512 0.001464323 0.997120023 -0.075824723 -3.169066429 -0.990022421 0.012129431 0.140386760 57.855579376
0.148638099 0.071992926 0.986267507 52.123798370 0.001941747 0.997323215 -0.073092580 -3.231251955 -0.988889754 0.012779422 0.148100421 57.979091644
0.155854493 0.073928080 0.985009670 52.933059692 0.001820783 0.997172177 -0.075129017 -3.290628672 -0.987778306 0.013502681 0.155279130 58.117237091
0.161590233 0.080331698 0.983582973 53.710258484 0.001174347 0.996665061 -0.081593081 -3.362323999 -0.986857235 0.014339712 0.160956979 58.243251801
0.166539460 0.084362477 0.982419252 54.497512817 -0.000045090 0.996333897 -0.085549727 -3.411279917 -0.986034751 0.014203109 0.165932730 58.387580872
0.171131700 0.086974062 0.981401801 55.239643097 -0.001554705 0.996118605 -0.088007204 -3.484001875 -0.985246956 0.013535034 0.170602694 58.535667419
0.176594436 0.086462758 0.980478764 56.017265320 -0.004393625 0.996193588 -0.087057233 -3.552984238 -0.984273970 0.011065966 0.176302135 58.680080414
0.181952983 0.083645418 0.979743123 56.786418915 -0.000190547 0.996378303 -0.085030273 -3.613699913 -0.983307242 0.015284824 0.181309924 58.822090149
0.186351135 0.077371299 0.979432046 57.552738190 0.000347810 0.996888995 -0.078816526 -3.665971518 -0.982483149 0.015028206 0.185744509 58.970771790
0.190031424 0.071025707 0.979205549 58.303974152 -0.001380032 0.997398138 -0.072077475 -3.727640867 -0.981777012 0.012345651 0.189634979 59.121269226
0.192281067 0.067091018 0.979043782 59.034729004 -0.005345095 0.997717083 -0.067320876 -3.796192884 -0.981325269 0.007711450 0.192200720 59.288875580
0.195569068 0.067177035 0.978386402 59.764636993 -0.006852000 0.997720361 -0.067134887 -3.848146915 -0.980665922 0.006425605 0.195583552 59.439002991
0.197677523 0.069142655 0.977825582 60.482727051 -0.008696013 0.997593701 -0.068782486 -3.895816088 -0.980228484 0.005093569 0.197803140 59.590953827
0.198917091 0.073479608 0.977257788 61.182685852 -0.013411456 0.997295976 -0.072256416 -3.951218605 -0.979924560 0.001266587 0.199364662 59.747322083
0.201192856 0.077589087 0.976473927 61.888568878 -0.013883381 0.996983826 -0.076358236 -3.998939037 -0.979453206 0.001805970 0.201663196 59.901348114
0.203167200 0.082813293 0.975635767 62.579002380 -0.014078577 0.996560991 -0.081657730 -4.054055691 -0.979042768 0.002854610 0.203634411 60.056533813
0.204647690 0.084565818 0.975175858 63.242877960 -0.013213119 0.996408999 -0.083634242 -4.109902859 -0.978746414 0.004230442 0.205030173 60.205257416
0.205807731 0.084814526 0.974910080 63.931602478 -0.015978990 0.996395528 -0.083310477 -4.163754463 -0.978461921 0.001567863 0.206421167 60.359802246
0.206303298 0.081450835 0.975092113 64.594184875 -0.015675865 0.996676683 -0.079937220 -4.221157074 -0.978362501 0.001205900 0.206894472 60.504890442
0.207308725 0.079317473 0.975054741 65.256492615 -0.015826927 0.996849239 -0.077725366 -4.272497177 -0.978147507 0.000681029 0.207910880 60.644718170
0.206925988 0.077959888 0.975245476 65.901542664 -0.014584682 0.996955216 -0.076600768 -4.322613239 -0.978247881 0.001627045 0.207432956 60.783370972
0.205011934 0.077584408 0.975679696 66.536491394 -0.015178890 0.996985495 -0.076089188 -4.369081974 -0.978641689 0.000789460 0.205571562 60.928848267
0.204065144 0.077618599 0.975875378 67.149925232 -0.016327111 0.996983171 -0.075883277 -4.431491852 -0.978821158 -0.000448093 0.204716772 61.047172546
0.201916233 0.080443516 0.976093590 67.760604858 -0.017102590 0.996758819 -0.078608751 -4.480772018 -0.979253411 -0.000821344 0.202637598 61.176769257
0.199692890 0.084314823 0.976224244 68.354438782 -0.015148175 0.996437550 -0.082961962 -4.530047894 -0.979741454 0.001778899 0.200258717 61.297798157
0.198305026 0.084697112 0.976474047 68.962188721 -0.012852136 0.996398389 -0.083815262 -4.579618454 -0.980056107 0.004071211 0.198679373 61.425067902
0.195872143 0.084054925 0.977020323 69.554489136 -0.012990680 0.996454656 -0.083122544 -4.614984512 -0.980543375 0.003589233 0.196269661 61.544677734
0.193483800 0.081222057 0.977735579 70.141822815 -0.013356377 0.996692955 -0.080153786 -4.661508083 -0.981012523 0.002449453 0.193928778 61.662303925
0.191482782 0.076939777 0.978475630 70.717384338 -0.012606657 0.997033417 -0.075931937 -4.711284161 -0.981415033 0.002204352 0.191884682 61.777519226
0.189639598 0.076122642 0.978898466 71.275962830 -0.009382549 0.997084975 -0.075719252 -4.761324406 -0.981808901 0.005174805 0.189801037 61.878822327
0.187536329 0.077668920 0.979182065 71.835868835 -0.005219813 0.996933639 -0.078077272 -4.801346779 -0.982243776 0.009531175 0.187366679 61.990070343
0.185240030 0.079587042 0.979465127 72.387916565 -0.000960203 0.996729195 -0.080808252 -4.842206001 -0.982692838 0.014028437 0.184710547 62.089801788
0.183510050 0.081581563 0.979626715 72.929389954 -0.001474344 0.996572018 -0.082716569 -4.879377365 -0.983016729 0.013735011 0.183001265 62.186790466
0.182013720 0.084248543 0.979680181 73.471977234 -0.002472254 0.996358752 -0.085223518 -4.926218510 -0.983292878 0.013089830 0.181559280 62.290794373
0.181062400 0.082465693 0.980008066 74.024002075 -0.000138011 0.996480286 -0.083826311 -4.973356724 -0.983471572 0.015042540 0.180436492 62.388435364
0.181436494 0.081388608 0.980028868 74.567710876 0.005232753 0.996475339 -0.083723195 -5.010504246 -0.983388662 0.020318691 0.180371106 62.484870911
0.183782712 0.078590006 0.979820073 75.115592957 0.011147195 0.996568024 -0.082024172 -5.058779240 -0.982903659 0.025996873 0.182275921 62.581035614
0.185920492 0.077802405 0.979479611 75.668228149 0.014081663 0.996546805 -0.081831001 -5.101952553 -0.982463837 0.029006762 0.184182853 62.682495117
0.189204276 0.077634014 0.978863955 76.230262756 0.011554501 0.996624708 -0.081275970 -5.144070148 -0.981869757 0.026688052 0.187668607 62.800182343
0.194633141 0.077686034 0.977794826 76.776519775 0.010475348 0.996637225 -0.081268206 -5.195405006 -0.980820179 0.026060227 0.193164840 62.912654877
0.201080471 0.076950297 0.976547599 77.345916748 0.011941615 0.996643126 -0.080992669 -5.229355335 -0.979501963 0.027947601 0.199486583 63.043136597
0.208882362 0.077526949 0.974862874 77.915214539 0.009416183 0.996647060 -0.081276938 -5.270438671 -0.977895439 0.026156807 0.207451999 63.170993805
0.217539430 0.075433277 0.973132193 78.484725952 0.010187920 0.996779323 -0.079543784 -5.310671329 -0.975998342 0.027218102 0.216070279 63.297573090
0.226096585 0.074929260 0.971218765 79.061439514 0.007019440 0.996886015 -0.078543596 -5.356824875 -0.974079549 0.024575850 0.224866569 63.448455811
0.235647380 0.074484393 0.968980014 79.639183044 0.005970736 0.996928871 -0.078084819 -5.400486469 -0.971820295 0.024186011 0.234478936 63.596912384
0.245104954 0.078353733 0.966325104 80.224990845 0.000569065 0.996716976 -0.080962390 -5.443001747 -0.969496369 0.020394186 0.244255677 63.762992859
0.254469573 0.080663972 0.963710785 80.820503235 -0.003332871 0.996582627 -0.082535341 -5.488272667 -0.967075050 0.017790811 0.253868788 63.940387726
0.265991628 0.083401032 0.960360706 81.422187805 -0.007008719 0.996391356 -0.084588856 -5.531085968 -0.963949800 0.015769033 0.265616268 64.103866577
0.276050568 0.085344203 0.957346559 82.022499084 -0.008613090 0.996229649 -0.086326934 -5.577698708 -0.961104512 0.015584888 0.275744915 64.294433594
0.286067605 0.086123653 0.954331160 82.647628784 -0.011603034 0.996190965 -0.086423203 -5.625148773 -0.958139181 0.013649748 0.285977334 64.493186951
0.296507329 0.086574353 0.951098502 83.273918152 -0.012313463 0.996146500 -0.086836152 -5.673334122 -0.954951227 0.014036240 0.296430796 64.690887451
0.306291431 0.087162584 0.947938919 83.916564941 -0.016321141 0.996133745 -0.086320497 -5.722475052 -0.951797843 0.010967786 0.306529850 64.921035767
0.317159891 0.082846709 0.944746554 84.576583862 -0.016073545 0.996503592 -0.081989355 -5.762513638 -0.948235869 0.010818305 0.317382604 65.145721436
0.327796370 0.075393707 0.941735268 85.237213135 -0.011952962 0.997061849 -0.075662509 -5.813036442 -0.944672883 0.013545369 0.327734441 65.379753113
0.338275254 0.071474954 0.938328862 85.899528503 -0.010997709 0.997343600 -0.072005495 -5.862916470 -0.940982997 0.014038208 0.338162690 65.628967285
0.349012882 0.068436772 0.934615672 86.568725586 -0.012169025 0.997576714 -0.068502776 -5.907446384 -0.937038898 0.012534991 0.348999858 65.881996155
0.358524054 0.065757260 0.931201696 87.260116577 -0.005196122 0.997641206 -0.068448335 -5.946739674 -0.933506012 0.019701738 0.358020008 66.148788452
0.367045939 0.060569014 0.928228736 87.966888428 0.000955186 0.997852802 -0.065489836 -5.987748623 -0.930202246 0.024924418 0.366199970 66.424827576
0.374216229 0.051482096 0.925911367 88.688682556 0.010327831 0.998164594 -0.059673574 -6.026480675 -0.927283943 0.031893477 0.372997701 66.703163147
0.380999833 0.046739612 0.923393071 89.393249512 0.015790550 0.998246789 -0.057043828 -6.070690155 -0.924440265 0.036314562 0.379593879 66.997955322
0.388273388 0.046535917 0.920368552 90.101005554 0.017720979 0.998162448 -0.057945251 -6.119310379 -0.921373844 0.038808431 0.386735260 67.299285889
0.395934880 0.052964184 0.916749895 90.813560486 0.019902444 0.997605860 -0.066231199 -6.157361031 -0.918062925 0.044468798 0.393932790 67.605422974
0.402731657 0.057017446 0.913540423 91.512519836 0.024153527 0.997048378 -0.072877496 -6.202299118 -0.914999366 0.051415302 0.400165796 67.913261414
0.408123076 0.059142549 0.911009073 92.218284607 0.022194134 0.996961713 -0.074665301 -6.251585960 -0.912657142 0.050691698 0.405570388 68.231811523
0.412296444 0.060544375 0.909035802 92.903900146 0.015242760 0.997191370 -0.073329195 -6.307507515 -0.910922229 0.044089582 0.410215557 68.562362671
0.416155279 0.064737998 0.906986117 93.597152710 0.007942944 0.997165561 -0.074819222 -6.359603882 -0.909258842 0.038340557 0.414461493 68.900489807
0.420362651 0.067902818 0.904811800 94.263221741 0.007102981 0.996919036 -0.078115076 -6.413755417 -0.907328486 0.039263520 0.418585181 69.204048157
0.424605519 0.072133258 0.902500510 94.946823120 0.003613281 0.996678174 -0.081360474 -6.474012852 -0.905371249 0.037807096 0.422934443 69.531463623
0.428173572 0.075015165 0.900577664 95.606376648 0.000778992 0.996517599 -0.083377033 -6.531094074 -0.903696179 0.036401384 0.426624179 69.851005554
0.432043254 0.073614448 0.898843467 96.269340515 -0.000329884 0.996675849 -0.081468262 -6.585799217 -0.901852787 0.034901302 0.430631369 70.183944702
0.436376959 0.070653915 0.896985650 96.923583984 0.000155363 0.996906102 -0.078600064 -6.648107052 -0.899763942 0.034438618 0.435015947 70.499229431
0.439931929 0.067818485 0.895466685 97.572578430 -0.000001262 0.997144341 -0.075518474 -6.701834202 -0.898031116 0.033221848 0.438675702 70.817398071
0.443308204 0.067235328 0.893844128 98.203933716 -0.001839773 0.997249007 -0.074101046 -6.766078472 -0.896367371 0.031205125 0.442212343 71.147453308
0.446115822 0.068585835 0.892343342 98.821525574 -0.003629447 0.997189701 -0.074829876 -6.823620319 -0.894967854 0.030144079 0.445111096 71.483840942
0.448736668 0.069281176 0.890974462 99.433776855 -0.003003466 0.997101784 -0.076020822 -6.873373032 -0.893658996 0.031437315 0.447644144 71.797149658
0.450874537 0.067343563 0.890043259 100.039039612 -0.000559242 0.997170866 -0.075165898 -6.922715664 -0.892587125 0.033392642 0.449636638 72.107482910
0.452914625 0.066254094 0.889088690 100.629180908 0.001177740 0.997189701 -0.074909642 -6.970857143 -0.891553104 0.034974787 0.451563716 72.398307800
0.454543620 0.065739714 0.888295233 101.208648682 0.000042585 0.997271061 -0.073826462 -7.026005745 -0.890724540 0.033595167 0.453300446 72.704879761
0.456469208 0.065207087 0.887346566 101.784164429 0.002020575 0.997232378 -0.074321531 -7.064800739 -0.889736891 0.035718441 0.455074102 73.014274597
0.458878100 0.067152120 0.885957956 102.354576111 0.000646992 0.997114301 -0.075912453 -7.119978428 -0.888498962 0.035407770 0.457510442 73.312026978
0.461613119 0.067576811 0.884503663 102.911483765 0.003810073 0.996933997 -0.078155018 -7.160549641 -0.887073219 0.039447404 0.459940314 73.605583191
0.464695007 0.066594832 0.882963002 103.464698792 0.005532283 0.996930122 -0.078102030 -7.211158752 -0.885453522 0.041178428 0.462899983 73.896568298
0.467873484 0.064909801 0.881408632 104.007781982 0.008441664 0.996925652 -0.077897906 -7.258229256 -0.883755088 0.043886926 0.465887100 74.183616638
0.471438140 0.063948706 0.879577577 104.533393860 0.010055546 0.996912897 -0.077869035 -7.301737785 -0.881841838 0.045555070 0.469339699 74.457862854
0.474204540 0.063350610 0.878132522 105.042228699 0.010946353 0.996906519 -0.077830449 -7.350182533 -0.880346715 0.046519905 0.472044110 74.739990234
0.477557629 0.062350661 0.876385331 105.558074951 0.011741254 0.996936798 -0.077325366 -7.396850109 -0.878521979 0.047217172 0.475362778 75.032066345
0.481333435 0.061827768 0.874354362 106.073760986 0.013635078 0.996860385 -0.077996619 -7.437744617 -0.876431525 0.049464263 0.478979230 75.311088562
0.485342711 0.063080207 0.872045517 106.576202393 0.013131507 0.996755600 -0.079409666 -7.481153488 -0.874225438 0.049992174 0.482939750 75.590240479
0.489449382 0.063224845 0.869736671 107.076957703 0.015205455 0.996597826 -0.081003875 -7.526437283 -0.871899188 0.052872032 0.486822814 75.877143860
0.494123727 0.066454932 0.866848052 107.570335388 0.013475123 0.996369064 -0.084065512 -7.570135117 -0.869287193 0.053219639 0.491434157 76.166252136
0.499509752 0.072166681 0.863297164 108.051765442 0.010477911 0.995948076 -0.089318126 -7.613251209 -0.866244972 0.053660825 0.496729553 76.460746765
0.505531669 0.079214834 0.859164000 108.527595520 0.004536247 0.995518744 -0.094455853 -7.672067642 -0.862796128 0.051647801 0.502906859 76.743698120
0.511957109 0.085850492 0.854710340 109.010421753 -0.000248745 0.995008230 -0.099793568 -7.711464882 -0.859010994 0.050877411 0.509422719 77.042976379
0.517985106 0.090358429 0.850603819 109.491020203 -0.004077801 0.994654596 -0.103177518 -7.767704964 -0.855379939 0.049975820 0.515584707 77.358955383
0.523770630 0.090664104 0.847020924 109.972480774 -0.008410006 0.994822025 -0.101284064 -7.818516254 -0.851817906 0.045926161 0.521820962 77.661903381
0.529102147 0.089628644 0.843811274 110.468444824 -0.015350537 0.995254338 -0.096089363 -7.873624325 -0.848419189 0.037888128 0.527967155 77.991401672
0.535016000 0.087264404 0.840323031 110.967536926 -0.021140354 0.995722592 -0.089942455 -7.920671940 -0.844577312 0.030355930 0.534572363 78.327804565
0.541001439 0.085667260 0.836647213 111.471878052 -0.027688043 0.996073604 -0.084087551 -7.972764969 -0.840565801 0.022326365 0.541249216 78.672256470
0.547259569 0.083583832 0.832778931 111.986190796 -0.030357141 0.996328473 -0.080049723 -8.024529457 -0.836412251 0.018527195 0.547787786 79.022224426
0.553111136 0.087121397 0.828539491 112.501960754 -0.035636257 0.996080995 -0.080948658 -8.068824768 -0.832344830 0.015247560 0.554048181 79.390602112
0.559414029 0.091204837 0.823855221 113.023193359 -0.039303433 0.995728731 -0.083544269 -8.111429214 -0.827955902 0.014355502 0.560609341 79.760810852
0.565304816 0.094454341 0.819456398 113.552459717 -0.042092144 0.995431364 -0.085700624 -8.158955574 -0.823807418 0.013954300 0.566697955 80.154563904
0.571420252 0.096632108 0.814948499 114.085098267 -0.044454116 0.995229900 -0.086838834 -8.205460548 -0.819452643 0.013393653 0.572990239 80.545539856
