1.000000000 0.000000000 0.000000000 0.000000000 0.000000000 1.000000000 0.000000000 0.000000000 0.000000000 0.000000000 1.000000000 0.000000000
1.000000000 -0.000120601 0.000088431 -0.012870084 0.000120476 0.999998987 0.001420147 -0.013070837 -0.000088602 -0.001420136 0.999998987 1.318567514
0.999998927 -0.001458132 -0.000205038 -0.023497447 0.001458523 0.999997079 0.001915680 -0.040597469 0.000202244 -0.001915977 0.999998152 2.633747339
0.999996066 -0.002798283 -0.000232571 -0.030522792 0.002798504 0.999995649 0.000958267 -0.056785528 0.000229888 -0.000958914 0.999999464 3.944893837
0.999996006 -0.002822801 -0.000294974 -0.038049571 0.002823114 0.999995470 0.001064979 -0.076033816 0.000291967 -0.001065807 0.999999404 5.260237217
0.999993503 -0.003587489 -0.000299318 -0.040868364 0.003588092 0.999991477 0.002038523 -0.101814672 0.000292002 -0.002039584 0.999997854 6.605438232
0.999987066 -0.005066258 0.000112364 -0.054230794 0.005065874 0.999982119 0.003188793 -0.118564665 -0.000128517 -0.003188183 0.999994874 7.913516045
0.999989748 -0.004512234 -0.000146019 -0.054797456 0.004512723 0.999983549 0.003544022 -0.134786695 0.000130025 -0.003544645 0.999993682 9.276748657
0.999992788 -0.003750972 -0.000562846 -0.055852018 0.003751931 0.999991536 0.001714131 -0.152605280 0.000556412 -0.001716231 0.999998391 10.627471924
0.999999046 -0.001201941 -0.000665951 -0.068065353 0.001201880 0.999999285 -0.000091688 -0.178956226 0.000666061 0.000090887 0.999999762 11.949022293
0.999995828 0.002878001 0.000071834 -0.090348572 -0.002877938 0.999995470 -0.000880720 -0.200713292 -0.000074368 0.000880509 0.999999583 13.292089462
0.999988794 0.004732903 0.000109183 -0.115199938 -0.004732783 0.999988258 -0.001064467 -0.220290452 -0.000114220 0.001063939 0.999999404 14.611018181
0.999982536 0.005909001 -0.000145505 -0.117167853 -0.005909066 0.999982476 -0.000458183 -0.237769485 0.000142795 0.000459035 0.999999881 15.962422371
0.999994278 0.003339989 0.000483330 -0.130826831 -0.003341142 0.999991477 0.002404464 -0.260112524 -0.000475295 -0.002406064 0.999996960 17.317993164
0.999999404 -0.000652169 0.000884671 -0.135828882 0.000648322 0.999990344 0.004341119 -0.279382110 -0.000887494 -0.004340543 0.999990165 18.672876358
0.999994099 -0.003424252 0.000227562 -0.136656299 0.003423788 0.999992073 0.002007349 -0.294435441 -0.000234434 -0.002006559 0.999997914 20.012344360
0.999989629 -0.004549155 -0.000037708 -0.141681701 0.004549161 0.999989629 0.000134465 -0.313393474 0.000037096 -0.000134635 1.000000000 21.367204666
0.999998093 -0.001618701 0.001023586 -0.156795710 0.001620322 0.999997437 -0.001585108 -0.333416939 -0.001021017 0.001586764 0.999998152 22.706996918
0.999998093 0.001124690 0.001613251 -0.165217027 -0.001125813 0.999999225 0.000695548 -0.355779201 -0.001612467 -0.000697363 0.999998450 24.074903488
0.999997914 0.001138433 0.001649327 -0.155000120 -0.001145722 0.999989569 0.004424961 -0.379502863 -0.001644273 -0.004426843 0.999988794 25.467195511
0.999996424 -0.000781225 0.002558075 -0.160256937 0.000766228 0.999982536 0.005858331 -0.386127502 -0.002562607 -0.005856350 0.999979556 26.863655090
0.999985218 -0.004911122 0.002352683 -0.160557836 0.004901540 0.999979794 0.004061408 -0.401061267 -0.002372581 -0.004049816 0.999988914 28.235431671
0.999984324 -0.005201690 0.002131660 -0.169443727 0.005197493 0.999984562 0.001970483 -0.422927231 -0.002141877 -0.001959372 0.999995768 29.597919464
0.999979913 -0.005631445 0.002938003 -0.171976462 0.005632203 0.999984145 -0.000249510 -0.443475753 -0.002936551 0.000266052 0.999995649 30.988054276
0.999991953 -0.002024672 0.003457564 -0.178366914 0.002029499 0.999996960 -0.001393023 -0.465721190 -0.003454733 0.001400029 0.999992967 32.369647980
0.999992847 -0.000635500 0.003718416 -0.185736969 0.000649222 0.999992967 -0.003690146 -0.487584591 -0.003716044 0.003692533 0.999986231 33.743209839
0.999992788 -0.000351227 0.003787575 -0.183492944 0.000362242 0.999995708 -0.002907947 -0.510642409 -0.003786538 0.002909298 0.999988616 35.130962372
0.999993622 -0.000307538 0.003557881 -0.191230446 0.000314028 0.999998212 -0.001823940 -0.535988629 -0.003557314 0.001825045 0.999992013 36.512641907
0.999993026 0.001142584 0.003548566 -0.201266974 -0.001142212 0.999999344 -0.000106646 -0.560429275 -0.003548685 0.000102592 0.999993682 37.911338806
0.999985635 0.003903142 0.003682030 -0.212101564 -0.003903145 0.999992371 -0.000006448 -0.576010108 -0.003682027 -0.000007924 0.999993265 39.313045502
0.999972463 0.006290728 0.003937341 -0.218395606 -0.006289540 0.999980092 -0.000314093 -0.601359129 -0.003939239 0.000289321 0.999992192 40.712448120
0.999957979 0.008354880 0.003768179 -0.224389687 -0.008358179 0.999964774 0.000860163 -0.630541980 -0.003760860 -0.000891622 0.999992549 42.114280701
0.999953628 0.008961662 0.003530777 -0.232992038 -0.008963067 0.999959767 0.000382581 -0.647196174 -0.003527206 -0.000414210 0.999993682 43.522674561
0.999960005 0.008381996 0.003120386 -0.240927309 -0.008381831 0.999964893 -0.000065850 -0.665719688 -0.003120828 0.000039693 0.999995112 44.924133301
0.999968946 0.007441107 0.002633113 -0.255613565 -0.007440525 0.999972284 -0.000231250 -0.690504670 -0.002634761 0.000211651 0.999996483 46.309803009
0.999973059 0.007113310 0.001806436 -0.266358137 -0.007113550 0.999974668 0.000127295 -0.718108296 -0.001805484 -0.000140141 0.999998391 47.704490662
0.999976277 0.006838302 0.000780306 -0.263672441 -0.006839302 0.999975801 0.001287461 -0.738863289 -0.000771483 -0.001292767 0.999998868 49.172512054
0.999968410 0.007951461 -0.000060505 -0.281283498 -0.007951382 0.999967694 0.001210788 -0.760191739 0.000070131 -0.001210268 0.999999285 50.576881409
0.999966264 0.008091900 -0.001402104 -0.293278188 -0.008089883 0.999966204 0.001438127 -0.780093968 0.001413694 -0.001426736 0.999997973 51.992145538
0.999968708 0.007462651 -0.002607333 -0.301216215 -0.007456523 0.999969363 0.002351434 -0.805090129 0.002624801 -0.002331919 0.999993861 53.422466278
0.999978304 0.006016878 -0.002687911 -0.319639623 -0.006006523 0.999974549 0.003844306 -0.829929292 0.002710974 -0.003828078 0.999989092 54.858181000
0.999987006 0.003882066 -0.003319639 -0.329261452 -0.003869168 0.999984920 0.003882954 -0.850463986 0.003334663 -0.003870059 0.999987006 56.312713623
0.999989867 0.001783083 -0.004120607 -0.332634926 -0.001772181 0.999994934 0.002647822 -0.863883913 0.004125307 -0.002640493 0.999988019 57.770519257
0.999988258 0.000636824 -0.004798592 -0.339617431 -0.000622191 0.999995112 0.003050460 -0.884001076 0.004800511 -0.003047439 0.999983847 59.192295074
0.999991775 -0.000871968 -0.003945316 -0.349462539 0.000886252 0.999993026 0.003620179 -0.904198706 0.003942132 -0.003623646 0.999985635 60.625038147
0.999991417 -0.001993309 -0.003637900 -0.356145084 0.002010839 0.999986351 0.004821453 -0.924644947 0.003628239 -0.004828727 0.999981701 62.058177948
0.999993086 -0.002682310 -0.002586881 -0.383598953 0.002693205 0.999987602 0.004217267 -0.950121820 0.002575537 -0.004224204 0.999987721 63.450138092
0.999990404 -0.003816496 -0.002160259 -0.393444955 0.003823593 0.999987364 0.003290799 -0.966349661 0.002147672 -0.003299027 0.999992251 64.866783142
0.999990582 -0.003926760 -0.001812586 -0.390233040 0.003931862 0.999988258 0.002819451 -0.987118363 0.001801493 -0.002826551 0.999994338 66.263359070
0.999994457 -0.003265839 -0.000705205 -0.400116563 0.003268001 0.999989927 0.003085949 -1.008851767 0.000695119 -0.003088236 0.999994993 67.699668884
0.999999762 0.000243262 -0.000597243 -0.413027197 -0.000240896 0.999992073 0.003958631 -1.024344683 0.000598202 -0.003958487 0.999992013 69.101478577
0.999993086 0.003704647 0.000414136 -0.429989219 -0.003706696 0.999980271 0.005063295 -1.042118669 -0.000395371 -0.005064795 0.999987125 70.499046326
0.999975026 0.007041240 0.000740611 -0.435417980 -0.007045375 0.999958813 0.005739728 -1.063253760 -0.000700165 -0.005744801 0.999983191 71.915420532
0.999939144 0.010986865 0.000999024 -0.444945097 -0.010992197 0.999924481 0.005498765 -1.084068298 -0.000938534 -0.005509413 0.999984443 73.312568665
0.999886751 0.014882719 0.002206375 -0.471176624 -0.014893020 0.999877870 0.004727315 -1.101579905 -0.002135750 -0.004759639 0.999986410 74.701248169
0.999861717 0.016354004 0.003015896 -0.478648126 -0.016368181 0.999854803 0.004736207 -1.120939732 -0.002938002 -0.004784917 0.999984264 76.094337463
0.999863982 0.016120061 0.003489219 -0.484654129 -0.016138440 0.999855638 0.005304695 -1.140586376 -0.003403203 -0.005360284 0.999979854 77.512748718
0.999866664 0.015919097 0.003641466 -0.497447938 -0.015935965 0.999862134 0.004650270 -1.160578251 -0.003566935 -0.004707680 0.999982536 78.911827087
0.999893427 0.014272309 0.003061411 -0.498624265 -0.014283829 0.999890804 0.003774895 -1.175356627 -0.003007200 -0.003818221 0.999988198 80.319740295
0.999895930 0.014086806 0.003107097 -0.496923178 -0.014098682 0.999893248 0.003833378 -1.201892138 -0.003052764 -0.003876785 0.999987841 81.692047119
0.999897480 0.014033544 0.002822795 -0.496410817 -0.014044159 0.999894261 0.003776714 -1.217555165 -0.002769495 -0.003815971 0.999988914 83.097320557
0.999909759 0.013278264 0.002034055 -0.497154921 -0.013284872 0.999906421 0.003270773 -1.235471010 -0.001990434 -0.003297500 0.999992609 84.480476379
0.999908984 0.013410183 0.001479452 -0.507823825 -0.013415749 0.999902725 0.003818242 -1.253371477 -0.001428104 -0.003837743 0.999991536 85.822746277
0.999909699 0.013395397 0.001033041 -0.516654134 -0.013399919 0.999900043 0.004501698 -1.273331881 -0.000972635 -0.004515134 0.999989331 87.196403503
0.999938011 0.011129390 -0.000289900 -0.534035504 -0.011127573 0.999922097 0.005655775 -1.303473115 0.000352823 -0.005652200 0.999983966 88.631332397
0.999953687 0.009521825 -0.001419918 -0.549912632 -0.009513239 0.999937177 0.005935938 -1.314223886 0.001476350 -0.005922155 0.999981344 90.018470764
0.999973714 0.006770879 -0.002561425 -0.547980964 -0.006754986 0.999958158 0.006163578 -1.338138700 0.002603051 -0.006146115 0.999977708 91.319786072
0.999978364 0.005643249 -0.003371251 -0.553673148 -0.005624592 0.999968946 0.005518568 -1.353866339 0.003402289 -0.005499486 0.999979138 92.699218750
0.999984443 0.004449951 -0.003338220 -0.566098094 -0.004432556 0.999976635 0.005200537 -1.378881931 0.003361284 -0.005185660 0.999980927 94.019851685
0.999979913 0.004973029 -0.003916946 -0.577609122 -0.004955658 0.999977887 0.004432120 -1.391675234 0.003938901 -0.004412619 0.999982536 95.394081116
0.999983788 0.004661336 -0.003298891 -0.597822666 -0.004647807 0.999980807 0.004097030 -1.414240837 0.003317926 -0.004081630 0.999986172 96.767005920
0.999978840 0.005666730 -0.003175386 -0.612948954 -0.005655779 0.999978065 0.003447294 -1.437085986 0.003194852 -0.003429262 0.999989033 98.104431152
0.999972880 0.006867673 -0.002696354 -0.629579782 -0.006858419 0.999970615 0.003426783 -1.451420188 0.002719809 -0.003408196 0.999990523 99.444564819
0.999968827 0.007510964 -0.002440996 -0.641704738 -0.007499028 0.999960005 0.004862769 -1.468118906 0.002477422 -0.004844313 0.999985218 100.798385620
0.999959290 0.008682688 -0.002435486 -0.660109282 -0.008666800 0.999941528 0.006460520 -1.491862774 0.002491438 -0.006439149 0.999976158 102.122634888
0.999964118 0.008130018 -0.002373259 -0.667912483 -0.008118143 0.999954700 0.004970747 -1.506115794 0.002413563 -0.004951302 0.999984801 103.469558716
0.999964178 0.008129616 -0.002351976 -0.687555850 -0.008123717 0.999963820 0.002507337 -1.527018309 0.002372274 -0.002488140 0.999994099 104.757278442
0.999969244 0.007506254 -0.002286012 -0.699976742 -0.007502582 0.999970615 0.001610552 -1.547905207 0.002298034 -0.001593351 0.999996066 106.101875305
0.999982715 0.005342194 -0.002461655 -0.700406253 -0.005335492 0.999982059 0.002721206 -1.570685387 0.002476148 -0.002708025 0.999993265 107.415695190
0.999994397 0.002868923 -0.001735326 -0.711078763 -0.002860631 0.999984622 0.004762468 -1.589449167 0.001748962 -0.004757477 0.999987185 108.756637573
0.999998331 0.001579203 -0.000903619 -0.721530020 -0.001574469 0.999985099 0.005215257 -1.608527780 0.000911842 -0.005213825 0.999985993 110.077011108
0.999999821 0.000546932 -0.000190913 -0.727115810 -0.000546135 0.999991179 0.004152832 -1.629118800 0.000193183 -0.004152726 0.999991357 111.394325256
0.999996185 0.002663945 0.000701366 -0.741444468 -0.002665032 0.999995232 0.001554561 -1.645605683 -0.000697221 -0.001556424 0.999998510 112.727272034
0.999985933 0.004821127 0.002206503 -0.751750231 -0.004820216 0.999988317 -0.000417608 -1.668169141 -0.002208490 0.000406967 0.999997497 114.061019897
0.999958932 0.008355850 0.003491506 -0.761554658 -0.008354198 0.999964952 -0.000487975 -1.692190289 -0.003495462 0.000458786 0.999993801 115.356422424
0.999943614 0.009427650 0.004885933 -0.766840637 -0.009435697 0.999954164 0.001626419 -1.714583039 -0.004870376 -0.001672429 0.999986768 116.705734253
0.999938726 0.009237451 0.006099299 -0.766340375 -0.009261362 0.999949515 0.003903393 -1.740290403 -0.006062932 -0.003959641 0.999973774 118.039543152
0.999939501 0.008563722 0.006901752 -0.764003873 -0.008593588 0.999953806 0.004309157 -1.754875302 -0.006864531 -0.004368206 0.999966860 119.373474121
0.999926507 0.009085534 0.008023349 -0.761509359 -0.009115303 0.999951661 0.003681713 -1.770502329 -0.007989512 -0.003754578 0.999961019 120.718330383
0.999904990 0.010536941 0.008886132 -0.748303115 -0.010565634 0.999939144 0.003188159 -1.788197994 -0.008851998 -0.003281743 0.999955416 122.073585510
0.999857306 0.013070761 0.010699007 -0.756662428 -0.013101663 0.999910176 0.002823312 -1.805815458 -0.010661143 -0.002963085 0.999938786 123.422126770
0.999838233 0.013561569 0.011817042 -0.751465142 -0.013584942 0.999905884 0.001899805 -1.823323369 -0.011790165 -0.002060031 0.999928415 124.768112183
0.999804616 0.015078766 0.012783113 -0.745599687 -0.015091650 0.999885678 0.000912172 -1.845009685 -0.012767898 -0.001104912 0.999917865 126.110519409
0.999809086 0.013986726 0.013640359 -0.734264374 -0.013996391 0.999901891 0.000613312 -1.863129020 -0.013630440 -0.000804111 0.999906838 127.461189270
0.999800563 0.013734925 0.014494350 -0.725031257 -0.013763013 0.999903619 0.001839995 -1.884515882 -0.014467680 -0.002039114 0.999893248 128.825103760
0.999807358 0.012065069 0.015477166 -0.713602662 -0.012106387 0.999923408 0.002578719 -1.902935743 -0.015444866 -0.002765594 0.999876916 130.164947510
0.999806166 0.011506128 0.015970716 -0.706970096 -0.011553966 0.999929011 0.002906274 -1.921754837 -0.015936142 -0.003090236 0.999868214 131.541442871
0.999829113 0.009152707 0.016056677 -0.684718788 -0.009200361 0.999953508 0.002896528 -1.937127113 -0.016029418 -0.003043761 0.999866903 132.891433716
0.999847174 0.007566788 0.015765741 -0.678753436 -0.007630753 0.999962807 0.004000977 -1.965624690 -0.015734885 -0.004120670 0.999867737 134.252868652
0.999863029 0.006361399 0.015278575 -0.668777823 -0.006417943 0.999972641 0.003654621 -1.983912587 -0.015254911 -0.003752178 0.999876618 135.602005005
0.999892890 0.004611660 0.013890144 -0.649857283 -0.004658971 0.999983430 0.003375630 -1.994886279 -0.013874347 -0.003439983 0.999897838 136.948944092
0.999905884 0.003616833 0.013233607 -0.646471858 -0.003677127 0.999982953 0.004534525 -2.017315865 -0.013216984 -0.004582760 0.999902189 138.297897339
0.999926329 0.002041200 0.011965636 -0.627582371 -0.002093797 0.999988198 0.004384795 -2.032374144 -0.011956546 -0.004409525 0.999918759 139.646896362
0.999943674 0.001091925 0.010558774 -0.616251826 -0.001141857 0.999988198 0.004724111 -2.054087877 -0.010553492 -0.004735901 0.999933064 140.989501953
0.999954879 0.001035688 0.009443157 -0.609798670 -0.001073147 0.999991596 0.003962636 -2.070178747 -0.009438975 -0.003972591 0.999947488 142.330703735
0.999962986 0.001269561 0.008503977 -0.613148212 -0.001299422 0.999992967 0.003506890 -2.086319447 -0.008499465 -0.003517811 0.999957681 143.662673950
0.999969304 -0.001311742 0.007727169 -0.604193330 0.001302256 0.999998391 0.001232465 -2.108162642 -0.007728772 -0.001222364 0.999969304 145.000457764
0.999957800 -0.006207312 0.006767915 -0.599995196 0.006203497 0.999980628 0.000584496 -2.124348164 -0.006771413 -0.000542487 0.999976873 146.339279175
0.999883115 -0.014138115 0.005819059 -0.589626908 0.014119902 0.999895334 0.003159148 -2.150597572 -0.005863116 -0.003076614 0.999978065 147.696136475
0.999770045 -0.021017330 0.004262385 -0.576225221 0.020998016 0.999769330 0.004526305 -2.167129278 -0.004356533 -0.004435762 0.999980688 149.034637451
0.999694407 -0.024491623 0.003340792 -0.566292822 0.024487579 0.999699354 0.001246238 -2.187210798 -0.003370310 -0.001164050 0.999993622 150.382095337
0.999703646 -0.024027666 0.003936620 -0.586719573 0.024034087 0.999709845 -0.001592605 -2.218751431 -0.003897212 0.001686746 0.999990940 151.687713623
0.999775112 -0.020597406 0.005048359 -0.597085297 0.020614468 0.999781847 -0.003351484 -2.246901512 -0.004978226 0.003454800 0.999981642 153.014663696
0.999763668 -0.020963468 0.005754779 -0.590677202 0.020984478 0.999773204 -0.003614670 -2.269973278 -0.005677698 0.003734576 0.999976933 154.379333496
0.999683022 -0.024190808 0.006975594 -0.598064184 0.024192486 0.999707282 -0.000156236 -2.294755220 -0.006969772 0.000324943 0.999975681 155.722167969
0.999537706 -0.029545356 0.007162276 -0.584422708 0.029526254 0.999560177 0.002757962 -2.321399450 -0.007240611 -0.002545212 0.999970496 157.069473267
0.999428868 -0.032899842 0.007706265 -0.579313338 0.032868668 0.999451101 0.004137319 -2.337754488 -0.007838151 -0.003881661 0.999961734 158.410034180
0.999368787 -0.034700863 0.007599012 -0.570638239 0.034670413 0.999390364 0.004103080 -2.361915350 -0.007736760 -0.003837030 0.999962687 159.755859375
0.999425113 -0.032837931 0.008433316 -0.566403508 0.032798972 0.999450862 0.004717263 -2.377095222 -0.008583591 -0.004437948 0.999953270 161.097885132
0.999510288 -0.029968426 0.009003292 -0.549454868 0.029932139 0.999543428 0.004138399 -2.399471998 -0.009123202 -0.003866885 0.999950886 162.464187622
0.999603093 -0.025921104 0.011035525 -0.570769548 0.025900409 0.999662638 0.002014151 -2.420345783 -0.011084009 -0.001727527 0.999937057 163.814880371
0.999658763 -0.023326891 0.011763643 -0.557321131 0.023311028 0.999727190 0.001483735 -2.439050198 -0.011795045 -0.001209007 0.999929667 165.173736572
0.999706805 -0.020742698 0.012488592 -0.564842045 0.020711526 0.999782085 0.002620019 -2.457379580 -0.012540218 -0.002360593 0.999918580 166.509948730
0.999748111 -0.019128039 0.011741929 -0.543443501 0.019102056 0.999814868 0.002321040 -2.482651234 -0.011784152 -0.002096160 0.999928415 167.877243042
0.999797225 -0.016357196 0.011746638 -0.536060095 0.016361784 0.999865949 -0.000294345 -2.497071981 -0.011740251 0.000486482 0.999930978 169.242095947
0.999858916 -0.012424399 0.011306985 -0.532330871 0.012461292 0.999917209 -0.003198275 -2.518784523 -0.011266313 0.003338723 0.999930978 170.591949463
0.999909878 -0.007431264 0.011179728 -0.530231535 0.007477648 0.999963582 -0.004113019 -2.551646471 -0.011148756 0.004196246 0.999929011 171.957656860
0.999927461 -0.002998684 0.011666060 -0.526220262 0.003031440 0.999991536 -0.002791041 -2.581339836 -0.011657594 0.002826203 0.999928057 173.328918457
0.999924004 -0.000528209 0.012318575 -0.525797069 0.000537177 0.999999583 -0.000724668 -2.606359959 -0.012318186 0.000731230 0.999923885 174.702728271
0.999922574 0.000856993 0.012415299 -0.518277347 -0.000872014 0.999998808 0.001204502 -2.624835491 -0.012414253 -0.001215235 0.999922216 176.074295044
0.999929845 -0.002403032 0.011597880 -0.507777452 0.002374901 0.999994159 0.002438703 -2.646684647 -0.011603673 -0.002410988 0.999929786 177.449905396
0.999939799 -0.004709094 0.009922277 -0.492625982 0.004684272 0.999985874 0.002523421 -2.666769981 -0.009934019 -0.002476790 0.999947608 178.849395752
0.999959648 -0.004704416 0.007644696 -0.480303675 0.004716761 0.999987543 -0.001597590 -2.689465761 -0.007637085 0.001633584 0.999969542 180.248687744
0.999972045 -0.003810754 0.006434898 -0.480063051 0.003848111 0.999975741 -0.005802881 -2.713157892 -0.006412629 0.005827480 0.999962449 181.660110474
0.999982893 0.001090833 0.005742869 -0.485546261 -0.001053106 0.999977887 -0.006568341 -2.736349821 -0.005749906 0.006562181 0.999961913 183.064437866
0.999973774 0.004419334 0.005734597 -0.490858674 -0.004386971 0.999974430 -0.005643732 -2.763437748 -0.005759393 0.005618426 0.999967575 184.462814331
0.999960005 0.006497334 0.006135493 -0.502384722 -0.006484671 0.999976814 -0.002081580 -2.795574188 -0.006148876 0.002041710 0.999979019 185.834686279
0.999958515 0.006824830 0.006056992 -0.497338980 -0.006825185 0.999976695 0.000037856 -2.816053152 -0.006056594 -0.000079195 0.999981582 187.254425049
0.999960959 0.006268287 0.006223761 -0.493540168 -0.006273106 0.999980032 0.000754723 -2.831761837 -0.006218905 -0.000793736 0.999980330 188.675079346
0.999971032 0.004484647 0.006139105 -0.490976661 -0.004492670 0.999989092 0.001293735 -2.846551418 -0.006133235 -0.001321279 0.999980330 190.111724854
0.999977052 0.001666580 0.006567414 -0.487270892 -0.001680791 0.999996245 0.002158980 -2.878219843 -0.006563792 -0.002169969 0.999976099 191.562377930
0.999980092 -0.001185603 0.006180107 -0.473638266 0.001173948 0.999997556 0.001889032 -2.890094995 -0.006182330 -0.001881739 0.999979079 192.999099731
0.999966383 -0.004194148 0.007066585 -0.468913227 0.004171996 0.999986351 0.003146689 -2.920316696 -0.007079686 -0.003117101 0.999970078 194.423950195
0.999936283 -0.008660657 0.007241079 -0.457278460 0.008627765 0.999952376 0.004561184 -2.935879946 -0.007280237 -0.004498418 0.999963403 195.858993530
0.999902129 -0.011525366 0.007929473 -0.453015983 0.011487389 0.999922395 0.004818344 -2.955512762 -0.007984391 -0.004726783 0.999956965 197.291000366
0.999921381 -0.009537737 0.008137503 -0.441672564 0.009534919 0.999954462 0.000385044 -2.975164890 -0.008140806 -0.000307423 0.999966800 198.736724854
0.999957025 -0.001303756 0.009183943 -0.453615069 0.001347270 0.999987900 -0.004733410 -2.990763664 -0.009177662 0.004745580 0.999946654 200.145858765
0.999922931 0.007424474 0.009949483 -0.449730545 -0.007374962 0.999960303 -0.005003698 -3.018492699 -0.009986238 0.004929936 0.999938011 201.622131348
0.999829650 0.015102170 0.010612373 -0.454573959 -0.015088884 0.999885261 -0.001331020 -3.042412043 -0.010631257 0.001170665 0.999942839 203.057327271
0.999804854 0.015820477 0.011825955 -0.463070363 -0.015833220 0.999874115 0.000984342 -3.069595575 -0.011808896 -0.001171393 0.999929607 204.472442627
0.999834597 0.013920378 0.011706299 -0.458604544 -0.013939376 0.999901652 0.001542839 -3.089094162 -0.011683672 -0.001705762 0.999930382 205.910858154
0.999893188 0.010287172 0.010379485 -0.442243308 -0.010300735 0.999946117 0.001253952 -3.108853817 -0.010366027 -0.001360734 0.999945402 207.369445801
0.999913156 0.008766655 0.009838834 -0.452110499 -0.008776142 0.999961197 0.000921812 -3.129838943 -0.009830370 -0.001008079 0.999951184 208.818344116
0.999919713 0.009025929 0.008893395 -0.436462939 -0.009027898 0.999959290 0.000181267 -3.146650553 -0.008891396 -0.000261541 0.999960482 210.290481567
0.999908447 0.009893877 0.009228021 -0.439705253 -0.009899986 0.999950767 0.000616703 -3.175860882 -0.009221466 -0.000708003 0.999957323 211.762023926
0.999899089 0.010811799 0.009216366 -0.439587802 -0.010828407 0.999939859 0.001753930 -3.201139450 -0.009196850 -0.001853552 0.999955952 213.216979980
0.999900103 0.010878275 0.009018325 -0.437247455 -0.010887089 0.999940276 0.000928718 -3.217991114 -0.009007685 -0.001026808 0.999958873 214.684509277
0.999908507 0.010520464 0.008516740 -0.423050761 -0.010520701 0.999944568 -0.000016973 -3.242403507 -0.008516449 -0.000072630 0.999963760 216.139984131
0.999915659 0.009587975 0.008759841 -0.423884392 -0.009588506 0.999954045 0.000018652 -3.269772768 -0.008759259 -0.000102644 0.999961615 217.612121582
0.999914289 0.010432217 0.007908286 -0.416610152 -0.010428159 0.999945462 -0.000554472 -3.288762093 -0.007913639 0.000471956 0.999968588 219.055130005
0.999909043 0.011100014 0.007663688 -0.413576305 -0.011094247 0.999938071 -0.000794784 -3.314704418 -0.007672037 0.000709689 0.999970317 220.548706055
0.999907553 0.011327482 0.007512671 -0.413921207 -0.011320601 0.999935448 -0.000957860 -3.340296984 -0.007523036 0.000872723 0.999971330 222.030014038
0.999895573 0.012515360 0.007237406 -0.418394119 -0.012509409 0.999921381 -0.000867098 -3.370294094 -0.007247691 0.000776471 0.999973416 223.515563965
0.999901652 0.012292801 0.006764547 -0.412265062 -0.012281518 0.999923110 -0.001707235 -3.379664183 -0.006785015 0.001623988 0.999975681 225.037994385
0.999897659 0.012967730 0.006041343 -0.406497449 -0.012958783 0.999914885 -0.001517795 -3.409313202 -0.006060512 0.001439351 0.999980628 226.515014648
0.999915183 0.011199338 0.006646952 -0.424278468 -0.011189252 0.999936163 -0.001552623 -3.438967228 -0.006663916 0.001478117 0.999976695 228.019348145
0.999922156 0.010415473 0.006867521 -0.437838256 -0.010403158 0.999944270 -0.001826492 -3.459383965 -0.006886162 0.001754906 0.999974787 229.507720947
0.999938190 0.008607223 0.007039133 -0.429993749 -0.008599564 0.999962389 -0.001117611 -3.495611429 -0.007048489 0.001057008 0.999974608 231.021286011
0.999948025 0.007384397 0.007027923 -0.427006751 -0.007380241 0.999972582 -0.000617358 -3.516371965 -0.007032290 0.000565458 0.999975145 232.520874023
0.999942124 0.007617488 0.007586807 -0.435144126 -0.007616431 0.999970973 -0.000168161 -3.545694590 -0.007587868 0.000110367 0.999971211 234.060623169
0.999939799 0.007980378 0.007530031 -0.430011839 -0.007978198 0.999968052 -0.000319663 -3.572916031 -0.007532342 0.000259568 0.999971569 235.568298340
0.999931037 0.008534898 0.008067187 -0.434862375 -0.008530083 0.999963403 -0.000630989 -3.602854252 -0.008072277 0.000562131 0.999967217 237.073577881
0.999915898 0.009781573 0.008511474 -0.431287110 -0.009781700 0.999952197 -0.000026778 -3.624937296 -0.008511329 -0.000056481 0.999963760 238.573318481
0.999901474 0.010468344 0.009354219 -0.429158062 -0.010486456 0.999943256 0.001889229 -3.647198915 -0.009333911 -0.001987135 0.999954462 240.121917725
0.999891102 0.010657737 0.010214793 -0.427711815 -0.010680997 0.999940455 0.002225258 -3.667362690 -0.010190470 -0.002334120 0.999945343 241.631759644
0.999890625 0.010485160 0.010427703 -0.410960585 -0.010492922 0.999944627 0.000689981 -3.690743208 -0.010419893 -0.000799323 0.999945402 243.131958008
0.999874473 0.010965663 0.011436545 -0.404111803 -0.010960383 0.999939799 -0.000524166 -3.715346813 -0.011441606 0.000398751 0.999934554 244.647186279
0.999879658 0.010721672 0.011213013 -0.382560641 -0.010722482 0.999942482 0.000011900 -3.739827156 -0.011212240 -0.000132130 0.999937057 246.176223755
0.999877989 0.011174099 0.010912767 -0.364554763 -0.011181878 0.999937236 0.000652228 -3.758546591 -0.010904794 -0.000774173 0.999940217 247.706359863
0.999872267 0.011519759 0.011077751 -0.364329576 -0.011533172 0.999932826 0.001147713 -3.784875631 -0.011063786 -0.001275328 0.999937952 249.241256714
0.999877930 0.011325929 0.010763224 -0.348228753 -0.011339393 0.999935031 0.001190571 -3.810314417 -0.010749040 -0.001312474 0.999941289 250.766983032
0.999860764 0.012903553 0.010582710 -0.338125825 -0.012923406 0.999914765 0.001809780 -3.836770296 -0.010558458 -0.001946293 0.999942362 252.290100098
0.999838412 0.014434159 0.010714110 -0.330189645 -0.014450189 0.999894559 0.001420349 -3.855733633 -0.010692480 -0.001574940 0.999941587 253.826644897
0.999828994 0.014726343 0.011183025 -0.330883324 -0.014745635 0.999889851 0.001644735 -3.879848003 -0.011157573 -0.001809355 0.999936104 255.360961914
0.999842465 0.013556316 0.011459298 -0.326193601 -0.013575635 0.999906540 0.001609661 -3.900152683 -0.011436407 -0.001764975 0.999933064 256.909545898
0.999869704 0.011589184 0.011243450 -0.312063247 -0.011618752 0.999929190 0.002567867 -3.920029163 -0.011212897 -0.002698167 0.999933481 258.441101074
0.999890149 0.009785122 0.011131276 -0.296539366 -0.009819179 0.999947250 0.003008957 -3.942336321 -0.011101249 -0.003117927 0.999933541 259.994720459
0.999900997 0.008686970 0.011066636 -0.285414189 -0.008713558 0.999959230 0.002356526 -3.963495255 -0.011045716 -0.002452723 0.999936044 261.529968262
0.999919295 0.007008164 0.010592626 -0.276651919 -0.007025430 0.999974072 0.001593766 -3.993033886 -0.010581181 -0.001668056 0.999942601 263.076690674
0.999917567 0.005233476 0.011723144 -0.275853753 -0.005267533 0.999982059 0.002876209 -4.007720947 -0.011707880 -0.002937724 0.999927163 264.608795166
0.999925077 0.003205964 0.011812124 -0.271100551 -0.003263213 0.999983013 0.004830598 -4.027167797 -0.011796437 -0.004868782 0.999918580 266.122283936
0.999929070 0.002126337 0.011716013 -0.256942004 -0.002176437 0.999988556 0.004265178 -4.047573090 -0.011706810 -0.004290375 0.999922276 267.659454346
0.999930441 0.001333219 0.011720578 -0.239567295 -0.001369438 0.999994338 0.003082746 -4.065868855 -0.011716404 -0.003098582 0.999926567 269.200042725
0.999922633 0.002303464 0.012222119 -0.229634345 -0.002337360 0.999993503 0.002759727 -4.087521553 -0.012215683 -0.002788082 0.999921501 270.738861084
0.999908566 0.003374149 0.013094138 -0.212797299 -0.003414508 0.999989510 0.003061112 -4.114001274 -0.013083674 -0.003105542 0.999909580 272.290435791
0.999884903 0.004566303 0.014471059 -0.209834486 -0.004606059 0.999985754 0.002715111 -4.135272026 -0.014458453 -0.002781453 0.999891579 273.817291260
0.999862671 0.006378924 0.015294031 -0.186287135 -0.006414762 0.999976814 0.002295421 -4.156639576 -0.015279033 -0.002393214 0.999880373 275.364013672
0.999839664 0.007331161 0.016337574 -0.173912957 -0.007368797 0.999970436 0.002244654 -4.188545704 -0.016320633 -0.002364683 0.999863982 276.894134521
0.999816477 0.009078134 0.016866226 -0.140723541 -0.009099207 0.999957860 0.001173164 -4.216314793 -0.016854864 -0.001326418 0.999857068 278.439544678
0.999812126 0.007783481 0.017754707 -0.121599473 -0.007805419 0.999968827 0.001166657 -4.241204262 -0.017745074 -0.001305020 0.999841690 280.001434326
0.999809802 0.007285631 0.018091522 -0.075912371 -0.007309913 0.999972403 0.001276425 -4.271386623 -0.018081727 -0.001408430 0.999835491 281.566101074
0.999796510 0.006714108 0.019020312 -0.064965725 -0.006755676 0.999974847 0.002122096 -4.291475773 -0.019005587 -0.002250159 0.999816775 283.161895752
0.999800920 0.005611383 0.019148408 -0.037409961 -0.005656971 0.999981284 0.002327420 -4.314914703 -0.019134989 -0.002435278 0.999813855 284.717010498
0.999813616 0.005205952 0.018588588 -0.007276157 -0.005207062 0.999986410 0.000011309 -4.343719006 -0.018588277 -0.000108099 0.999827147 286.299011230
0.999815106 0.004028939 0.018801350 0.014907524 -0.003989348 0.999989748 -0.002142735 -4.372757435 -0.018809788 0.002067334 0.999820948 287.858917236
0.999826252 0.003943812 0.018216562 0.033564743 -0.003906955 0.999990344 -0.002058421 -4.399336338 -0.018224504 0.001986892 0.999831975 289.434143066
0.999848783 0.002202639 0.017244868 0.053890318 -0.002167416 0.999995530 -0.002060903 -4.422745228 -0.017249331 0.002023216 0.999849200 291.007751465
0.999861896 0.002776329 0.016383870 0.070058472 -0.002733612 0.999992728 -0.002629001 -4.453706741 -0.016391050 0.002583851 0.999862313 292.534820557
0.999874294 0.003372630 0.015492505 0.090830572 -0.003322162 0.999989092 -0.003282151 -4.480540276 -0.015503406 0.003230269 0.999874592 294.108062744
0.999884725 0.003586094 0.014752258 0.111634471 -0.003546453 0.999989986 -0.002712362 -4.511149406 -0.014761837 0.002659732 0.999887526 295.685882568
0.999900222 0.003373329 0.013713662 0.129334763 -0.003338092 0.999991179 -0.002591482 -4.543157578 -0.013722282 0.002545447 0.999902606 297.251617432
0.999914646 0.003152488 0.012674722 0.143101752 -0.003137523 0.999994338 -0.001200439 -4.570898533 -0.012678436 0.001160569 0.999918938 298.815612793
0.999917865 0.004644299 0.011947861 0.155247152 -0.004645318 0.999989212 0.000057423 -4.595617294 -0.011947464 -0.000112920 0.999928534 300.378295898
0.999908507 0.004784652 0.012654517 0.168232724 -0.004786747 0.999988556 0.000135277 -4.617779732 -0.012653726 -0.000195838 0.999919891 301.965270996
0.999898851 0.004880004 0.013364628 0.185732126 -0.004879681 0.999988139 -0.000056692 -4.640599728 -0.013364746 -0.000008529 0.999910653 303.565948486
0.999894679 0.003900717 0.013972867 0.192946345 -0.003900500 0.999992371 -0.000042676 -4.673748493 -0.013972928 -0.000011830 0.999902308 305.138092041
0.999900639 0.001905012 0.013968727 0.213282451 -0.001891850 0.999997735 -0.000955402 -4.701312065 -0.013970516 0.000928880 0.999901950 306.723449707
0.999899864 0.000412136 0.014139218 0.238124713 -0.000366706 0.999994755 -0.003215509 -4.721665859 -0.014140471 0.003210003 0.999894857 308.328033447
0.999904394 -0.000187660 0.013826271 0.251622766 0.000245377 0.999991238 -0.004172812 -4.751642227 -0.013825364 0.004175806 0.999895632 309.920471191
0.999935448 0.000615852 0.011351451 0.264206558 -0.000554819 0.999985337 -0.005378978 -4.780434608 -0.011354597 0.005372332 0.999921083 311.534912109
0.999954164 0.001697417 0.009438062 0.269692838 -0.001653377 0.999987721 -0.004672024 -4.807908535 -0.009445880 0.004656205 0.999944568 313.140197754
0.999956191 0.002775077 0.008947334 0.276144505 -0.002761435 0.999994993 -0.001536725 -4.835535049 -0.008951554 0.001511950 0.999958813 314.771453857
0.999952018 0.001424405 0.009689243 0.290412396 -0.001438402 0.999997914 0.001437746 -4.859422684 -0.009687173 -0.001451614 0.999952018 316.412933350
0.999958158 0.000266062 0.009143212 0.306887448 -0.000287584 0.999997199 0.002352660 -4.883902550 -0.009142560 -0.002355190 0.999955475 318.034118652
0.999949932 -0.000014855 0.010000663 0.305097818 0.000006854 0.999999702 0.000800131 -4.901236534 -0.010000670 -0.000800022 0.999949634 319.648925781
0.999939203 -0.001508282 0.010925398 0.302631825 0.001494858 0.999998212 0.001236677 -4.928134918 -0.010927242 -0.001220270 0.999939561 321.264099121
0.999930799 -0.001425353 0.011677127 0.296258986 0.001408540 0.999997973 0.001447939 -4.950156212 -0.011679169 -0.001431391 0.999930799 322.868560791
0.999922931 -0.001054706 0.012378875 0.306953430 0.001042156 0.999998927 0.001020194 -4.970293999 -0.012379938 -0.001007215 0.999922872 324.486602783
0.999921501 -0.000232731 0.012529464 0.321602523 0.000229862 1.000000000 0.000230476 -4.994955540 -0.012529518 -0.000227577 0.999921441 326.105102539
0.999913692 0.001108783 0.013091907 0.334955961 -0.001100662 0.999999225 -0.000627528 -5.025621891 -0.013092591 0.000613064 0.999914050 327.728759766
0.999912679 -0.000542307 0.013205438 0.356825799 0.000517402 0.999998093 0.001889327 -5.059182644 -0.013206436 -0.001882329 0.999911010 329.365478516
0.999904633 -0.001574775 0.013717866 0.374028265 0.001539868 0.999995530 0.002554796 -5.083368301 -0.013721827 -0.002533429 0.999902666 330.956237793
0.999905169 -0.002891884 0.013466709 0.393492579 0.002877846 0.999995232 0.001061686 -5.106232166 -0.013469717 -0.001022830 0.999908805 332.580993652
0.999909520 -0.000696930 0.013432494 0.415051222 0.000682174 0.999999166 0.001103077 -5.129943848 -0.013433251 -0.001093813 0.999909103 334.213684082
0.999922276 0.000247373 0.012465834 0.429376334 -0.000238366 0.999999702 -0.000724071 -5.157855034 -0.012466011 0.000721043 0.999922097 335.802246094
0.999913216 0.002987668 0.012831782 0.429297179 -0.002940854 0.999989092 -0.003665506 -5.191286564 -0.012842590 0.003627452 0.999910951 337.406250000
0.999922752 0.004265769 0.011674707 0.442636549 -0.004226183 0.999985158 -0.003413481 -5.219121456 -0.011689098 0.003363878 0.999926031 339.032226562
0.999921978 0.005675244 0.011137797 0.442122370 -0.005670355 0.999983847 -0.000470440 -5.245887280 -0.011140286 0.000407248 0.999937832 340.606781006
0.999930799 0.005940720 0.010146412 0.451564968 -0.005974243 0.999976754 0.003276764 -5.283825874 -0.010126711 -0.003337154 0.999943078 342.211853027
0.999939144 0.006681106 0.008776476 0.458505064 -0.006697361 0.999975920 0.001824139 -5.304657936 -0.008764077 -0.001882807 0.999959767 343.809326172
0.999955714 0.006121480 0.007149580 0.461726904 -0.006122343 0.999981284 0.000098794 -5.328745842 -0.007148842 -0.000142561 0.999974370 345.398864746
0.999976635 0.004707972 0.004955762 0.482187212 -0.004715080 0.999987841 0.001423993 -5.356609344 -0.004948997 -0.001447327 0.999986708 346.987884521
0.999984860 0.003568078 0.004195071 0.478152841 -0.003575672 0.999992073 0.001804258 -5.382637978 -0.004188599 -0.001819230 0.999989510 348.586547852
0.999989450 0.002714077 0.003704590 0.475893229 -0.002718254 0.999995649 0.001122974 -5.405943394 -0.003701527 -0.001133032 0.999992490 350.187835693
0.999992430 0.001841655 0.003419718 0.474212766 -0.001842124 0.999998212 0.000134075 -5.431447506 -0.003419465 -0.000140374 0.999994159 351.785034180
0.999993742 0.001478269 0.003208697 0.480020970 -0.001477695 0.999998808 -0.000181254 -5.454131603 -0.003208962 0.000176512 0.999994814 353.386810303
0.999994338 0.000772452 0.003280842 0.476751924 -0.000771414 0.999999583 -0.000317634 -5.481588840 -0.003281087 0.000315101 0.999994516 354.977020264
0.999994636 0.000808183 0.003150064 0.475467294 -0.000804665 0.999998987 -0.001117902 -5.506903648 -0.003150964 0.001115361 0.999994397 356.573303223
0.999994636 0.000528570 0.003220104 0.468541592 -0.000523269 0.999998510 -0.001646831 -5.540844440 -0.003220970 0.001645137 0.999993384 358.186248779
0.999995112 -0.000077623 0.003120365 0.465293676 0.000082181 0.999998927 -0.001460596 -5.568413258 -0.003120247 0.001460845 0.999994040 359.769012451
0.999994993 -0.000176611 0.003161816 0.469874948 0.000182233 0.999998391 -0.001777682 -5.601529598 -0.003161497 0.001778249 0.999993384 361.365264893
0.999993801 -0.001987031 0.002899084 0.469740540 0.001997644 0.999991298 -0.003662346 -5.627660751 -0.002891782 0.003668115 0.999989033 362.975585938
0.999991298 -0.003051697 0.002827425 0.468532354 0.003056706 0.999993742 -0.001769014 -5.658699036 -0.002822009 0.001777641 0.999994457 364.588043213
0.999985456 -0.004804305 0.002417073 0.479871929 0.004806902 0.999988019 -0.001069905 -5.686519623 -0.002411903 0.001081508 0.999996483 366.188110352
0.999981105 -0.005320413 0.003104032 0.472772092 0.005326958 0.999983549 -0.002104268 -5.713045120 -0.003092786 0.002120763 0.999993026 367.799346924
0.999986827 -0.003867374 0.003377984 0.464913875 0.003877688 0.999987841 -0.003051973 -5.737808704 -0.003366139 0.003065032 0.999989629 369.377685547
0.999990404 -0.001928010 0.003948367 0.459747404 0.001937887 0.999995053 -0.002499248 -5.761982441 -0.003943529 0.002506876 0.999989092 370.973052979
0.999991000 -0.001301622 0.004037964 0.454629958 0.001306735 0.999998450 -0.001263797 -5.799834728 -0.004036312 0.001269062 0.999991059 372.571868896
0.999990046 -0.000740720 0.004374128 0.456817150 0.000747738 0.999998450 -0.001602975 -5.827306271 -0.004372934 0.001606230 0.999989152 374.185607910
0.999989688 -0.000914250 0.004444171 0.455949873 0.000924663 0.999996781 -0.002341533 -5.859627247 -0.004442016 0.002345618 0.999987364 375.773803711
0.999991715 -0.001041655 0.003930458 0.461115509 0.001051442 0.999996364 -0.002488768 -5.889307499 -0.003927851 0.002492881 0.999989212 377.380157471
0.999991119 -0.001365106 0.003980987 0.473085016 0.001373125 0.999996960 -0.002012419 -5.932398319 -0.003978228 0.002017867 0.999989986 378.997131348
0.999987066 0.000549202 0.005059770 0.461749017 -0.000538337 0.999997497 -0.002148363 -5.956954479 -0.005060938 0.002145611 0.999984860 380.599884033
0.999987364 0.002285154 0.004468231 0.475036561 -0.002277971 0.999996066 -0.001611905 -5.987305641 -0.004471896 0.001601706 0.999988735 382.223114014
0.999975264 0.004455323 0.005437472 0.461709082 -0.004440178 0.999986231 -0.002794410 -6.012112141 -0.005449848 0.002770198 0.999981344 383.834442139
