1.000000000 0.000000000 0.000000000 0.000000000 0.000000000 1.000000000 0.000000000 0.000000000 0.000000000 0.000000000 1.000000000 0.000000000
0.999995768 0.002904264 0.000197127 -0.007505343 -0.002904540 0.999994755 0.001414327 -0.013844337 -0.000193019 -0.001414893 0.999998987 0.770374179
0.999983013 0.005793747 0.000576044 -0.012417731 -0.005794791 0.999981642 0.001827776 -0.028508075 -0.000565443 -0.001831083 0.999998152 1.533893824
0.999974370 0.007046248 0.001256422 -0.026861874 -0.007048395 0.999973714 0.001712491 -0.047212765 -0.001244323 -0.001721302 0.999997675 2.260970592
0.999957323 0.009160195 0.001166258 -0.027631035 -0.009161633 0.999957323 0.001234347 -0.058250219 -0.001154902 -0.001244980 0.999998569 2.992716074
0.999955714 0.009203888 0.001962515 -0.044151552 -0.009206245 0.999956846 0.001195166 -0.075914912 -0.001951430 -0.001213180 0.999997377 3.686229944
0.999953806 0.009440361 0.001808831 -0.034771226 -0.009444099 0.999953210 0.002070066 -0.087817140 -0.001789205 -0.002087053 0.999996245 4.385064602
0.999942482 0.010373146 0.002742804 -0.047179498 -0.010386479 0.999934077 0.004891959 -0.099557534 -0.002691878 -0.004920166 0.999984324 5.063644409
0.999941349 0.009990171 0.004180247 -0.048616748 -0.010026177 0.999911964 0.008683020 -0.107586846 -0.004093134 -0.008724424 0.999953628 5.736511707
0.999940753 0.009488023 0.005319952 -0.037006833 -0.009553456 0.999877214 0.012412111 -0.122436874 -0.005201534 -0.012462202 0.999908805 6.351457119
0.999942839 0.008618669 0.006329931 -0.035232093 -0.008711325 0.999853075 0.014759182 -0.130880356 -0.006201797 -0.014813479 0.999871075 6.960555077
0.999931514 0.009164998 0.007268110 -0.024784140 -0.009270436 0.999850273 0.014608285 -0.140420079 -0.007133137 -0.014674664 0.999866903 7.550294876
0.999919534 0.009724593 0.008146068 -0.020784643 -0.009823085 0.999877989 0.012139354 -0.151616290 -0.008027025 -0.012218396 0.999893188 8.091358185
0.999906123 0.009834293 0.009538691 -0.030019766 -0.009920407 0.999910057 0.009023035 -0.152624890 -0.009449097 -0.009116816 0.999913812 8.629620552
0.999906123 0.008199919 0.010973628 -0.012958889 -0.008286786 0.999934435 0.007894124 -0.169424251 -0.010908177 -0.007984320 0.999908566 9.133361816
0.999911666 0.004486459 0.012509705 -0.000657515 -0.004553276 0.999975443 0.005317866 -0.170146212 -0.012485540 -0.005374357 0.999907553 9.604389191
0.999890983 0.002628203 0.014525905 0.007487717 -0.002686711 0.999988317 0.004009790 -0.177303240 -0.014515196 -0.004048381 0.999886453 10.051470757
0.999839365 0.006899553 0.016539162 0.011024440 -0.006940227 0.999972939 0.002403180 -0.195700586 -0.016522136 -0.002517581 0.999860287 10.459916115
0.999744892 0.011000969 0.019725617 0.010777346 -0.011043808 0.999936879 0.002064248 -0.212262914 -0.019701660 -0.002281567 0.999803305 10.843540192
0.999665320 0.011702437 0.023074256 0.019230820 -0.011772352 0.999926507 0.002896470 -0.214168236 -0.023038665 -0.003167139 0.999729574 11.194874763
0.999629319 0.007883510 0.026060591 0.035719488 -0.007975196 0.999962330 0.003416176 -0.219589174 -0.026032679 -0.003622748 0.999654531 11.523305893
0.999587417 0.003373397 0.028525492 0.056712706 -0.003453469 0.999990225 0.002758200 -0.218567237 -0.028515907 -0.002855574 0.999589264 11.806432724
0.999523282 -0.000474485 0.030869944 0.068369769 0.000337241 0.999990046 0.004450880 -0.228593543 -0.030871749 -0.004438347 0.999513447 12.066048622
0.999427617 -0.001050084 0.033814628 0.070972599 0.000870917 0.999985516 0.005312827 -0.229848161 -0.033819713 -0.005280336 0.999414027 12.294829369
0.999339998 -0.000099570 0.036325604 0.076128915 -0.000060660 0.999990284 0.004409804 -0.239119262 -0.036325686 -0.004409098 0.999330282 12.499644279
0.999287903 0.001009268 0.037716504 0.094329104 -0.001123448 0.999994874 0.003006234 -0.241812900 -0.037713271 -0.003046466 0.999283969 12.683143616
0.999176979 0.002708284 0.040471733 0.097710975 -0.002804559 0.999993384 0.002322232 -0.251417369 -0.040465172 -0.002433827 0.999177933 12.852597237
0.999088466 0.005675785 0.042308647 0.094625443 -0.005759878 0.999981642 0.001865977 -0.257652968 -0.042297281 -0.002107969 0.999102831 13.010973930
0.999018252 0.007220518 0.043709628 0.100290835 -0.007239434 0.999973774 0.000274493 -0.261630505 -0.043706506 -0.000590657 0.999044180 13.167018890
0.998944819 0.006102033 0.045519546 0.111253984 -0.006045384 0.999980807 -0.001382064 -0.265680045 -0.045527104 0.001105422 0.998962462 13.320564270
0.998901606 0.004640467 0.046627123 0.129533052 -0.004521697 0.999986291 -0.002652365 -0.272147149 -0.046638791 0.002438618 0.998908818 13.469017029
0.998830676 0.003916542 0.048185915 0.132575959 -0.003735850 0.999985635 -0.003839377 -0.271662295 -0.048200265 0.003654872 0.998830974 13.602808952
0.998766541 0.004958754 0.049404617 0.142434463 -0.004708010 0.999975383 -0.005190409 -0.275949240 -0.049429145 0.004951410 0.998765349 13.741976738
0.998695374 0.005846550 0.050729569 0.149509296 -0.005480364 0.999957919 -0.007354497 -0.277640104 -0.050770435 0.007066885 0.998685300 13.869344711
0.998656571 0.005997404 0.051469043 0.157252818 -0.005511884 0.999938965 -0.009569997 -0.283318222 -0.051523298 0.009273449 0.998628736 13.983687401
0.998606741 0.005215400 0.052511264 0.160147980 -0.004597703 0.999918878 -0.011877082 -0.283719420 -0.052568950 0.011619103 0.998549640 14.102572441
0.998665452 0.003817145 0.051505119 0.173519596 -0.003123115 0.999903321 -0.013548752 -0.290574610 -0.051551856 0.013369813 0.998580813 14.238442421
0.998751938 0.003206795 0.049843013 0.173393160 -0.002473466 0.999887824 -0.014767502 -0.295115203 -0.049884781 0.014625788 0.998647869 14.356930733
0.998885870 0.003467463 0.047063489 0.173932821 -0.002746318 0.999877930 -0.015378839 -0.303286016 -0.047111072 0.015232458 0.998773515 14.488865852
0.999076366 0.003528992 0.042826608 0.177683115 -0.002812688 0.999855340 -0.016774423 -0.302290171 -0.042879615 0.016638473 0.998941660 14.613355637
0.999296010 0.004148384 0.037285618 0.166394144 -0.003482453 0.999833584 -0.017907489 -0.303974867 -0.037353694 0.017765038 0.999144197 14.726806641
0.999530137 0.004351485 0.030339638 0.171761259 -0.003784003 0.999817312 -0.018736694 -0.303276956 -0.030415623 0.018613087 0.999364018 14.857825279
0.999719679 0.004384005 0.023266019 0.166286200 -0.003932380 0.999803722 -0.019421736 -0.307773530 -0.023346594 0.019324802 0.999540687 14.984025002
0.999876976 0.004063586 0.015148854 0.159321442 -0.003754648 0.999785602 -0.020366410 -0.310867071 -0.015228366 0.020307029 0.999677837 15.114453316
0.999979138 0.003642682 0.005329178 0.147939339 -0.003527144 0.999762058 -0.021531414 -0.311715037 -0.005406339 0.021512171 0.999754012 15.247932434
0.999965608 0.001901745 -0.008061838 0.144588843 -0.002089222 0.999726057 -0.023310645 -0.312497705 0.008015303 0.023326686 0.999695837 15.398805618
0.999708354 0.001059931 -0.024127733 0.124969326 -0.001668435 0.999680758 -0.025213996 -0.315698057 0.024093308 0.025246900 0.999390841 15.552349091
0.999063790 0.001418997 -0.043239363 0.097237043 -0.002565255 0.999646485 -0.026465679 -0.316988140 0.043186519 0.026551818 0.998714149 15.722949028
0.997885823 0.002344687 -0.064948328 0.060772818 -0.004023120 0.999661028 -0.025723880 -0.327714950 0.064866014 0.025930790 0.997557044 15.905109406
0.996068537 0.002332862 -0.088555522 0.017324597 -0.004484602 0.999699354 -0.024107011 -0.338711828 0.088472672 0.024409374 0.995779455 16.104291916
0.993326426 0.003261168 -0.115291260 -0.035732850 -0.005928117 0.999722540 -0.022796974 -0.342310190 0.115184911 0.023328293 0.993070066 16.324836731
0.989358425 0.004078571 -0.145441726 -0.105582409 -0.007143224 0.999763131 -0.020555334 -0.351369232 0.145323455 0.021375515 0.989153266 16.559854507
0.984005153 0.004306360 -0.178087786 -0.189629376 -0.007460660 0.999826908 -0.017046165 -0.357938319 0.177983522 0.018102167 0.983866930 16.808427811
0.976552665 0.005617258 -0.215205386 -0.266088516 -0.008601489 0.999879360 -0.012932885 -0.363617629 0.215106770 0.014480728 0.976483166 17.049224854
0.966956675 0.007306403 -0.254836082 -0.375345916 -0.009580462 0.999924600 -0.007683529 -0.365009457 0.254760683 0.009871086 0.966953754 17.315700531
0.955172539 0.011204599 -0.295837343 -0.505776167 -0.012619839 0.999916196 -0.002874770 -0.370061219 0.295780361 0.006479321 0.955233991 17.582527161
0.941188872 0.014888862 -0.337552726 -0.643602192 -0.015250311 0.999882460 0.001581056 -0.373333216 0.337536573 0.003659711 0.941305280 17.846059799
0.924410701 0.017422970 -0.381000400 -0.782394171 -0.015697349 0.999847591 0.007636515 -0.381229043 0.381075442 -0.001078580 0.924543262 18.110704422
0.905143678 0.020770738 -0.424598157 -0.955559671 -0.015840430 0.999760032 0.015138756 -0.382809132 0.424810618 -0.006976930 0.905255318 18.393690109
0.883240461 0.025174879 -0.468244046 -1.134632945 -0.016827216 0.999616265 0.022002921 -0.387633264 0.468618333 -0.011554626 0.883325160 18.665491104
0.858598053 0.030676277 -0.511730790 -1.345435381 -0.019862870 0.999449193 0.026586553 -0.388397783 0.512264550 -0.012662720 0.858734369 18.935844421
0.830531120 0.033946380 -0.555936754 -1.568812251 -0.020888744 0.999337137 0.029814763 -0.383043587 0.556580365 -0.013149269 0.830689728 19.211877823
0.799768150 0.037411932 -0.599142075 -1.822322845 -0.023136923 0.999235630 0.031510320 -0.377667874 0.599862993 -0.011338647 0.800022364 19.471363068
0.765638471 0.041033845 -0.641961038 -2.087129831 -0.024036704 0.999091387 0.035193935 -0.381931365 0.642821908 -0.011515203 0.765929103 19.741348267
0.728338838 0.043863665 -0.683811784 -2.385840416 -0.024453882 0.998977244 0.038033992 -0.353961915 0.684780657 -0.010979782 0.728666425 20.017694473
0.689975262 0.045242857 -0.722417593 -2.744798899 -0.022191133 0.998897851 0.041363407 -0.342718840 0.723492682 -0.012508457 0.690218687 20.299077988
0.648484886 0.044921067 -0.759900868 -3.091314554 -0.019664213 0.998912811 0.042269029 -0.325230062 0.760973454 -0.012467970 0.648663163 20.561565399
0.606326699 0.043861121 -0.794005096 -3.475262165 -0.013752556 0.998906732 0.044678088 -0.315745324 0.795096695 -0.016169917 0.606267035 20.809015274
0.561223686 0.043734647 -0.826507866 -3.881060123 -0.009376653 0.998874843 0.046488419 -0.296274394 0.827611029 -0.018340521 0.561002314 21.054204941
0.515910745 0.044848394 -0.855467558 -4.305765152 -0.007257092 0.998821616 0.047987241 -0.272365928 0.856611669 -0.018548924 0.515628159 21.245840073
0.465965301 0.045466080 -0.883634090 -4.750197887 -0.007104271 0.998838961 0.047647502 -0.254119933 0.884774446 -0.015924506 0.465747327 21.448970795
0.413873166 0.044628132 -0.909240007 -5.235908508 -0.001148019 0.998822451 0.048502535 -0.237616792 0.910333931 -0.019030072 0.413436919 21.633255005
0.359636039 0.043389253 -0.932083309 -5.728902817 0.003713759 0.998843789 0.047929935 -0.212274656 0.933085263 -0.020698864 0.359059036 21.796760559
0.306187779 0.043422610 -0.950980306 -6.269711018 0.007184260 0.998825371 0.047920384 -0.199609190 0.951944053 -0.021504723 0.305516094 21.938772202
0.253125757 0.048209794 -0.966231406 -6.846603870 0.007601195 0.998627663 0.051817495 -0.156121492 0.967403531 -0.020460855 0.252411962 22.054723740
0.201521486 0.053024903 -0.978047729 -7.423916817 0.009979244 0.998370647 0.056182876 -0.126774326 0.979433298 -0.021082236 0.200663999 22.138860703
0.153535843 0.054321099 -0.986648798 -8.034224510 0.015604863 0.998230040 0.057387043 -0.097471528 0.988019824 -0.024207488 0.152416438 22.209161758
0.109451540 0.055988781 -0.992414057 -8.598113060 0.018383900 0.998127580 0.058338653 -0.086083822 0.993822098 -0.024629695 0.108217306 22.241933823
0.069076568 0.054247279 -0.996135414 -9.234928131 0.018594263 0.998277009 0.055653326 -0.056326505 0.997438073 -0.022366742 0.067948863 22.259351730
0.033508677 0.049698576 -0.998201966 -9.877138138 0.015376084 0.998618960 0.050235495 -0.015695259 0.999320149 -0.017031759 0.032698240 22.250057220
0.005036489 0.049616005 -0.998755574 -10.553825378 0.013130266 0.998678923 0.049678400 0.019542383 0.999901175 -0.013364132 0.004378362 22.228694916
-0.015980270 0.053761117 -0.998425901 -11.258158684 0.011814914 0.998493910 0.053575676 0.051853668 0.999802470 -0.010940162 -0.016591385 22.202056885
-0.028677545 0.059548233 -0.997813404 -11.984309196 0.013279287 0.998158514 0.059187178 0.089921243 0.999500513 -0.011552908 -0.029415494 22.167936325
-0.036664050 0.062290493 -0.997384369 -12.717095375 0.013017276 0.998000503 0.061850455 0.122501753 0.999242783 -0.010715539 -0.037401594 22.132289886
-0.040417630 0.059510611 -0.997409046 -13.469052315 0.013862970 0.998162031 0.058993775 0.154060781 0.999086618 -0.011442665 -0.041168336 22.087097168
-0.039550159 0.055746697 -0.997661293 -14.245917320 0.021273443 0.998263121 0.054936994 0.191369072 0.998991072 -0.019050924 -0.040667389 22.058746338
-0.035426006 0.054000642 -0.997912228 -15.057450294 0.033285052 0.998048842 0.052826405 0.241367206 0.998817861 -0.031344131 -0.037154295 22.053451538
-0.029860936 0.054053534 -0.998091400 -15.881035805 0.033554755 0.998028159 0.053046215 0.282144070 0.998990774 -0.031906698 -0.031615805 22.031541824
-0.024534121 0.052878078 -0.998299539 -16.731042862 0.031567048 0.998143077 0.052094001 0.309767544 0.999200463 -0.030235285 -0.026157768 22.000579834
-0.021683006 0.046253696 -0.998694360 -17.595031738 0.035326235 0.998340845 0.045470346 0.351042420 0.999140561 -0.034294169 -0.023280997 21.994457245
-0.019352540 0.035542265 -0.999180734 -18.474792480 0.032780524 0.998853147 0.034895711 0.382578880 0.999275148 -0.032078344 -0.020495441 21.968133926
-0.018477589 0.027208900 -0.999458969 -19.373296738 0.024931625 0.999331355 0.026744500 0.411165267 0.999518394 -0.024423962 -0.019143596 21.928974152
-0.019697450 0.024272375 -0.999511302 -20.294271469 0.019586029 0.999522805 0.023886671 0.436374038 0.999614060 -0.019105952 -0.020163449 21.896963120
-0.023274150 0.030207401 -0.999272645 -21.223382950 0.009865522 0.999501586 0.029984549 0.460974783 0.999680400 -0.009160483 -0.023560563 21.853713989
-0.028175702 0.038920384 -0.998844922 -22.178508759 0.005324380 0.999233365 0.038785320 0.474104702 0.999588728 -0.004225427 -0.028361330 21.805477142
-0.032660570 0.048319716 -0.998297811 -23.174150467 0.003747022 0.998829603 0.048222858 0.513906360 0.999459445 -0.002165657 -0.032803401 21.761497498
-0.034564622 0.058205940 -0.997705996 -24.189191818 0.002587618 0.998304367 0.058151200 0.557180285 0.999399066 -0.000571708 -0.034656629 21.722187042
-0.035675075 0.066273242 -0.997163534 -25.215274811 0.004571270 0.997799039 0.066151947 0.598516285 0.999352992 -0.002198328 -0.035899501 21.689800262
-0.037066832 0.066989690 -0.997064888 -26.235054016 0.005273686 0.997749805 0.066839658 0.656311095 0.999298930 -0.002780673 -0.037336700 21.648134232
-0.039182413 0.064214997 -0.997166574 -27.243349075 0.004538503 0.997934043 0.064086094 0.708178461 0.999221802 -0.002014595 -0.039392900 21.608806610
-0.041725550 0.059286214 -0.997368574 -28.266542435 0.003979545 0.998239994 0.059171513 0.753382802 0.999121189 -0.001500110 -0.041888043 21.553533554
-0.045864791 0.053965390 -0.997488856 -29.284175873 0.003901020 0.998541772 0.053842984 0.799981177 0.998940051 -0.001421727 -0.046008438 21.489971161
-0.051317204 0.049367223 -0.997461498 -30.304737091 0.003673224 0.998780012 0.049243506 0.840778887 0.998675644 -0.001136860 -0.051435940 21.426233292
-0.058541752 0.047571708 -0.997150779 -31.334819794 0.003362891 0.998867631 0.047456183 0.884261608 0.998279274 -0.000575142 -0.058635451 21.360343933
-0.064986117 0.049899668 -0.996637762 -32.381660461 0.003431669 0.998754144 0.049781878 0.927367747 0.997880220 -0.000185000 -0.065076403 21.283241272
-0.071604326 0.055153623 -0.995907009 -33.441230774 0.002469973 0.998476803 0.055118348 0.963023961 0.997430086 0.001486848 -0.071631484 21.204952240
-0.077535853 0.058133800 -0.995293260 -34.484088898 -0.000351046 0.998296916 0.058336593 1.005706310 0.996989489 0.004872573 -0.077383406 21.102565765
-0.082431547 0.060430050 -0.994763017 -35.556076050 -0.003558946 0.998135686 0.060929850 1.056330442 0.996590436 0.008562850 -0.082062811 21.008153915
-0.084898718 0.061853647 -0.994467974 -36.635467529 -0.007921965 0.997997940 0.062749512 1.104450226 0.996358156 0.013205493 -0.084238738 20.900934219
-0.086593740 0.062763602 -0.994264662 -37.702369690 -0.011888348 0.997877359 0.064027049 1.162961483 0.996172786 0.017364508 -0.085663781 20.794284821
-0.087688901 0.062181633 -0.994205296 -38.780220032 -0.013240833 0.997888923 0.063579865 1.218370080 0.996059895 0.018739354 -0.086680442 20.682090759
-0.088741288 0.061609283 -0.994147480 -39.869564056 -0.014289942 0.997903883 0.063117638 1.268219471 0.995952249 0.019807452 -0.087674879 20.570714951
-0.090200461 0.060669519 -0.994073987 -40.946750641 -0.014612455 0.997954726 0.062232278 1.324587345 0.995816410 0.020139236 -0.089129448 20.477552414
-0.091229349 0.060046263 -0.994017959 -42.035350800 -0.016827367 0.997944951 0.061827876 1.378349423 0.995687723 0.022367217 -0.090031452 20.366668701
-0.091685466 0.057282437 -0.994139016 -43.102294922 -0.021581518 0.997995257 0.059495006 1.427928090 0.995554149 0.026909858 -0.090265431 20.252395630
-0.091895923 0.052399565 -0.994388998 -44.186439514 -0.026516804 0.998131573 0.055047315 1.476833582 0.995415509 0.031426646 -0.090334766 20.142019272
-0.090966739 0.051798973 -0.994505823 -45.276882172 -0.028172005 0.998112738 0.054563720 1.520124316 0.995455384 0.032980710 -0.089335777 20.034303665
-0.089886896 0.055921920 -0.994380713 -46.387538910 -0.029092968 0.997848868 0.058746815 1.570775986 0.995527029 0.034210052 -0.088066615 19.937879562
-0.087343134 0.059298914 -0.994411767 -47.480445862 -0.028912151 0.997655332 0.062031806 1.611778378 0.995758593 0.034168635 -0.085423887 19.826513290
-0.085386261 0.058788192 -0.994612038 -48.579174042 -0.027689394 0.997732103 0.061349720 1.667956352 0.995963037 0.032778632 -0.083564803 19.725915909
-0.083461456 0.057758823 -0.994835675 -49.686225891 -0.027300812 0.997811556 0.060221992 1.722160935 0.996136963 0.032186043 -0.081701942 19.636632919
-0.078686170 0.058039807 -0.995208442 -50.802440643 -0.032335799 0.997629821 0.060737658 1.782424331 0.996374846 0.036960069 -0.076622911 19.528493881
-0.073038407 0.058876149 -0.995589793 -51.925434113 -0.037441395 0.997390330 0.061729420 1.837658525 0.996626019 0.041784886 -0.070643403 19.432605743
-0.066883765 0.058570679 -0.996040225 -53.046897888 -0.041328069 0.997256160 0.061417356 1.891560674 0.996904552 0.045272239 -0.064279646 19.337978363
-0.060312442 0.057706542 -0.996510088 -54.192527771 -0.042848069 0.997257590 0.060343146 1.949064612 0.997259498 0.046337985 -0.057674430 19.250383377
-0.055218693 0.056287792 -0.996886492 -55.328098297 -0.042450253 0.997374654 0.058666721 2.008363247 0.997571588 0.045557585 -0.052684296 19.193857193
-0.048821107 0.056211803 -0.997224510 -56.473995209 -0.041339792 0.997445941 0.058248140 2.063424110 0.997951686 0.044068806 -0.046372626 19.116323471
-0.043437280 0.056867506 -0.997436404 -57.614387512 -0.040109772 0.997474492 0.058616415 2.114166737 0.998250723 0.042553090 -0.041046634 19.066247940
-0.037314169 0.058488980 -0.997590423 -58.772159576 -0.039484274 0.997419775 0.059955858 2.166283846 0.998523235 0.041626342 -0.034908496 19.014314651
-0.031773493 0.059655070 -0.997713208 -59.927265167 -0.040386043 0.997325480 0.060918022 2.220982790 0.998678803 0.042229276 -0.029279277 18.975049973
-0.026951760 0.058563892 -0.997919798 -61.101028442 -0.039864719 0.997425318 0.059611537 2.278488159 0.998841524 0.041388430 -0.024547732 18.947023392
-0.021981725 0.053964641 -0.998300791 -62.251701355 -0.039945919 0.997697294 0.054811589 2.330623865 0.998960018 0.041082896 -0.019775441 18.910974503
-0.017908685 0.048724037 -0.998651683 -63.404449463 -0.039984204 0.997978032 0.049408194 2.376045942 0.999039829 0.040815134 -0.015924281 18.893115997
-0.013148176 0.048407279 -0.998741090 -64.602668762 -0.039770637 0.998011827 0.048895497 2.416874170 0.999122322 0.040363457 -0.011196845 18.850406647
-0.010161042 0.050794676 -0.998657405 -65.780227661 -0.039249144 0.997919023 0.051156472 2.454083681 0.999177814 0.039716251 -0.008146251 18.853822708
-0.008576835 0.050104000 -0.998707116 -66.944709778 -0.039815340 0.997934759 0.050407179 2.502568483 0.999170244 0.040196199 -0.006564214 18.843006134
-0.007222780 0.049845323 -0.998730779 -68.104248047 -0.041876420 0.997865617 0.050104991 2.548139095 0.999096632 0.042185180 -0.005120021 18.826408386
-0.006026147 0.050828613 -0.998689234 -69.298896790 -0.043155793 0.997763634 0.051041912 2.590207577 0.999050140 0.043406807 -0.003819122 18.805986404
-0.004666620 0.050391369 -0.998718679 -70.477439880 -0.043692391 0.997765422 0.050547432 2.632432222 0.999034166 0.043872293 -0.002454473 18.791280746
-0.003802353 0.048748925 -0.998803854 -71.642379761 -0.043955483 0.997837543 0.048869103 2.666345835 0.999026239 0.044088729 -0.001651348 18.781135559
-0.003105526 0.047480714 -0.998867333 -72.839355469 -0.042452086 0.997965336 0.047569830 2.709196091 0.999093652 0.042551734 -0.001083552 18.780025482
-0.002306504 0.047014758 -0.998891592 -74.029258728 -0.039591555 0.998106658 0.047069240 2.752551556 0.999213278 0.039656237 -0.000440750 18.769876480
-0.002627500 0.048105724 -0.998838782 -75.209640503 -0.037197772 0.998146236 0.048170231 2.784208536 0.999304473 0.037281144 -0.000833203 18.775903702
-0.002736075 0.050876897 -0.998701155 -76.397094727 -0.036791813 0.998023629 0.050943188 2.824961185 0.999319255 0.036883410 -0.000858814 18.771436691
-0.002330629 0.054356989 -0.998518825 -77.572952271 -0.039108314 0.997752666 0.054406572 2.867541552 0.999232233 0.039177183 -0.000199581 18.764434814
-0.002251191 0.054646712 -0.998503208 -78.765945435 -0.041804384 0.997627735 0.054693054 2.904030085 0.999123275 0.041864939 0.000038622 18.760633469
-0.001664387 0.052200407 -0.998635232 -79.938652039 -0.043286771 0.997696817 0.052223500 2.951481819 0.999061346 0.043314610 0.000599033 18.750116348
-0.001316841 0.050206609 -0.998737991 -81.124946594 -0.042813674 0.997820139 0.050216924 2.991605997 0.999082208 0.042825770 0.000835559 18.738197327
-0.002153238 0.049867988 -0.998753488 -82.283142090 -0.040651370 0.997925997 0.049914304 3.019957781 0.999171019 0.040708181 -0.000121570 18.750419617
-0.001903338 0.050968979 -0.998698354 -83.456008911 -0.039381362 0.997921646 0.051004391 3.065213919 0.999222457 0.039427184 0.000107846 18.746061325
-0.001734949 0.054015450 -0.998538613 -84.624145508 -0.038561843 0.997793794 0.054042168 3.100598812 0.999254644 0.038599253 0.000351814 18.741809845
-0.001206187 0.056703743 -0.998390377 -85.800468445 -0.038977303 0.997629702 0.056707632 3.141408443 0.999239385 0.038982969 0.001006831 18.738309860
-0.000869418 0.056624662 -0.998395205 -86.966957092 -0.040514797 0.997573793 0.056613360 3.186577559 0.999178529 0.040499005 0.001426828 18.724891663
-0.000095217 0.054436557 -0.998517215 -88.126136780 -0.040313859 0.997705281 0.054396145 3.232600451 0.999186993 0.040259261 0.002099549 18.716930389
-0.000322615 0.053097568 -0.998589277 -89.298385620 -0.038633879 0.997843146 0.053070378 3.277449369 0.999253333 0.038596496 0.001729446 18.720693588
-0.000802883 0.054116271 -0.998534381 -90.466239929 -0.036529601 0.997866631 0.054109458 3.319368362 0.999332249 0.036519505 0.001175676 18.725028992
0.000564125 0.056995660 -0.998374403 -91.623733521 -0.035231240 0.997755766 0.056940451 3.367544651 0.999379039 0.035141844 0.002570887 18.706329346
-0.000224759 0.059419647 -0.998233140 -92.793647766 -0.033859499 0.997660220 0.059393179 3.412118912 0.999426484 0.033813018 0.001787687 18.714385986
0.000865827 0.061614133 -0.998099685 -93.956520081 -0.035261590 0.997481227 0.061545368 3.459098577 0.999377728 0.035141304 0.003036259 18.697788239
0.001056215 0.063674778 -0.997970223 -95.123077393 -0.038106222 0.997248352 0.063588403 3.513380051 0.999273121 0.037961710 0.003479714 18.687469482
0.001575528 0.063124880 -0.998004377 -96.283065796 -0.039990578 0.997211277 0.063011579 3.558706284 0.999198735 0.039811503 0.004095535 18.677625656
0.001041240 0.059054773 -0.998254120 -97.451553345 -0.041765049 0.997386158 0.058959860 3.606472492 0.999126911 0.041630734 0.003504944 18.673898697
0.001511055 0.057594143 -0.998338878 -98.620849609 -0.043169197 0.997413158 0.057475384 3.653316021 0.999066591 0.043010641 0.003993438 18.666170120
0.001490502 0.055993307 -0.998430014 -99.790649414 -0.043492265 0.997489989 0.055875659 3.702059507 0.999052703 0.043340698 0.003922036 18.665281296
0.001684530 0.056181017 -0.998419106 -100.987815857 -0.042548887 0.997520447 0.056058656 3.753081799 0.999092937 0.042387191 0.004070792 18.669616699
0.001824850 0.058288056 -0.998298168 -102.138488770 -0.042374089 0.997407675 0.058158614 3.802486897 0.999100149 0.042195838 0.004290023 18.663034439
0.001736793 0.060575522 -0.998162091 -103.295730591 -0.041537464 0.997306526 0.060451332 3.845068455 0.999135435 0.041356131 0.004248268 18.667272568
0.001345872 0.059074190 -0.998252630 -104.459274292 -0.045035496 0.997244298 0.058953807 3.905864000 0.998984516 0.044877462 0.004002597 18.658107758
0.001026063 0.060735606 -0.998153389 -105.640487671 -0.048810404 0.996967137 0.060613256 3.955808401 0.998807549 0.048658065 0.003987480 18.652570724
0.000506965 0.059809241 -0.998209655 -106.815948486 -0.052202187 0.996850312 0.059701286 4.012580872 0.998636425 0.052078463 0.003627541 18.644016266
0.000492728 0.055638608 -0.998450875 -107.983383179 -0.054037359 0.996993661 0.055530734 4.068545341 0.998538792 0.053926289 0.003497809 18.629671097
0.000269802 0.052114934 -0.998641014 -109.192253113 -0.053543638 0.997209251 0.052025750 4.115231037 0.998565495 0.053456843 0.003059473 18.618053436
-0.000806104 0.051227815 -0.998686612 -110.383224487 -0.050056107 0.997432888 0.051203907 4.161798000 0.998746097 0.050031647 0.001760231 18.617742538
-0.001317254 0.050663538 -0.998714864 -111.571914673 -0.046026338 0.997654259 0.050670441 4.200616837 0.998939335 0.046033934 0.001017693 18.623392105
-0.001241559 0.052098352 -0.998641133 -112.780258179 -0.045228574 0.997617126 0.052101161 4.256010056 0.998975813 0.045231804 0.001117734 18.611629486
-0.002988369 0.056166071 -0.998417020 -114.004043579 -0.043520082 0.997468174 0.056242961 4.294609070 0.999048114 0.043619264 -0.000536450 18.613534927
-0.003196690 0.055943165 -0.998428762 -115.260803223 -0.042491861 0.997524559 0.056028530 4.360628128 0.999091685 0.042604204 -0.000811648 18.606290817
-0.004543327 0.051992979 -0.998637080 -116.481300354 -0.042486206 0.997735560 0.052139331 4.406707287 0.999086738 0.042665187 -0.002324054 18.602487564
-0.004987877 0.048643433 -0.998803735 -117.725578308 -0.043202933 0.997873127 0.048813846 4.447723866 0.999053836 0.043394722 -0.002875730 18.588199615
-0.005140844 0.046448831 -0.998907566 -118.990097046 -0.041901521 0.998033285 0.046623830 4.508645058 0.999108493 0.042095430 -0.003184457 18.574678421
-0.006036584 0.047143031 -0.998869896 -120.231018066 -0.044107642 0.997903407 0.047363970 4.560990334 0.999008596 0.044343710 -0.003944560 18.561332703
-0.006711171 0.052344583 -0.998606443 -121.490814209 -0.049179655 0.997403264 0.052612018 4.601417542 0.998767376 0.049464218 -0.004119456 18.542434692
-0.006430418 0.055741895 -0.998424530 -122.729492188 -0.054102708 0.996963263 0.056008775 4.645726681 0.998514652 0.054377623 -0.003395103 18.510692596
-0.006565345 0.055622008 -0.998430371 -123.994071960 -0.061457679 0.996541917 0.055920932 4.700319290 0.998088062 0.061728355 -0.003124242 18.485071182
-0.005797660 0.053478457 -0.998552203 -125.247070312 -0.064784311 0.996451020 0.053742077 4.753207684 0.997882426 0.065002099 -0.002312519 18.455303192
-0.006897613 0.052201796 -0.998612761 -126.491981506 -0.066954464 0.996371508 0.052547082 4.804987907 0.997732103 0.067224018 -0.003377442 18.443084717
-0.007728771 0.051349293 -0.998650849 -127.753601074 -0.066765778 0.996425688 0.051751584 4.849637032 0.997738719 0.067075677 -0.004272771 18.430635452
-0.007858084 0.050888248 -0.998673439 -129.050018311 -0.064579599 0.996593595 0.051290412 4.892925739 0.997881532 0.064896971 -0.004544973 18.413503647
-0.008515960 0.051568676 -0.998633146 -130.302124023 -0.064804420 0.996541560 0.052013297 4.936544418 0.997861624 0.065158784 -0.005144630 18.401885986
-0.009110138 0.056739029 -0.998347402 -131.555496216 -0.064926408 0.996248603 0.057212215 4.979873657 0.997848392 0.065340325 -0.005392101 18.387741089
-0.009436250 0.060988259 -0.998093843 -132.831054688 -0.063921630 0.996060073 0.061468314 5.031658649 0.997910202 0.064379804 -0.005500603 18.371112823
-0.009365576 0.059892423 -0.998160899 -134.097885132 -0.063874863 0.996130288 0.060369909 5.084083557 0.997913957 0.064322785 -0.005503714 18.346403122
-0.008751058 0.058045365 -0.998275578 -135.373718262 -0.063929826 0.996239126 0.058487359 5.143836975 0.997916043 0.064331435 -0.005007315 18.329715729
-0.007240975 0.057524186 -0.998317838 -136.623336792 -0.063006267 0.996334076 0.057866871 5.197854519 0.997986972 0.063319281 -0.003590047 18.308311462
-0.006584685 0.056830712 -0.998362124 -137.877761841 -0.063637368 0.996336222 0.057135105 5.244695663 0.997951388 0.063909352 -0.002944004 18.298545837
-0.006357903 0.058961287 -0.998239994 -139.115280151 -0.063016661 0.996252418 0.059245251 5.293606281 0.997992218 0.063282438 -0.002618533 18.305082321
-0.005495321 0.062256631 -0.998045027 -140.364486694 -0.063862890 0.996000767 0.062480751 5.354749680 0.997943580 0.064081386 -0.001497457 18.289813995
-0.004184694 0.063168786 -0.997994065 -141.623474121 -0.065749079 0.995825887 0.063307248 5.413281441 0.997827411 0.065882117 -0.000013936 18.275350571
-0.002915863 0.061077796 -0.998128772 -142.866882324 -0.067440450 0.995848536 0.061135281 5.456363678 0.997719049 0.067492515 0.001215357 18.261508942
-0.003143644 0.058227025 -0.998298466 -144.110321045 -0.065989129 0.996115267 0.058307495 5.508907795 0.997815311 0.066060148 0.000710920 18.259654999
-0.003225190 0.056553178 -0.998394370 -145.344070435 -0.063457832 0.996375740 0.056643825 5.559082985 0.997979283 0.063538633 0.000375241 18.263265610
-0.003966481 0.055900253 -0.998428524 -146.571533203 -0.061843723 0.996511459 0.056038611 5.608230591 0.998077929 0.061968815 -0.000495564 18.263252258
-0.003930626 0.056459878 -0.998397112 -147.802795410 -0.059757795 0.996607304 0.056593932 5.651695251 0.998205125 0.059884466 -0.000543372 18.255743027
-0.004415148 0.055083927 -0.998471975 -149.033172607 -0.057750463 0.996801198 0.055247124 5.699906349 0.998321295 0.057906140 -0.001219903 18.254365921
-0.003969772 0.055303410 -0.998461723 -150.277557373 -0.056660399 0.996853054 0.055439588 5.746760845 0.998385608 0.056793321 -0.000823766 18.237255096
-0.004482093 0.057616942 -0.998328745 -151.523269653 -0.054591138 0.996835828 0.057775885 5.802972317 0.998498678 0.054758858 -0.001322536 18.234241486
-0.004074220 0.059313815 -0.998231113 -152.745895386 -0.051837847 0.996884644 0.059445389 5.845979691 0.998647273 0.051988337 -0.000986826 18.223920822
-0.004153463 0.057933334 -0.998311818 -153.979003906 -0.049744729 0.997072458 0.058068369 5.898827553 0.998753309 0.049901929 -0.001259426 18.221714020
-0.004993039 0.057975054 -0.998305500 -155.198226929 -0.050601859 0.997024357 0.058153734 5.953863144 0.998706400 0.050806474 -0.002044535 18.211408615
-0.004581055 0.062784322 -0.998016596 -156.452835083 -0.051168829 0.996704936 0.062936679 6.007036686 0.998679519 0.051355667 -0.001353359 18.200122833
-0.004153034 0.069400579 -0.997580290 -157.685836792 -0.055890862 0.996013343 0.069524251 6.065765858 0.998428226 0.056044366 -0.000257620 18.186166763
-0.003358603 0.069394611 -0.997583628 -158.916687012 -0.060549200 0.995744765 0.069470547 6.128551006 0.998159587 0.060636215 0.000857477 18.174661636
-0.001852441 0.065615684 -0.997843206 -160.145675659 -0.064353235 0.995768785 0.065598741 6.191914558 0.997925520 0.064335957 0.002377979 18.155717850
0.000194115 0.060336072 -0.998178065 -161.379058838 -0.066514052 0.995968521 0.060189568 6.244807720 0.997785449 0.066381194 0.004206529 18.138149261
0.000574299 0.058867820 -0.998265624 -162.600082397 -0.069166832 0.995877385 0.058687199 6.298803806 0.997604966 0.069013171 0.004643632 18.132982254
0.002260904 0.055610888 -0.998449922 -163.794738770 -0.063877724 0.996421397 0.055353262 6.344269753 0.997955143 0.063653581 0.005805111 18.141372681
0.002807096 0.050910216 -0.998699307 -165.009613037 -0.060927406 0.996856511 0.050645027 6.395743370 0.998138309 0.060706001 0.005900099 18.138301849
0.002130097 0.047740098 -0.998857439 -166.215194702 -0.054347806 0.997389078 0.047554016 6.431410789 0.998519719 0.054184414 0.004719105 18.151304245
0.000960034 0.050733607 -0.998711765 -167.448471069 -0.052321590 0.997346818 0.050613973 6.477104664 0.998629808 0.052205592 0.003611950 18.152456284
0.002113518 0.056774903 -0.998384774 -168.685211182 -0.053285059 0.996975064 0.056581933 6.528167725 0.998577058 0.053079404 0.005132379 18.143466949
0.003732956 0.060235381 -0.998177230 -169.889343262 -0.054196339 0.996729314 0.059945319 6.575798988 0.998523295 0.053873777 0.006985283 18.141546249
0.005210019 0.056862056 -0.998368442 -171.099548340 -0.055327475 0.996869028 0.056487929 6.628004074 0.998454630 0.054942898 0.008339740 18.142280579
0.005564699 0.056981355 -0.998359740 -172.327148438 -0.057298150 0.996753097 0.056570284 6.680213451 0.998341560 0.056889366 0.008811557 18.150613785
0.006356949 0.057888154 -0.998302877 -173.549179077 -0.056011315 0.996776342 0.057442971 6.731796265 0.998409867 0.055551097 0.009578849 18.155174255
0.007111715 0.055993304 -0.998405755 -174.753860474 -0.055600725 0.996908665 0.055513296 6.778095722 0.998427749 0.055117294 0.010202998 18.162424088
0.008732238 0.054857843 -0.998455942 -175.936416626 -0.055702806 0.996970415 0.054289054 6.819840431 0.998409212 0.055142738 0.011761517 18.168579102
0.010056226 0.056459617 -0.998354256 -177.076782227 -0.056838188 0.996822834 0.055800498 6.863217354 0.998332679 0.056183506 0.013233338 18.182609558
0.011277096 0.058647729 -0.998215079 -178.210906982 -0.056857340 0.996701062 0.057916444 6.895600319 0.998318553 0.056102723 0.014574448 18.192279816
0.012064198 0.060047995 -0.998122573 -179.302200317 -0.057908326 0.996561885 0.059254169 6.930469513 0.998248935 0.057084750 0.015500000 18.196353912
0.011978534 0.061360192 -0.998043835 -180.375061035 -0.057997443 0.996477664 0.060567822 6.964582443 0.998244822 0.057158478 0.015495077 18.207792282
0.011665190 0.062280342 -0.997990549 -181.421096802 -0.057281978 0.996461034 0.061515342 7.002885818 0.998289883 0.056449283 0.015191450 18.219417572
0.012070255 0.061332453 -0.998044431 -182.454421997 -0.057864957 0.996487260 0.060536951 7.044571400 0.998251498 0.057021104 0.015576857 18.223157883
0.013574127 0.061546195 -0.998011947 -183.425552368 -0.058489870 0.996443689 0.060653955 7.070747852 0.998195708 0.057550266 0.017125679 18.239068985
0.014932605 0.062257733 -0.997948408 -184.383422852 -0.059117496 0.996368587 0.061274596 7.109273911 0.998139322 0.058081221 0.018558901 18.251689911
0.014399392 0.060717884 -0.998051107 -185.330154419 -0.057658758 0.996544063 0.059794329 7.141224384 0.998232484 0.056685377 0.017850546 18.262109756
0.011099550 0.057806008 -0.998266101 -186.270980835 -0.055234078 0.996838808 0.057109218 7.171875954 0.998411715 0.054504417 0.014257323 18.273780823
0.006237976 0.054243017 -0.998508275 -187.193130493 -0.055340461 0.997016132 0.053816233 7.202603817 0.998448074 0.054922208 0.009221199 18.276876450
0.000755644 0.051050827 -0.998695791 -188.119079590 -0.057314284 0.997056603 0.050923672 7.238485336 0.998355925 0.057201050 0.003679362 18.267131805
-0.002945333 0.050390091 -0.998725355 -189.066238403 -0.058525685 0.997009039 0.050476097 7.272785664 0.998281658 0.058599744 0.000012592 18.268171310
-0.005693654 0.051253926 -0.998669446 -189.965301514 -0.060485624 0.996839345 0.051504850 7.297910213 0.998152852 0.060698397 -0.002575531 18.253034592
-0.007638882 0.052940551 -0.998568535 -190.886306763 -0.059338339 0.996813953 0.053301450 7.333917618 0.998208761 0.059660565 -0.004473140 18.241298676
-0.009348088 0.054091640 -0.998492241 -191.825210571 -0.056475870 0.996913493 0.054534856 7.371394634 0.998360157 0.056900516 -0.006264362 18.238096237
-0.010385871 0.054806188 -0.998443067 -192.731384277 -0.054888308 0.996960223 0.055295747 7.394607067 0.998438537 0.055377144 -0.007346081 18.220167160
-0.011025795 0.053792376 -0.998491287 -193.619689941 -0.055408128 0.996984899 0.054323066 7.427984715 0.998402894 0.055923492 -0.008012016 18.202524185
-0.011875107 0.052707836 -0.998539388 -194.527877808 -0.057282966 0.996933877 0.053304326 7.461025715 0.998287380 0.057832289 -0.008819435 18.186979294
-0.012226574 0.051784016 -0.998583376 -195.431655884 -0.060891885 0.996766090 0.052435331 7.497587681 0.998069525 0.061446737 -0.009033807 18.172639847
-0.011770402 0.050638098 -0.998647690 -196.322784424 -0.063606642 0.996656299 0.051286813 7.518217087 0.997905612 0.064124309 -0.008510125 18.159217834
-0.009987866 0.048056424 -0.998794615 -197.238052368 -0.063254625 0.996813595 0.048593659 7.548927784 0.997947454 0.063663736 -0.006916249 18.135271072
-0.009175894 0.045447666 -0.998924494 -198.150405884 -0.063180804 0.996944189 0.045937940 7.580393314 0.997959971 0.063534379 -0.006276434 18.119150162
-0.008437177 0.045050513 -0.998949051 -199.069213867 -0.063447878 0.996947467 0.045496140 7.610733509 0.997949541 0.063765064 -0.005553063 18.105318069
-0.007615886 0.048422139 -0.998797894 -199.990966797 -0.060930736 0.996948421 0.048797082 7.632521629 0.998112977 0.061229128 -0.004642250 18.094718933
-0.007993183 0.048922103 -0.998770595 -200.914123535 -0.060769431 0.996932685 0.049318410 7.671333313 0.998119831 0.061088931 -0.004995698 18.091829300
-0.007164927 0.045273408 -0.998948872 -201.854187012 -0.055727262 0.997404099 0.045603093 7.700790882 0.998420417 0.055995423 -0.004623364 18.086759567
-0.007545481 0.042177599 -0.999081612 -202.791900635 -0.054069746 0.997631252 0.042524725 7.730584621 0.998508632 0.054340959 -0.005247076 18.086629868
-0.006426612 0.042306826 -0.999083936 -203.751083374 -0.058607835 0.997371256 0.042611293 7.767868042 0.998260379 0.058827993 -0.003930206 18.063789368
-0.004613945 0.046728518 -0.998896956 -204.714675903 -0.059885785 0.997101843 0.046921156 7.794321537 0.998194575 0.060036223 -0.001802199 18.043090820
-0.002460757 0.046227667 -0.998927832 -205.678421021 -0.057592683 0.997266293 0.046292637 7.827494144 0.998337150 0.057644863 0.000208345 18.037881851
-0.000547413 0.047226727 -0.998884022 -206.655654907 -0.055787854 0.997327149 0.047183696 7.867018223 0.998442471 0.055751409 0.002088728 18.043344498
0.000839619 0.051780891 -0.998658121 -207.640777588 -0.056879170 0.997044265 0.051649392 7.906294823 0.998380661 0.056759480 0.003782392 18.042461395
0.002866549 0.056052614 -0.998423636 -208.641403198 -0.054351229 0.996960759 0.055814430 7.942669392 0.998517752 0.054105550 0.005904365 18.036405563
0.004330318 0.056747831 -0.998379290 -209.652999878 -0.053017471 0.996997356 0.056439344 7.982333183 0.998584151 0.052687142 0.007325943 18.047370911
0.005965230 0.057083752 -0.998351634 -210.654235840 -0.056324612 0.996803522 0.056658693 8.033296585 0.998394668 0.055893790 0.009161382 18.053291321
0.009254222 0.059256420 -0.998199880 -211.675674438 -0.059098817 0.996530116 0.058609392 8.077264786 0.998209238 0.058450058 0.012724095 18.049484253
0.012485924 0.059778657 -0.998133540 -212.691787720 -0.060970593 0.996399522 0.058912106 8.119976997 0.998061478 0.060121223 0.016085709 18.053936005
0.015560124 0.057103764 -0.998246968 -213.718551636 -0.063703761 0.996396124 0.056004912 8.167629242 0.997847617 0.062720634 0.019141771 18.061727524
