1.000000000 -0.000000000 0.000000000 0.000000000 -0.000000000 1.000000000 0.000000000 0.000000000 0.000000000 0.000000000 1.000000000 0.000000000
0.999979317 0.000361055 -0.006421101 -0.008438838 -0.000358661 0.999999881 0.000373933 -0.001570904 0.006421235 -0.000371622 0.999979317 0.091189787
0.999907136 0.000932592 -0.013593854 -0.015974021 -0.000931035 0.999999583 0.000120896 -0.001426242 0.013593961 -0.000108228 0.999907613 0.187781021
0.999772787 0.001371399 -0.021271713 -0.026081992 -0.001384279 0.999998868 -0.000590785 -0.001889264 0.021270879 0.000620097 0.999773562 0.285513401
0.999541879 0.001739665 -0.030215740 -0.043028120 -0.001800259 0.999996424 -0.001978306 -0.002144850 0.030212192 0.002031796 0.999541461 0.389482647
0.999126554 0.001970555 -0.041739985 -0.059401918 -0.002115512 0.999991894 -0.003428990 -0.005190670 0.041732889 0.003514296 0.999122620 0.501752138
0.998475254 0.001704087 -0.055174705 -0.082813069 -0.001933440 0.999989688 -0.004103742 -0.007540607 0.055167142 0.004204162 0.998468280 0.625255704
0.997427404 0.001860354 -0.071659900 -0.108732305 -0.002186120 0.999987602 -0.004467846 -0.004161760 0.071650699 0.004613009 0.997419119 0.760209680
0.995904922 0.000288487 -0.090406291 -0.135264263 -0.000672969 0.999990880 -0.004222370 -0.008613109 0.090404250 0.004265920 0.995896041 0.916005790
0.993911922 -0.000696708 -0.110175513 -0.176524833 0.000213840 0.999990344 -0.004394470 -0.012382596 0.110177502 0.004344156 0.993902445 1.076789975
0.991238058 -0.001119778 -0.132082790 -0.227243647 0.000493801 0.999988496 -0.004771935 -0.014812482 0.132086605 0.004664901 0.991227210 1.238703370
0.987671375 0.002642071 -0.156519264 -0.272366434 -0.003695122 0.999972463 -0.006437343 -0.014072978 0.156497911 0.006936337 0.987653971 1.400556564
0.983297229 0.006772887 -0.181880593 -0.338604003 -0.008345985 0.999934018 -0.007885074 -0.019204296 0.181815177 0.009271344 0.983289003 1.573723555
0.977917731 0.009835778 -0.208758235 -0.412123233 -0.012004807 0.999886274 -0.009125646 -0.020865457 0.208644733 0.011430233 0.977924705 1.752052546
0.971168995 0.010184664 -0.238174215 -0.488328189 -0.012789548 0.999874055 -0.009394089 -0.023067599 0.238048539 0.012169390 0.971176982 1.939630151
0.963152945 0.012343648 -0.268670619 -0.581397533 -0.015279958 0.999844134 -0.008840602 -0.026304105 0.268519640 0.012620128 0.963191569 2.133120537
0.953623950 0.014327242 -0.300659239 -0.677945673 -0.017498149 0.999816060 -0.007856219 -0.029466126 0.300491333 0.012752860 0.953699291 2.326653481
0.942386746 0.016206633 -0.334132373 -0.764834404 -0.019552277 0.999786675 -0.006651946 -0.032826573 0.333953321 0.012801755 0.942502618 2.493604183
0.929938912 0.018819783 -0.367231935 -0.862653136 -0.022586631 0.999727070 -0.005962282 -0.040076081 0.367019475 0.013839092 0.930110276 2.656161547
0.915923715 0.021519035 -0.400775075 -0.955478549 -0.025807470 0.999652803 -0.005304993 -0.041839376 0.400521785 0.015201959 0.916161180 2.805204153
0.899870276 0.022302818 -0.435586989 -1.080058336 -0.026983263 0.999625444 -0.004561592 -0.042449601 0.435322165 0.015858401 0.900135040 2.990029573
0.881367922 0.018215045 -0.472079128 -1.206704378 -0.023311557 0.999715984 -0.004948717 -0.044783153 0.471854925 0.015366538 0.881542325 3.178186178
0.860168040 0.012835870 -0.509849072 -1.357772946 -0.018001402 0.999824464 -0.005198826 -0.050544210 0.509692848 0.013649863 0.860248148 3.373236895
0.834964871 0.014314195 -0.550116956 -1.516726732 -0.018528990 0.999826133 -0.002107467 -0.053318903 0.549991131 0.011952772 0.835084915 3.555138588
0.805922925 0.019901950 -0.591685891 -1.694026589 -0.023193786 0.999728918 0.002035115 -0.060238257 0.591565967 0.012083292 0.806165993 3.715067863
0.773409069 0.023141053 -0.633484721 -1.891473413 -0.026699517 0.999635816 0.003919554 -0.063892245 0.633344769 0.013882319 0.773745239 3.882109642
0.737249136 0.021711269 -0.675272048 -2.102195501 -0.025439391 0.999666810 0.004366931 -0.062790431 0.675141931 0.013958994 0.737555802 4.054618359
0.697600901 0.017382177 -0.716275632 -2.320124149 -0.019399624 0.999797523 0.005368685 -0.060279503 0.716223896 0.010150280 0.697796762 4.219367981
0.654919386 0.013478629 -0.755578518 -2.563888788 -0.014285320 0.999883056 0.005454522 -0.056041081 0.755563676 0.007221408 0.655035377 4.384397030
0.610296309 0.012906379 -0.792068064 -2.829708576 -0.011461727 0.999906480 0.007461633 -0.056076881 0.792090297 0.004524663 0.610387146 4.533192158
0.562058926 0.013671082 -0.826984167 -3.109673738 -0.009364756 0.999904454 0.010164924 -0.054362215 0.827044189 0.002031217 0.562133253 4.673779964
0.511740923 0.014902641 -0.859010577 -3.406485319 -0.007681090 0.999888957 0.012770809 -0.054337878 0.859105408 0.000062791 0.511798620 4.792756081
0.459050149 0.016379835 -0.888259351 -3.722880602 -0.007123638 0.999865770 0.014756421 -0.048636105 0.888381839 -0.000446299 0.459105194 4.899706364
0.404837787 0.018207703 -0.914207220 -4.055175304 -0.006450659 0.999833703 0.017056534 -0.039685164 0.914365768 -0.001007891 0.404888004 4.990544319
0.349062473 0.020453244 -0.936876237 -4.415202141 -0.005363579 0.999789000 0.019828347 -0.039380036 0.937084079 -0.001896323 0.349098593 5.083537579
0.293980271 0.024360906 -0.955501080 -4.770459652 -0.003260596 0.999694884 0.024484459 -0.043295089 0.955805838 -0.004082446 0.293970078 5.149045944
0.238976032 0.025354361 -0.970694423 -5.129569054 0.001758956 0.999646127 0.026543615 -0.036331568 0.971023917 -0.008050697 0.238846913 5.220128059
0.188646853 0.026039388 -0.981699765 -5.530090809 0.003800629 0.999621570 0.027245106 -0.033782437 0.982037604 -0.008870780 0.188476562 5.253042698
0.140647650 0.026832998 -0.989695907 -5.933528423 0.002166790 0.999621868 0.027410043 -0.027742889 0.990057349 -0.005999621 0.140536308 5.278712273
0.098420225 0.026584219 -0.994789720 -6.363265038 0.000086184 0.999642849 0.026722437 -0.013157234 0.995144963 -0.002715762 0.098382764 5.280405521
0.060568992 0.025446823 -0.997839510 -6.801331520 -0.001689492 0.999676108 0.025391109 -0.005068327 0.998162568 0.000147928 0.060592331 5.269033432
0.026078744 0.022526573 -0.999405921 -7.267504215 -0.001181496 0.999746025 0.022503406 0.004604232 0.999659181 0.000593934 0.026098693 5.257061958
-0.005332290 0.019670907 -0.999792218 -7.736847878 -0.000659811 0.999806166 0.019674703 0.007847530 0.999985576 0.000764585 -0.005318314 5.228388309
-0.032179501 0.018419201 -0.999312341 -8.222159386 0.000071503 0.999830186 0.018426439 0.010896645 0.999482095 0.000521500 -0.032175355 5.201444626
-0.052578520 0.015727224 -0.998492956 -8.726138115 -0.000502983 0.999875426 0.015775485 0.021628136 0.998616636 0.001331677 -0.052564058 5.152471542
-0.068787552 0.014819950 -0.997521222 -9.246594429 0.000079967 0.999889731 0.014849625 0.032186668 0.997631371 0.000941700 -0.068781152 5.102017403
-0.082142383 0.015431200 -0.996501088 -9.790656090 0.000089519 0.999880195 0.015476146 0.038527418 0.996620595 0.001182042 -0.082133904 5.049123287
-0.091785148 0.016541881 -0.995641410 -10.342725754 0.000189860 0.999862254 0.016594507 0.044991419 0.995778859 0.001334097 -0.091775641 4.989775658
-0.098543011 0.018083857 -0.994968414 -10.913772583 -0.001957745 0.999829412 0.018366108 0.040918551 0.995130777 0.003757746 -0.098490790 4.921970844
-0.102916703 0.018967174 -0.994509041 -11.504038811 -0.002257119 0.999811113 0.019301871 0.049272068 0.994687378 0.004231210 -0.102854446 4.854901791
-0.104416430 0.019406423 -0.994344234 -12.110617638 0.000260493 0.999810100 0.019485740 0.063365683 0.994533598 0.001775612 -0.104401648 4.789913177
-0.103082530 0.021660149 -0.994436920 -12.728121758 0.002141087 0.999765277 0.021554267 0.069687448 0.994670451 0.000092693 -0.103104725 4.722100258
-0.101467162 0.024005638 -0.994549155 -13.363591194 0.001170613 0.999710917 0.024010798 0.076316178 0.994838119 0.001272075 -0.101465933 4.648994446
-0.099883132 0.024117729 -0.994706810 -14.026744843 -0.000834060 0.999703825 0.024322640 0.081859320 0.994998813 0.003259067 -0.099833421 4.580564022
-0.098404065 0.021660425 -0.994910777 -14.693378448 -0.002402796 0.999755085 0.022003544 0.090763174 0.995143592 0.004555806 -0.098327912 4.514250278
-0.096861295 0.021336921 -0.995069087 -15.372301102 -0.002515446 0.999761820 0.021682400 0.105755456 0.995294750 0.004603229 -0.096784547 4.441902161
-0.095150024 0.024140336 -0.995170176 -16.081916809 -0.003192111 0.999693334 0.024555257 0.113992654 0.995457828 0.005513127 -0.095043793 4.368061543
-0.093413092 0.027788784 -0.995239496 -16.803592682 -0.004351544 0.999589503 0.028318677 0.122234054 0.995617986 0.006976163 -0.093253821 4.298065662
-0.091509022 0.029695474 -0.995361388 -17.528013229 -0.004194303 0.999534905 0.030205587 0.135201126 0.995795429 0.006938932 -0.091341913 4.227149010
-0.089728564 0.028843831 -0.995548546 -18.266468048 -0.005552629 0.999550462 0.029460238 0.151892737 0.995950758 0.008171337 -0.089528091 4.155566216
-0.088158451 0.025969347 -0.995767772 -19.019958496 -0.009040617 0.999598026 0.026869629 0.161328718 0.996065378 0.011371139 -0.087888233 4.082624912
-0.086492181 0.025319474 -0.995930672 -19.795137405 -0.009795446 0.999607027 0.026263630 0.177519754 0.996204376 0.012027183 -0.086210191 4.007011414
-0.085111655 0.027651705 -0.995987594 -20.577560425 -0.007361558 0.999570072 0.028380243 0.192344844 0.996344149 0.009747511 -0.084871516 3.941853762
-0.084115475 0.029978843 -0.996004879 -21.375846863 -0.005010580 0.999521911 0.030507857 0.201720431 0.996443391 0.007556744 -0.083925053 3.876458406
-0.082496144 0.031751078 -0.996085405 -22.175758362 -0.004456156 0.999470472 0.032228041 0.215478435 0.996581376 0.007097398 -0.082310982 3.794699669
-0.082014494 0.027176466 -0.996260464 -22.969827652 -0.004186985 0.999609888 0.027612511 0.226025149 0.996622324 0.006435952 -0.081868716 3.733131409
-0.081653535 0.020173395 -0.996456504 -23.767641068 -0.003110413 0.999785006 0.020495662 0.229825422 0.996655822 0.004772934 -0.081573240 3.671614408
-0.081656069 0.015354734 -0.996542215 -24.584690094 0.000125150 0.999881446 0.015395931 0.243842408 0.996660471 0.001132453 -0.081648305 3.604569435
-0.082614571 0.016095016 -0.996451557 -25.419036865 0.001331467 0.999870420 0.016039850 0.255351871 0.996580660 -0.000001617 -0.082625307 3.542741060
-0.082102321 0.023669308 -0.996342778 -26.247867584 0.000936061 0.999719322 0.023672389 0.256202668 0.996623456 0.001010920 -0.082101434 3.458163023
-0.082996130 0.030847440 -0.996072412 -27.097478867 -0.000138071 0.999520540 0.030965729 0.266005963 0.996549785 0.002707565 -0.082952090 3.391025305
-0.083518170 0.036496241 -0.995837688 -27.944137573 -0.001936059 0.999321282 0.036786281 0.275258154 0.996504426 0.005000323 -0.083390832 3.315757275
-0.083797134 0.036603011 -0.995810330 -28.783954620 -0.003948669 0.999305189 0.037063740 0.287759334 0.996474922 0.007037961 -0.083594367 3.234809399
-0.083991863 0.033266254 -0.995910943 -29.616968155 -0.003844303 0.999424279 0.033707824 0.300556272 0.996459007 0.006659767 -0.083815634 3.159972191
-0.084134832 0.030416457 -0.995990098 -30.458875656 -0.003914925 0.999516249 0.030854849 0.318453699 0.996446609 0.006495195 -0.083975062 3.075082779
-0.084363453 0.031559143 -0.995935082 -31.305040359 -0.005347684 0.999469578 0.032124136 0.334105372 0.996420681 0.008036050 -0.084149942 3.000757933
-0.084241375 0.033562258 -0.995879889 -32.148410797 -0.006283511 0.999394774 0.034212235 0.345943362 0.996425569 0.009139709 -0.083979510 2.925815344
-0.084128894 0.032364283 -0.995929122 -32.973628998 -0.007247850 0.999426067 0.033090170 0.353461146 0.996428430 0.010002185 -0.083846040 2.848587275
-0.083967559 0.027239593 -0.996096134 -33.798355103 -0.007680576 0.999578893 0.027982287 0.365262032 0.996438801 0.010000196 -0.083722986 2.779598475
-0.083547696 0.022977011 -0.996238768 -34.634395599 -0.009027807 0.999675572 0.023813376 0.379436374 0.996462822 0.010983406 -0.083313160 2.694031954
-0.083056673 0.023836767 -0.996259630 -35.457321167 -0.009099834 0.999653995 0.024676623 0.381292492 0.996503234 0.011115355 -0.082811043 2.626964331
-0.082362324 0.026196789 -0.996258080 -36.287723541 -0.007631939 0.999608576 0.026915835 0.389293313 0.996573210 0.009820234 -0.082130164 2.555554152
-0.081870399 0.031240823 -0.996153176 -37.131771088 -0.007246409 0.999463499 0.031940196 0.399855226 0.996616542 0.009833490 -0.081600100 2.475418329
-0.081495069 0.036948778 -0.995988548 -37.954689026 -0.006887513 0.999267876 0.037633989 0.413485616 0.996649981 0.009926869 -0.081180930 2.417386055
-0.081517711 0.039820358 -0.995876014 -38.809677124 -0.007526033 0.999148428 0.040567253 0.430386782 0.996643364 0.010801949 -0.081148624 2.334686041
-0.081022844 0.039836824 -0.995915771 -39.644950867 -0.006717805 0.999156415 0.040512983 0.450740606 0.996689498 0.009972847 -0.080686890 2.258188486
-0.081205428 0.035390399 -0.996068835 -40.457324982 -0.007097313 0.999323547 0.036084652 0.466629177 0.996672094 0.009999680 -0.080899328 2.198709965
-0.080773667 0.031039167 -0.996249080 -41.284294128 -0.007842045 0.999464214 0.031775165 0.482436329 0.996701598 0.010379226 -0.080486991 2.122877836
-0.080266289 0.028574621 -0.996363699 -42.108139038 -0.012765252 0.999477506 0.029692287 0.487157375 0.996691644 0.015102128 -0.079859607 2.033093929
-0.080315836 0.026696479 -0.996411800 -42.933803558 -0.016141951 0.999475360 0.028079683 0.499917746 0.996638715 0.018339276 -0.079842776 1.947642207
-0.081727467 0.024868479 -0.996344388 -43.748107910 -0.012926217 0.999578118 0.026009496 0.505494773 0.996570885 0.015004655 -0.081371546 1.900020480
-0.082882278 0.021096153 -0.996336043 -44.577461243 -0.009378498 0.999715149 0.021947874 0.514223754 0.996515274 0.011163227 -0.082660824 1.832904339
-0.083607994 0.019505551 -0.996307850 -45.403572083 -0.005146161 0.999786556 0.020005515 0.523728490 0.996485412 0.006799781 -0.083489791 1.759753466
-0.085926093 0.022791065 -0.996040821 -46.229381561 -0.004869971 0.999716699 0.023295304 0.529461265 0.996289670 0.006852363 -0.085790776 1.687860847
-0.087626912 0.029470196 -0.995717287 -47.048934937 -0.002196851 0.999554098 0.029777085 0.532315016 0.996150970 0.004796716 -0.087523118 1.611279368
-0.089252010 0.033011533 -0.995461881 -47.851539612 -0.000542198 0.999448955 0.033192363 0.540724814 0.996008933 0.003502225 -0.089184925 1.534782410
-0.090371013 0.032654461 -0.995372593 -48.656845093 -0.000574462 0.999460399 0.032840721 0.542338073 0.995907962 0.003539653 -0.090303503 1.460463643
-0.091427043 0.028923169 -0.995391667 -49.457717896 -0.003956601 0.999559700 0.029407699 0.550034940 0.995803952 0.006627026 -0.091272347 1.376365781
-0.092388727 0.024989177 -0.995409310 -50.248264313 -0.008627044 0.999627471 0.025895791 0.560243964 0.995685518 0.010979922 -0.092138730 1.286929131
-0.093903244 0.023788286 -0.995297015 -51.036369324 -0.012773979 0.999603391 0.025096400 0.565115452 0.995499372 0.015070537 -0.093562134 1.201404572
-0.094868034 0.024875883 -0.995178878 -51.824714661 -0.014524741 0.999546707 0.026369670 0.569928110 0.995383799 0.016956355 -0.094463736 1.120645642
-0.096086234 0.026520314 -0.995019555 -52.612915039 -0.014544780 0.999500871 0.028044298 0.576568186 0.995266736 0.017167011 -0.095652550 1.041711211
-0.096819237 0.026005168 -0.994962156 -53.393932343 -0.016125968 0.999486387 0.027692627 0.582426190 0.995171309 0.018725911 -0.096350141 0.957105815
-0.097411312 0.025719102 -0.994911849 -54.171684265 -0.017002685 0.999477148 0.027501848 0.589832187 0.995098948 0.019595167 -0.096923083 0.874631524
-0.097895294 0.027650587 -0.994812429 -54.949527740 -0.015064562 0.999458253 0.029262150 0.597790718 0.995082617 0.017851042 -0.097425722 0.797212541
-0.098047495 0.030311717 -0.994719982 -55.717277527 -0.014161529 0.999392390 0.031849973 0.609140098 0.995081007 0.017209571 -0.097558647 0.717007756
-0.098419420 0.034737263 -0.994538486 -56.503265381 -0.014349918 0.999237239 0.036321439 0.617509186 0.995041549 0.017846284 -0.097845860 0.636495173
-0.098869868 0.036725443 -0.994422436 -57.256706238 -0.014634788 0.999156952 0.038355354 0.631483078 0.994992673 0.018345352 -0.098249048 0.559025943
-0.099669240 0.036825716 -0.994338870 -58.018257141 -0.014246773 0.999159575 0.038432308 0.640598655 0.994918585 0.017996637 -0.099060819 0.479928046
-0.100040443 0.035004012 -0.994367361 -58.756664276 -0.013245066 0.999245524 0.036508285 0.650032938 0.994895220 0.016822768 -0.099501327 0.404287159
-0.099906147 0.031192314 -0.994507730 -59.490825653 -0.012913892 0.999383628 0.032642543 0.666387200 0.994913042 0.016104156 -0.099441744 0.323361009
-0.099736661 0.028243843 -0.994612873 -60.211605072 -0.013871446 0.999460399 0.029772485 0.673895776 0.994917154 0.016766127 -0.099291071 0.246580258
-0.098634556 0.026171396 -0.994779468 -60.918338776 -0.014510536 0.999509931 0.027734600 0.680046380 0.995017886 0.017170371 -0.098206475 0.174106896
-0.096370995 0.025279712 -0.995024383 -61.613254547 -0.017156256 0.999486744 0.027054716 0.684703112 0.995197654 0.019678185 -0.095887832 0.099774078
-0.091666773 0.025996048 -0.995450318 -62.316764832 -0.017232198 0.999468029 0.027687812 0.693604648 0.995640635 0.019691853 -0.091170035 0.018794356
-0.086027816 0.027844612 -0.995903552 -62.966842651 -0.017068138 0.999421477 0.029417347 0.693452597 0.996146500 0.019528927 -0.085502803 -0.031311613
-0.079029270 0.029551918 -0.996434093 -63.608310699 -0.015689705 0.999399722 0.030884258 0.696635127 0.996748805 0.018074516 -0.078518189 -0.072236441
-0.070268728 0.030424383 -0.997063994 -64.235397339 -0.016559690 0.999361455 0.031661544 0.704821944 0.997390628 0.018735886 -0.069720022 -0.117435247
-0.058088984 0.031890798 -0.997801960 -64.862304688 -0.018484898 0.999283910 0.033014305 0.715372384 0.998140156 0.020362031 -0.057457890 -0.161024347
-0.043062087 0.033452500 -0.998512208 -65.471023560 -0.022149621 0.999161720 0.034429494 0.721939802 0.998826861 0.023599271 -0.042285018 -0.192039028
-0.024800342 0.034764662 -0.999087751 -66.058959961 -0.023739383 0.999092877 0.035354123 0.727189839 0.999410510 0.024594516 -0.023952544 -0.199147776
-0.002544397 0.035937320 -0.999350727 -66.621513367 -0.024200790 0.999059141 0.035988450 0.729656935 0.999703884 0.024276644 -0.001672285 -0.189861447
0.022960305 0.036581125 -0.999066889 -67.166961670 -0.023525421 0.999073327 0.036040712 0.731440544 0.999459505 0.022675961 0.023799619 -0.163534403
0.051863503 0.035800375 -0.998012185 -67.686111450 -0.022263756 0.999150336 0.034684222 0.744376004 0.998405993 0.020420656 0.052616492 -0.114382803
0.085882708 0.036045734 -0.995652914 -68.185813904 -0.020732393 0.999193609 0.034385592 0.746467113 0.996089518 0.017689141 0.086560778 -0.045788523
0.123160988 0.035268988 -0.991759717 -68.668937683 -0.020875704 0.999239206 0.032942537 0.767188370 0.992167056 0.016646449 0.123803556 0.045272514
0.165329412 0.036062736 -0.985578775 -69.056991577 -0.020948825 0.999234080 0.033048265 0.752870142 0.986015797 0.015182864 0.165958300 0.106000222
0.210639998 0.036892861 -0.976867318 -69.514236450 -0.020131271 0.999239385 0.033396918 0.760678232 0.977356374 0.012630856 0.211222500 0.227917314
0.258908391 0.035146475 -0.965262175 -69.944953918 -0.016753560 0.999350667 0.031893954 0.768822968 0.965756595 0.007913964 0.259329110 0.381994098
0.308081925 0.030321982 -0.950876474 -70.336425781 -0.009073898 0.999540091 0.028933872 0.764389575 0.951316476 -0.000285846 0.308215380 0.565401971
0.359101534 0.024898030 -0.932966292 -70.746063232 -0.003664940 0.999674022 0.025267608 0.769569159 0.933291256 -0.005654368 0.359075695 0.768172383
0.411210001 0.020414067 -0.911311984 -71.102844238 0.002019686 0.999726355 0.023305954 0.765568614 0.911538363 -0.011424207 0.411056221 0.975827456
0.462620556 0.019855849 -0.886333942 -71.494613647 0.001062280 0.999736011 0.022950765 0.778921545 0.886555731 -0.011559032 0.462477326 1.210671186
0.510846734 0.018657627 -0.859469354 -71.866432190 0.002894009 0.999721408 0.023422398 0.782888234 0.859666884 -0.014452563 0.510650396 1.468244791
0.556210399 0.014272811 -0.830918908 -72.236961365 0.010533147 0.999651074 0.024221951 0.788944125 0.830974638 -0.022224691 0.555866003 1.756851792
0.600584447 0.008031569 -0.799520969 -72.525810242 0.019935202 0.999488294 0.025015263 0.788675129 0.799312770 -0.030962389 0.600117028 2.041219711
0.643390000 0.002662431 -0.765533984 -72.841934204 0.021722656 0.999527812 0.021732949 0.793521404 0.765230417 -0.030612193 0.643028319 2.350545645
0.684586287 -0.002047795 -0.728928983 -73.138748169 0.018996678 0.999706566 0.015032565 0.794567466 0.728684247 -0.024138315 0.684424281 2.671368599
0.725131035 -0.008214183 -0.688561916 -73.417984009 0.014928373 0.999881446 0.003793150 0.795575142 0.688449025 -0.013029640 0.725167692 3.009874344
0.764402449 -0.010864616 -0.644647837 -73.683174133 0.010619169 0.999934554 -0.004260603 0.794615686 0.644651949 -0.003588807 0.764467835 3.370199680
0.801856399 -0.011781147 -0.597400606 -73.958976746 0.008757951 0.999929965 -0.007964007 0.797985017 0.597452581 0.001153986 0.801903367 3.767072201
0.835131407 -0.011641853 -0.549927294 -74.183494568 0.008539018 0.999929905 -0.008200782 0.775518537 0.549984276 0.002152893 0.835172296 4.194922447
0.866057038 -0.010430655 -0.499836326 -74.399482727 0.005482622 0.999920368 -0.011366843 0.782424152 0.499915093 0.007103921 0.866045296 4.624278069
0.892042100 -0.009046619 -0.451861709 -74.608802795 0.005082251 0.999937236 -0.009986395 0.770567596 0.451923698 0.006611810 0.892032087 5.101265430
0.913197815 -0.003156808 -0.407504320 -74.804161072 -0.000567563 0.999959171 -0.009018251 0.760617793 0.407516211 0.008466733 0.913158715 5.597908974
0.930608094 0.000972438 -0.366015792 -74.988899231 -0.005341310 0.999926090 -0.010923842 0.755320311 0.365978122 0.012120819 0.930544496 6.111454487
0.944154859 0.006206588 -0.329443455 -75.166290283 -0.009767840 0.999910355 -0.009155815 0.742353857 0.329357147 0.011862459 0.944130957 6.645960331
0.954027295 0.007015815 -0.299637556 -75.323776245 -0.009612532 0.999927938 -0.007193057 0.728630245 0.299565494 0.009742648 0.954025984 7.181686878
0.961319625 0.006450003 -0.275359660 -75.473327637 -0.008402344 0.999947250 -0.005911094 0.720243752 0.275307000 0.007996119 0.961323082 7.762328148
0.967146695 0.006985295 -0.254122913 -75.618568420 -0.008255101 0.999958158 -0.003930740 0.710066438 0.254084826 0.005899412 0.967163920 8.359560013
0.971719265 0.009356800 -0.235953823 -75.757164001 -0.009894151 0.999950409 -0.001093437 0.700857937 0.235931903 0.003397077 0.971763670 8.970745087
0.975298107 0.014357517 -0.220425829 -75.905456543 -0.014700595 0.999891937 0.000083933 0.697074056 0.220403254 0.003158533 0.975403726 9.603933334
0.978129029 0.018336665 -0.207189053 -76.032463074 -0.018332900 0.999830067 0.001938348 0.683801472 0.207189381 0.001902421 0.978299081 10.236105919
0.980885863 0.016806627 -0.193856508 -76.198478699 -0.016834745 0.999857068 0.001502465 0.679960310 0.193854049 0.001789778 0.981028736 10.956299782
0.983480573 0.016905908 -0.180222020 -76.314979553 -0.016969992 0.999855280 0.001186334 0.672454417 0.180215985 0.001891629 0.983625233 11.636466980
0.986119926 0.017089317 -0.165153250 -76.430526733 -0.017069722 0.999853075 0.001538069 0.671347618 0.165155262 0.001302400 0.986266732 12.328722954
0.988317370 0.018482918 -0.151284799 -76.532958984 -0.018441888 0.999828458 0.001674393 0.668722630 0.151289791 0.001135145 0.988488793 13.031630516
0.990198016 0.018960593 -0.138378203 -76.637863159 -0.019240847 0.999814570 -0.000687747 0.650565982 0.138339505 0.003343520 0.990379214 13.757577896
0.991666019 0.018908493 -0.127439722 -76.740737915 -0.019842688 0.999784708 -0.006064829 0.641436636 0.127297580 0.008543032 0.991827786 14.518733978
0.992882013 0.019121753 -0.117557138 -76.843627930 -0.020655371 0.999716520 -0.011841170 0.620469749 0.117297404 0.014185072 0.992995501 15.266456604
0.993805707 0.018691344 -0.109548464 -76.922424316 -0.020161947 0.999720693 -0.012331833 0.615327001 0.109287366 0.014464157 0.993905008 16.026130676
0.994492412 0.020694133 -0.102746248 -77.005035400 -0.021439550 0.999751151 -0.006155766 0.599307120 0.102593303 0.008324695 0.994688570 16.792406082
0.994888067 0.025541360 -0.097700983 -77.088821411 -0.025487443 0.999673545 0.001800074 0.580945134 0.097715080 0.000699277 0.995214224 17.570352554
0.995272815 0.025407709 -0.093736447 -77.156692505 -0.024983799 0.999671698 0.005693348 0.575338900 0.093850330 -0.003324543 0.995580792 18.341238022
0.995628476 0.024671854 -0.090085253 -77.236656189 -0.024349567 0.999692619 0.004675024 0.560060501 0.090172902 -0.002461050 0.995923042 19.116270065
0.995949328 0.025299456 -0.086282805 -77.326652527 -0.025038371 0.999678016 0.004106907 0.538423538 0.086358927 -0.001929890 0.996262133 19.885198593
0.996244490 0.024085933 -0.083165944 -77.393211365 -0.023631480 0.999700010 0.006444572 0.528852820 0.083296210 -0.004455036 0.996514857 20.657442093
0.996463120 0.022119267 -0.081067771 -77.454093933 -0.021454476 0.999728739 0.009062435 0.516493678 0.081246242 -0.007291116 0.996667325 21.433235168
0.996693432 0.019543745 -0.078867346 -77.503288269 -0.018743187 0.999765098 0.010878292 0.507410586 0.079061419 -0.009364099 0.996825695 22.202301025
0.996949732 0.018655704 -0.075783141 -77.571357727 -0.018175129 0.999810100 0.007026209 0.502220452 0.075899832 -0.005627410 0.997099519 22.964134216
0.997032702 0.022357516 -0.073660068 -77.634933472 -0.022433439 0.999748230 -0.000203462 0.489877254 0.073636957 0.001855307 0.997283340 23.707965851
0.997145057 0.022789013 -0.071988605 -77.694587708 -0.023415988 0.999694824 -0.007877340 0.478783011 0.071787104 0.009540535 0.997374356 24.460412979
0.997217417 0.023826489 -0.070637450 -77.752281189 -0.024729798 0.999622822 -0.011941039 0.461961001 0.070326291 0.013654663 0.997430503 25.214723587
0.997297466 0.025332347 -0.068962455 -77.805702209 -0.026098516 0.999607027 -0.010231602 0.439309090 0.068676136 0.012003768 0.997566760 25.970325470
0.997356772 0.028538549 -0.066819936 -77.863021851 -0.029011702 0.999560356 -0.006121182 0.418581158 0.066615865 0.008043563 0.997746289 26.728914261
0.997425079 0.031954527 -0.064202935 -77.925025940 -0.032079607 0.999484837 -0.000917996 0.400147676 0.064140514 0.002975237 0.997936487 27.493488312
0.997680664 0.029655732 -0.061267216 -77.978439331 -0.029674660 0.999559402 0.000601191 0.390060186 0.061258040 0.001218287 0.998121202 28.253009796
0.997843206 0.026891094 -0.059881065 -78.025856018 -0.026911814 0.999637663 0.000460587 0.376382232 0.059871752 0.001151914 0.998205423 29.005640030
0.997960627 0.024929807 -0.058762163 -78.068420410 -0.024946861 0.999688685 0.000443383 0.360895962 0.058754921 0.001023453 0.998271823 29.752115250
0.998019993 0.025426013 -0.057527468 -78.121658325 -0.025536466 0.999673128 -0.001185555 0.347622991 0.057478521 0.002652256 0.998343170 30.507255554
0.998122513 0.022630513 -0.056913916 -78.163825989 -0.022813791 0.999736428 -0.002572596 0.333746463 0.056840695 0.003866189 0.998375773 31.266809464
0.998156011 0.021416079 -0.056796130 -78.204925537 -0.021595661 0.999763489 -0.002549885 0.320301443 0.056728091 0.003771733 0.998382568 32.027576447
0.998133063 0.024852663 -0.055792019 -78.259330750 -0.024978418 0.999686897 -0.001557727 0.309104949 0.055735830 0.002948416 0.998441219 32.798583984
0.998137712 0.024952533 -0.055661917 -78.312705994 -0.025146196 0.999679923 -0.002781530 0.299406916 0.055574697 0.004176035 0.998445809 33.571182251
0.998085201 0.024306549 -0.056878127 -78.358367920 -0.024484985 0.999697208 -0.002442329 0.280587047 0.056801539 0.003830313 0.998378098 34.324653625
0.998016477 0.022005189 -0.058982339 -78.405105591 -0.022163501 0.999752343 -0.002031129 0.269448757 0.058923025 0.003334355 0.998256922 35.106590271
0.997788846 0.023540720 -0.062155433 -78.462066650 -0.023716735 0.999716520 -0.002095505 0.256888181 0.062088478 0.003564995 0.998064280 35.897480011
0.997533202 0.027429756 -0.064615607 -78.524993896 -0.027645553 0.999614775 -0.002447802 0.241560876 0.064523578 0.004228098 0.997907162 36.682594299
0.997343063 0.027650760 -0.067395881 -78.587394714 -0.028190425 0.999577582 -0.007069333 0.225687355 0.067171924 0.008950467 0.997701228 37.486396790
0.997158766 0.028309375 -0.069806062 -78.655143738 -0.029119909 0.999519527 -0.010620847 0.214831948 0.069471858 0.012623416 0.997503996 38.292358398
0.997057378 0.027554834 -0.071534537 -78.717430115 -0.028520377 0.999514937 -0.012511261 0.201472431 0.071155079 0.014514636 0.997359633 39.097076416
0.996875405 0.027696069 -0.073975578 -78.783271790 -0.028557520 0.999535799 -0.010612627 0.176639050 0.073647305 0.012692026 0.997203529 39.930229187
0.996756494 0.026168771 -0.076103635 -78.852149963 -0.027006367 0.999585330 -0.009997593 0.159690320 0.075810440 0.012020448 0.997049749 40.751960754
0.996637762 0.025476096 -0.077871539 -78.921844482 -0.026175577 0.999625564 -0.007974794 0.141183317 0.077639222 0.009986315 0.996931493 41.570804596
0.996581316 0.024885504 -0.078779869 -78.995445251 -0.025296651 0.999671042 -0.004225089 0.125418320 0.078648813 0.006203513 0.996883154 42.408878326
0.996500611 0.024401316 -0.079943277 -79.062591553 -0.024434939 0.999701262 0.000557855 0.114157058 0.079933010 0.001397509 0.996799290 43.251010895
0.996569693 0.025221601 -0.078820616 -79.141471863 -0.025063107 0.999681413 0.002999657 0.095940873 0.078871168 -0.001013878 0.996884286 44.090019226
0.996625543 0.027862007 -0.077208698 -79.214866638 -0.027744835 0.999611616 0.002590113 0.090956531 0.077250876 -0.000439231 0.997011542 44.980785370
0.996789098 0.027760295 -0.075104959 -79.283966064 -0.027766060 0.999613941 0.000967636 0.084726788 0.075102828 0.001120840 0.997175157 45.839775085
0.996946573 0.025697047 -0.073736653 -79.351104736 -0.025861500 0.999664605 -0.001276197 0.072638310 0.073679127 0.003179240 0.997276843 46.703762054
0.997139931 0.022372507 -0.072189152 -79.410186768 -0.022648450 0.999738932 -0.003006106 0.058486674 0.072103038 0.004632481 0.997386396 47.582485199
0.997328222 0.020622868 -0.070078768 -79.473800659 -0.020881316 0.999777615 -0.002957308 0.043058343 0.070002191 0.004412744 0.997537017 48.449344635
0.997431278 0.018630691 -0.069163032 -79.534591675 -0.018726176 0.999824286 -0.000732432 0.030923516 0.069137231 0.002025709 0.997605085 49.330707550
0.997560203 0.015515545 -0.068064712 -79.600509644 -0.015401425 0.999878943 0.002201154 0.010532458 0.068090625 -0.001147491 0.997678459 50.179351807
0.997624934 0.015027896 -0.067220211 -79.659721375 -0.014891095 0.999885857 0.002535715 -0.004337093 0.067250654 -0.001528711 0.997734845 51.049365997
0.997686267 0.016637111 -0.065919548 -79.727066040 -0.016732838 0.999859452 -0.000900252 -0.017225562 0.065895312 0.002001190 0.997824550 51.914703369
0.997690380 0.018936353 -0.065232657 -79.797035217 -0.019399816 0.999790847 -0.006478597 -0.034861371 0.065096334 0.007729134 0.997849047 52.785739899
0.997695029 0.021040699 -0.064512759 -79.856513977 -0.021875869 0.999685347 -0.012266819 -0.051847558 0.064234361 0.013649816 0.997841418 53.638210297
0.997645438 0.025629271 -0.063614689 -79.923797607 -0.026809221 0.999482691 -0.017764457 -0.079111941 0.063126490 0.019428087 0.997816384 54.489418030
0.997683525 0.025798980 -0.062945068 -79.975013733 -0.027013669 0.999463379 -0.018523337 -0.108118914 0.062433410 0.020180805 0.997845054 55.342269897
0.997741282 0.022610296 -0.063255116 -80.026855469 -0.023453286 0.999645233 -0.012616161 -0.128100798 0.062947430 0.014071205 0.997917652 56.196266174
0.997753978 0.022307474 -0.063161783 -80.096038818 -0.022612637 0.999735773 -0.004120639 -0.148129493 0.063053168 0.005539638 0.997994721 57.046340942
0.997660100 0.021997698 -0.064733408 -80.153366089 -0.021799918 0.999755323 0.003760188 -0.176349759 0.064800285 -0.002340207 0.997895479 57.913551331
0.997628510 0.018387724 -0.066326313 -80.226333618 -0.018312303 0.999830782 0.001744954 -0.190237626 0.066347174 -0.000526228 0.997796416 58.788848877
0.997569621 0.013159907 -0.068421841 -80.275657654 -0.013334763 0.999908864 -0.002099409 -0.201438203 0.068387970 0.003006696 0.997654259 59.626464844
0.997444868 0.012053491 -0.070415422 -80.348258972 -0.012331122 0.999917805 -0.003509388 -0.219180837 0.070367344 0.004368723 0.997511506 60.466144562
0.997176349 0.014033911 -0.073771305 -80.408546448 -0.014487565 0.999879241 -0.005617901 -0.239017129 0.073683560 0.006670805 0.997259319 61.296150208
0.996921003 0.016022228 -0.076757930 -80.486038208 -0.016757427 0.999819577 -0.008943638 -0.264221698 0.076600790 0.010202367 0.997009635 62.117156982
0.996585190 0.016835190 -0.080835372 -80.559242249 -0.017875841 0.999766290 -0.012167311 -0.284810275 0.080611639 0.013570764 0.996653199 62.921607971
0.996305525 0.018767184 -0.083803326 -80.636146545 -0.020159431 0.999671936 -0.015797993 -0.311618060 0.083479352 0.017429054 0.996357083 63.728828430
0.995948851 0.023853954 -0.086700566 -80.724205017 -0.025314618 0.999554932 -0.015786823 -0.339202225 0.086285397 0.017917659 0.996109366 64.525512695
0.995546639 0.026994115 -0.090322457 -80.808906555 -0.028379058 0.999497950 -0.014084111 -0.359121770 0.089896947 0.016584657 0.995813012 65.334678650
0.995102167 0.030625209 -0.093987271 -80.896484375 -0.031536035 0.999468803 -0.008220779 -0.381989807 0.093685590 0.011144500 0.995539367 66.130271912
0.994660199 0.030754214 -0.098514989 -80.979522705 -0.031160504 0.999511003 -0.002587860 -0.402431667 0.098387234 0.005643817 0.995132208 66.932296753
0.994211495 0.030480547 -0.103026986 -81.072013855 -0.030516515 0.999533474 0.001227426 -0.420942992 0.103016354 0.001923703 0.994677722 67.721084595
0.993549705 0.029473836 -0.109500483 -81.164863586 -0.029417900 0.999564946 0.002126677 -0.431528986 0.109515540 0.001108316 0.993984461 68.513549805
0.992962956 0.026925631 -0.115324013 -81.259635925 -0.026413558 0.999633253 0.005966476 -0.442613184 0.115442388 -0.002878372 0.993310034 69.301445007
0.992168128 0.027841760 -0.121767439 -81.363647461 -0.027321786 0.999608934 0.005938160 -0.458097875 0.121885180 -0.002564749 0.992540956 70.085372925
0.991306543 0.032822832 -0.127412096 -81.482696533 -0.032435991 0.999460757 0.005110356 -0.469185919 0.127511099 -0.000933194 0.991836727 70.855934143
0.990441918 0.034594897 -0.133520991 -81.597427368 -0.034694601 0.999396741 0.001580549 -0.480192155 0.133495122 0.003067015 0.991044760 71.623794556
0.989645779 0.033588044 -0.139545232 -81.709648132 -0.034113701 0.999417007 -0.001376116 -0.489065826 0.139417633 0.006122272 0.990214765 72.385604858
0.988861561 0.034923330 -0.144682914 -81.827728271 -0.035650499 0.999361277 -0.002435533 -0.505529702 0.144505456 0.007566420 0.989475071 73.135330200
0.988128662 0.036788307 -0.149158910 -81.955276489 -0.036823303 0.999318540 0.002528047 -0.514042199 0.149150297 0.002994486 0.988809943 73.903770447
0.987179458 0.038069442 -0.155007735 -82.081382751 -0.037414856 0.999274194 0.007139212 -0.528593540 0.155167028 -0.001248094 0.987887442 74.657081604
0.986263633 0.037097063 -0.160959095 -82.219909668 -0.036070228 0.999305964 0.009297798 -0.543805420 0.161192313 -0.003364248 0.986917317 75.419860840
0.985158086 0.034935020 -0.168056890 -82.354446411 -0.034452628 0.999389470 0.005786217 -0.553828776 0.168156445 0.000089663 0.985760391 76.173805237
0.983727157 0.033148803 -0.176584780 -82.492530823 -0.033939306 0.999422789 -0.001457335 -0.561996818 0.176434562 0.007426786 0.984284401 76.915138245
0.982132375 0.029964419 -0.185790434 -82.634445190 -0.031059032 0.999513090 -0.002983244 -0.575370073 0.185610548 0.008700414 0.982584894 77.646011353
0.980149865 0.029257396 -0.196087375 -82.795692444 -0.029867778 0.999553800 -0.000155827 -0.586099386 0.195995331 0.006009428 0.980586469 78.386962891
0.977841139 0.029834935 -0.207211241 -82.960662842 -0.029155849 0.999554753 0.006331045 -0.596873999 0.207307875 -0.000149337 0.978275716 79.125259399
0.975262225 0.031494889 -0.218795434 -83.140739441 -0.029122697 0.999476969 0.014059477 -0.600584805 0.219123766 -0.007339767 0.975669444 79.854927063
0.972660780 0.032349642 -0.229966149 -83.312828064 -0.029058598 0.999421239 0.017684150 -0.608638227 0.230405122 -0.010518182 0.973037958 80.572334290
0.969644904 0.035385977 -0.241943344 -83.503540039 -0.033196777 0.999362707 0.013120162 -0.614775717 0.242253438 -0.004690158 0.970201671 81.283996582
0.966695130 0.035556640 -0.253448665 -83.710350037 -0.035636440 0.999355614 0.004277591 -0.622360229 0.253437459 0.004896885 0.967339396 81.983909607
0.963336825 0.032887559 -0.266271323 -83.911705017 -0.034296244 0.999411404 -0.000640824 -0.621761084 0.266093552 0.009749440 0.963897884 82.692741394
0.960135102 0.031070650 -0.277804166 -84.122215271 -0.030987218 0.999508858 0.004692039 -0.636987925 0.277813494 0.004103389 0.960626245 83.404441833
0.956767619 0.032401502 -0.289042741 -84.351188660 -0.030203411 0.999470949 0.012062965 -0.642986059 0.289280713 -0.002811377 0.957240105 84.128929138
0.953087091 0.032343335 -0.300963253 -84.587585449 -0.028477130 0.999446034 0.017225476 -0.644946992 0.301353693 -0.007846809 0.953480124 84.840621948
0.949064076 0.029833142 -0.313667536 -84.827392578 -0.026234111 0.999532640 0.015689692 -0.649302185 0.313989073 -0.006661732 0.949403226 85.546966553
0.945331514 0.027894950 -0.324915498 -85.083503723 -0.025500990 0.999607265 0.011624883 -0.654142857 0.325112134 -0.002703705 0.945671618 86.245330811
0.942272544 0.023779437 -0.334001482 -85.336738586 -0.023479477 0.999712110 0.004935687 -0.664100111 0.334022701 0.003191417 0.942559659 86.958045959
0.939519644 0.019678835 -0.341929108 -85.596054077 -0.021256054 0.999773622 -0.000865960 -0.669642568 0.341834694 0.008081651 0.939725399 87.661506653
0.936862886 0.019310461 -0.349163413 -85.865921021 -0.021729736 0.999759257 -0.003012818 -0.676820815 0.349021196 0.010409826 0.937057078 88.364898682
0.933879018 0.024852535 -0.356724471 -86.157829285 -0.027725818 0.999611259 -0.002942565 -0.690871894 0.356512696 0.012638479 0.934205055 89.072891235
0.930780709 0.025396705 -0.364694744 -86.432846069 -0.027396955 0.999624550 -0.000310909 -0.707983851 0.364549935 0.010280916 0.931127071 89.765327454
0.927698255 0.025629150 -0.372450113 -86.721466064 -0.025116101 0.999665082 0.006230108 -0.709159493 0.372485012 0.003574833 0.928031325 90.471160889
0.925036728 0.027651742 -0.378869951 -87.012992859 -0.023819750 0.999606729 0.014798539 -0.718068242 0.379130185 -0.004664603 0.925331593 91.178474426
0.922422469 0.038326975 -0.384275675 -87.333999634 -0.032470018 0.999236643 0.021720458 -0.728690624 0.384814829 -0.007558001 0.922962844 91.878585815
0.919666171 0.044573203 -0.390163094 -87.649108887 -0.040543437 0.999005318 0.018562593 -0.724435508 0.390602469 -0.001252839 0.920558631 92.573493958
0.917330921 0.041122090 -0.395996004 -87.953727722 -0.039930478 0.999139011 0.011255708 -0.724783957 0.396117985 0.005487102 0.918183267 93.261474609
0.915222406 0.033506479 -0.401553631 -88.251014709 -0.034867018 0.999384224 0.003921692 -0.728718400 0.401437819 0.010411757 0.915827155 93.954139709
0.913382947 0.033879384 -0.405689329 -88.561744690 -0.035793990 0.999355018 0.002868971 -0.727419972 0.405524939 0.011900768 0.914006591 94.650688171
0.911559999 0.040650763 -0.409152627 -88.913238525 -0.040734366 0.999133706 0.008514498 -0.738698781 0.409144342 0.008905098 0.912426233 95.345184326
0.909016132 0.042865179 -0.414550602 -89.239517212 -0.041403078 0.999064088 0.012517150 -0.740070522 0.414699197 0.005785382 0.909940183 96.063751221
0.906894863 0.039192572 -0.419530332 -89.565986633 -0.038256031 0.999211192 0.010648740 -0.749250948 0.419616789 0.006392276 0.907678902 96.760894775
0.904680252 0.037643906 -0.424425095 -89.902709961 -0.039461937 0.999210835 0.004509088 -0.758774996 0.424259961 0.012669356 0.905451834 97.446212769
0.902494550 0.035126247 -0.429266453 -90.246528625 -0.039819200 0.999204993 -0.001952831 -0.764146388 0.428856611 0.018855467 0.903175771 98.147361755
