1.000000000 0.000000000 0.000000000 0.000000000 0.000000000 1.000000000 0.000000000 0.000000000 0.000000000 0.000000000 1.000000000 0.000000000
1.000000000 -0.000116510 0.000086247 -0.012949168 0.000116387 0.999998987 0.001425300 -0.013119408 -0.000086413 -0.001425290 0.999998987 1.318631291
0.999998868 -0.001480812 -0.000217958 -0.023501847 0.001481227 0.999997079 0.001919542 -0.040687945 0.000215115 -0.001919862 0.999998152 2.634863615
0.999996066 -0.002797075 -0.000285252 -0.029908318 0.002797341 0.999995589 0.000935136 -0.056565206 0.000282635 -0.000935930 0.999999464 3.946789503
0.999995887 -0.002860871 -0.000344432 -0.037836354 0.002861232 0.999995351 0.001051371 -0.075991258 0.000341423 -0.001052352 0.999999404 5.261933804
0.999993682 -0.003553605 -0.000244464 -0.041309074 0.003554088 0.999991596 0.002003006 -0.100605890 0.000237344 -0.002003862 0.999997973 6.607752323
0.999987483 -0.005015214 0.000141636 -0.053424176 0.005014746 0.999982476 0.003137038 -0.117492884 -0.000157366 -0.003136289 0.999995053 7.913941383
0.999989808 -0.004507931 -0.000238018 -0.051530082 0.004508758 0.999983311 0.003596339 -0.134567335 0.000221802 -0.003597376 0.999993503 9.275768280
0.999992847 -0.003696961 -0.000715563 -0.052922849 0.003698239 0.999991536 0.001792667 -0.152757034 0.000708930 -0.001795301 0.999998152 10.624353409
0.999998987 -0.001206447 -0.000627271 -0.067484565 0.001206405 0.999999225 -0.000068575 -0.176566586 0.000627353 0.000067818 0.999999821 11.937430382
0.999996364 0.002723712 0.000028004 -0.085628316 -0.002723684 0.999995887 -0.000939404 -0.197051600 -0.000030562 0.000939324 0.999999583 13.286464691
0.999988794 0.004723673 0.000104786 -0.114294440 -0.004723554 0.999988198 -0.001104020 -0.217779338 -0.000110000 0.001103513 0.999999404 14.597255707
0.999982655 0.005879060 0.000088167 -0.119187877 -0.005879028 0.999982655 -0.000352162 -0.236178026 -0.000090236 0.000351637 0.999999940 15.950264931
0.999993742 0.003497736 0.000344522 -0.130045459 -0.003498512 0.999991298 0.002277685 -0.255800664 -0.000336553 -0.002278877 0.999997318 17.295806885
0.999999583 -0.000744162 0.000394871 -0.132533088 0.000742506 0.999990940 0.004178389 -0.275914669 -0.000397977 -0.004178094 0.999991179 18.650377274
0.999995887 -0.002821066 0.000444875 -0.146117240 0.002820251 0.999994397 0.001821448 -0.289889544 -0.000450011 -0.001820186 0.999998212 19.994764328
0.999988496 -0.004789704 -0.000064048 -0.141544849 0.004789722 0.999988496 0.000281964 -0.321574003 0.000062697 -0.000282268 0.999999940 21.362695694
0.999997556 -0.001850056 0.001227473 -0.165460184 0.001851962 0.999997079 -0.001553113 -0.335002512 -0.001224596 0.001555382 0.999998033 22.705974579
0.999999106 0.000447814 0.001195703 -0.162359104 -0.000448292 0.999999821 0.000400225 -0.352003127 -0.001195523 -0.000400760 0.999999166 24.076015472
0.999997795 0.001224192 0.001693943 -0.170392781 -0.001230938 0.999991357 0.003986557 -0.371082067 -0.001689048 -0.003988633 0.999990582 25.443620682
0.999997616 -0.001289056 0.001746103 -0.163837612 0.001278696 0.999981642 0.005921361 -0.384634078 -0.001753704 -0.005919113 0.999980927 26.821878433
0.999978781 -0.006433442 0.000955699 -0.165485278 0.006429530 0.999971092 0.004042478 -0.403906435 -0.000981679 -0.004036248 0.999991357 28.178890228
0.999979496 -0.006314551 0.001047998 -0.172640726 0.006312788 0.999978662 0.001677455 -0.416453987 -0.001058569 -0.001670804 0.999998033 29.551912308
0.999974787 -0.006928062 0.001570813 -0.168063611 0.006929423 0.999975622 -0.000862309 -0.438502848 -0.001564801 0.000873172 0.999998391 30.928581238
0.999991059 -0.003076569 0.002887519 -0.186985791 0.003080190 0.999994397 -0.001250371 -0.463298410 -0.002883656 0.001259255 0.999995053 32.308521271
0.999993026 -0.002508822 0.002808479 -0.199730411 0.002519447 0.999989688 -0.003786129 -0.487557709 -0.002798951 0.003793177 0.999988914 33.652679443
0.999994636 -0.001838088 0.002702115 -0.201584518 0.001846280 0.999993682 -0.003032145 -0.513117254 -0.002696525 0.003037117 0.999991834 35.036540985
0.999995172 -0.001703765 0.002593654 -0.215226904 0.001708548 0.999996781 -0.001842854 -0.538926542 -0.002590505 0.001847276 0.999994934 36.414772034
0.999997497 -0.000347733 0.002201207 -0.224484026 0.000348322 0.999999881 -0.000267174 -0.561262429 -0.002201114 0.000267940 0.999997556 37.810199738
0.999994457 0.002212305 0.002472770 -0.239389434 -0.002212718 0.999997556 0.000163965 -0.587274253 -0.002472401 -0.000169435 0.999996901 39.188629150
0.999981523 0.005331091 0.002930689 -0.252275765 -0.005330386 0.999985695 -0.000248420 -0.606464326 -0.002931972 0.000232794 0.999995649 40.571861267
0.999973834 0.006704743 0.002687480 -0.260539114 -0.006705539 0.999977469 0.000286826 -0.633723974 -0.002685496 -0.000304839 0.999996364 41.986827850
0.999972284 0.007139676 0.002100378 -0.260503829 -0.007140937 0.999974370 0.000592925 -0.659069657 -0.002096091 -0.000607907 0.999997616 43.387622833
0.999975443 0.006669252 0.002121192 -0.274134368 -0.006669502 0.999977708 0.000110539 -0.680581212 -0.002120408 -0.000124684 0.999997735 44.820964813
0.999983728 0.005520424 0.001419493 -0.280469835 -0.005519941 0.999984682 -0.000344244 -0.699733198 -0.001421371 0.000336403 0.999998927 46.208709717
0.999985814 0.005270422 0.000705027 -0.287005633 -0.005270371 0.999986112 -0.000073438 -0.725540698 -0.000705405 0.000069722 0.999999762 47.630878448
0.999983132 0.005796794 -0.000464634 -0.293079942 -0.005796342 0.999982715 0.000968049 -0.744881332 0.000470238 -0.000965339 0.999999464 49.047893524
0.999980628 0.006027095 -0.001538868 -0.308296025 -0.006025583 0.999981344 0.000985256 -0.773115933 0.001544777 -0.000975964 0.999998331 50.453994751
0.999977052 0.006225962 -0.002656693 -0.324566573 -0.006222682 0.999979854 0.001241138 -0.788815260 0.002664367 -0.001224578 0.999995708 51.875858307
0.999972343 0.006260425 -0.004011947 -0.333963424 -0.006251333 0.999977887 0.002274842 -0.811348259 0.004026099 -0.002249699 0.999989390 53.286418915
0.999980509 0.004380363 -0.004444673 -0.364171237 -0.004365223 0.999984682 0.003410145 -0.832652271 0.004459542 -0.003390676 0.999984324 54.695236206
0.999983847 0.002529779 -0.005077924 -0.372384161 -0.002508213 0.999987900 0.004248808 -0.857569456 0.005088610 -0.004236003 0.999978125 56.139343262
0.999985099 0.000124224 -0.005475738 -0.393645585 -0.000107974 0.999995589 0.002967709 -0.872421741 0.005476083 -0.002967074 0.999980628 57.560302734
0.999982834 -0.001435514 -0.005683231 -0.406429648 0.001456229 0.999992311 0.003642462 -0.895780861 0.005677958 -0.003650676 0.999977231 58.983814240
0.999983191 -0.002591524 -0.005174268 -0.419803500 0.002613781 0.999987364 0.004299350 -0.918362856 0.005163060 -0.004312802 0.999977350 60.405338287
0.999981642 -0.003698213 -0.004797234 -0.429517567 0.003722840 0.999979854 0.005134934 -0.935535729 0.004778148 -0.005152698 0.999975204 61.835018158
0.999981523 -0.004771527 -0.003748872 -0.461593002 0.004789908 0.999976456 0.004909592 -0.963991761 0.003725358 -0.004927457 0.999980927 63.225471497
0.999978483 -0.005944460 -0.002762176 -0.479717970 0.005955097 0.999974787 0.003858804 -0.978253961 0.002739167 -0.003875171 0.999988794 64.640342712
0.999975622 -0.006357118 -0.002920491 -0.473323613 0.006368772 0.999971688 0.003998535 -1.007580757 0.002894990 -0.004017037 0.999987662 66.043495178
0.999985039 -0.005117448 -0.001960783 -0.483830899 0.005125167 0.999979019 0.003952602 -1.023713589 0.001940515 -0.003962593 0.999990225 67.478309631
0.999997854 -0.001546784 -0.001374922 -0.503056109 0.001553430 0.999987006 0.004846292 -1.038469434 0.001367408 -0.004848418 0.999987304 68.884658813
0.999997854 0.001954776 -0.000683078 -0.515733898 -0.001950906 0.999982297 0.005621770 -1.052655458 0.000694056 -0.005620424 0.999983966 70.272331238
0.999981463 0.006088542 0.000211066 -0.530606508 -0.006089776 0.999960661 0.006445070 -1.074246526 -0.000171817 -0.006446235 0.999979198 71.693061829
0.999954581 0.009501900 0.000783268 -0.547199249 -0.009506646 0.999934852 0.006296428 -1.093631268 -0.000723389 -0.006303587 0.999979854 73.086868286
0.999909699 0.013353925 0.001509484 -0.560701728 -0.013361991 0.999895811 0.005466112 -1.112119913 -0.001436332 -0.005485788 0.999983847 74.490737915
0.999886215 0.014923439 0.002215063 -0.568904161 -0.014935373 0.999873459 0.005472507 -1.132418633 -0.002133114 -0.005504967 0.999982536 75.885276794
0.999885857 0.014914748 0.002404199 -0.573515296 -0.014928260 0.999872327 0.005703733 -1.146128654 -0.002318822 -0.005738974 0.999980867 77.299385071
0.999891937 0.014506815 0.002361433 -0.579308510 -0.014519132 0.999880612 0.005284487 -1.161680341 -0.002284491 -0.005318202 0.999983251 78.686355591
0.999914646 0.012831743 0.002464271 -0.588418961 -0.012842715 0.999907374 0.004489170 -1.185010076 -0.002406439 -0.004520434 0.999986887 80.025192261
0.999926627 0.011934517 0.002086639 -0.594202816 -0.011943846 0.999918401 0.004516420 -1.201690793 -0.002032568 -0.004541010 0.999987543 81.415390015
0.999926090 0.012057338 0.001572282 -0.594883502 -0.012064232 0.999917328 0.004451674 -1.216848373 -0.001518477 -0.004470313 0.999988854 82.806938171
0.999933064 0.011536896 0.000874180 -0.598074138 -0.011540199 0.999925852 0.003873702 -1.233329654 -0.000829425 -0.003883531 0.999992132 84.191101074
0.999933064 0.011541193 0.000737391 -0.619073629 -0.011544371 0.999923408 0.004460115 -1.251101613 -0.000685860 -0.004468330 0.999989748 85.536125183
0.999936581 0.011236139 -0.000752559 -0.616957366 -0.011232227 0.999924362 0.005012261 -1.273307204 0.000808820 -0.005003490 0.999987125 86.929786682
0.999959230 0.008952084 -0.001255988 -0.630039334 -0.008944372 0.999941885 0.006016136 -1.290462613 0.001309773 -0.006004657 0.999981105 88.323669434
0.999971390 0.006751866 -0.003414380 -0.621384740 -0.006728323 0.999953806 0.006860320 -1.319215178 0.003460542 -0.006837152 0.999970615 89.659667969
0.999979854 0.004623110 -0.004347593 -0.627181351 -0.004592921 0.999965429 0.006928595 -1.337249398 0.004379475 -0.006908488 0.999966502 91.016815186
0.999982953 0.003287592 -0.004826738 -0.639248848 -0.003257240 0.999974906 0.006282801 -1.351649404 0.004847272 -0.006266972 0.999968648 92.401138306
0.999983847 0.002340868 -0.005184570 -0.649388492 -0.002309690 0.999979258 0.006011425 -1.375847697 0.005198535 -0.005999353 0.999968410 93.722412109
0.999982715 0.002893531 -0.005134028 -0.670680821 -0.002867566 0.999983013 0.005057672 -1.386302114 0.005148576 -0.005042862 0.999974012 95.093467712
0.999983490 0.002548405 -0.005149021 -0.688279212 -0.002523636 0.999985218 0.004811014 -1.405560136 0.005161205 -0.004797940 0.999975145 96.458976746
0.999981761 0.003225158 -0.005107142 -0.704141498 -0.003203022 0.999985456 0.004336346 -1.428439379 0.005121052 -0.004319908 0.999977529 97.795059204
0.999978185 0.004459879 -0.004868060 -0.725734234 -0.004439230 0.999981165 0.004244366 -1.441710114 0.004886898 -0.004222664 0.999979079 99.138549805
0.999974847 0.005100191 -0.004933278 -0.737151325 -0.005072392 0.999971330 0.005631187 -1.456209898 0.004961856 -0.005606022 0.999971986 100.483108521
0.999970317 0.006355946 -0.004359248 -0.762392402 -0.006324833 0.999954820 0.007114183 -1.480435848 0.004404268 -0.007086401 0.999965191 101.806892395
0.999975622 0.005117558 -0.004734675 -0.768638015 -0.005089075 0.999968946 0.006008686 -1.494524837 0.004765278 -0.005984444 0.999970734 103.166122437
0.999973178 0.005871635 -0.004372090 -0.792539060 -0.005856629 0.999976873 0.003437184 -1.517253876 0.004392171 -0.003411487 0.999984503 104.444480896
0.999976516 0.004905453 -0.004792776 -0.802522838 -0.004895868 0.999985933 0.002009694 -1.531729698 0.004802567 -0.001986182 0.999986470 105.785537720
0.999985695 0.002585124 -0.004672506 -0.817473531 -0.002569003 0.999990761 0.003452927 -1.557111859 0.004681388 -0.003440875 0.999983132 107.102478027
0.999992013 0.000139635 -0.003988865 -0.830014467 -0.000117472 0.999984562 0.005555860 -1.575511098 0.003989579 -0.005555347 0.999976635 108.444282532
0.999995828 -0.000821818 -0.002776315 -0.851722956 0.000837791 0.999983072 0.005757058 -1.590577960 0.002771538 -0.005759360 0.999979496 109.750686646
0.999995887 -0.001817557 -0.002213356 -0.857664108 0.001827334 0.999988616 0.004422905 -1.607038617 0.002205292 -0.004426932 0.999987721 111.069992065
0.999999166 0.000242477 -0.001248184 -0.875958323 -0.000239639 0.999997377 0.002272997 -1.632484198 0.001248732 -0.002272696 0.999996662 112.385055542
0.999997318 0.002247414 0.000344061 -0.889971256 -0.002247532 0.999997497 0.000341461 -1.655369401 -0.000343293 -0.000342233 0.999999940 113.721130371
0.999981403 0.005886798 0.001562084 -0.900016427 -0.005887143 0.999982655 0.000216404 -1.677219391 -0.001560783 -0.000225596 0.999998748 115.020256042
0.999970198 0.007144881 0.002901207 -0.905100882 -0.007150679 0.999972522 0.001993056 -1.695755005 -0.002886887 -0.002013742 0.999993801 116.372863770
0.999969840 0.006705649 0.003904204 -0.908817828 -0.006723121 0.999967396 0.004479362 -1.718446016 -0.003874039 -0.004505475 0.999982357 117.708923340
0.999968410 0.006180097 0.005000808 -0.912767053 -0.006204199 0.999969184 0.004818398 -1.732854128 -0.004970876 -0.004849271 0.999975860 119.043640137
0.999960124 0.006668198 0.005943059 -0.908905387 -0.006693453 0.999968588 0.004239612 -1.744563580 -0.005914602 -0.004279223 0.999973297 120.386550903
0.999942303 0.008089420 0.007064153 -0.903880835 -0.008116174 0.999959946 0.003766851 -1.762221575 -0.007033399 -0.003823968 0.999967933 121.733322144
0.999908686 0.010598370 0.008384945 -0.910462439 -0.010626841 0.999937892 0.003358242 -1.777292609 -0.008348835 -0.003447040 0.999959230 123.070564270
0.999892294 0.010855269 0.009881525 -0.912334025 -0.010878816 0.999938130 0.002332396 -1.794319868 -0.009855594 -0.002439645 0.999948442 124.410110474
0.999869883 0.012321187 0.010425469 -0.904251635 -0.012339560 0.999922335 0.001699790 -1.820124984 -0.010403715 -0.001828215 0.999944210 125.754096985
0.999869764 0.011385770 0.011439546 -0.898987472 -0.011398194 0.999934494 0.001021676 -1.832036257 -0.011427163 -0.001151933 0.999934077 127.105262756
0.999867737 0.010949691 0.012018336 -0.882327199 -0.010981720 0.999936342 0.002602212 -1.859393954 -0.011989075 -0.002733850 0.999924302 128.473968506
0.999867678 0.009785652 0.012994099 -0.876530588 -0.009826894 0.999946833 0.003113928 -1.874236345 -0.012962935 -0.003241208 0.999910712 129.808166504
0.999872208 0.008844722 0.013310820 -0.870904744 -0.008894474 0.999953687 0.003683263 -1.892921329 -0.013277623 -0.003801185 0.999904633 131.200057983
0.999888420 0.006892377 0.013247696 -0.856042266 -0.006942933 0.999968827 0.003774109 -1.907669544 -0.013221269 -0.003865666 0.999905109 132.558883667
0.999900699 0.005214748 0.013092647 -0.845363081 -0.005271216 0.999976873 0.004282149 -1.925762415 -0.013070015 -0.004350737 0.999905109 133.924438477
0.999916017 0.003744981 0.012407143 -0.838400006 -0.003793554 0.999985337 0.003893782 -1.941914558 -0.012392377 -0.003940522 0.999915481 135.293594360
0.999935627 0.002492389 0.011070332 -0.829612434 -0.002537796 0.999988437 0.004089558 -1.959788322 -0.011060013 -0.004117389 0.999930382 136.626861572
0.999944925 0.000915509 0.010453411 -0.818674922 -0.000966003 0.999987841 0.004826379 -1.977021456 -0.010448867 -0.004836212 0.999933660 137.985458374
0.999955535 -0.000524912 0.009413632 -0.811226547 0.000479060 0.999987900 0.004872472 -1.994071841 -0.009416077 -0.004867746 0.999943852 139.321105957
0.999967575 -0.000596143 0.008028185 -0.804555357 0.000556993 0.999987960 0.004877899 -2.010918140 -0.008030996 -0.004873270 0.999955893 140.675247192
0.999972224 -0.000813435 0.007415383 -0.809706748 0.000778143 0.999988317 0.004760927 -2.035709143 -0.007419170 -0.004755025 0.999961197 142.008605957
0.999982238 -0.001090039 0.005864242 -0.803680301 0.001065355 0.999990582 0.004210747 -2.049606800 -0.005868777 -0.004204425 0.999973953 143.366287231
0.999978960 -0.003762887 0.005297912 -0.811127961 0.003753961 0.999991536 0.001693657 -2.066596746 -0.005304241 -0.001673734 0.999984562 144.697967529
0.999949336 -0.009080267 0.004341215 -0.808325291 0.009075157 0.999958098 0.001195506 -2.082329512 -0.004351888 -0.001156048 0.999989808 146.077819824
0.999858379 -0.016307827 0.004156739 -0.813623071 0.016293423 0.999861181 0.003476322 -2.099980831 -0.004212854 -0.003408102 0.999985397 147.415054321
0.999725878 -0.023281857 0.002459106 -0.806973934 0.023269191 0.999716401 0.005058961 -2.124938488 -0.002576191 -0.005000352 0.999984205 148.776870728
0.999631047 -0.027131407 0.001271073 -0.791950643 0.027129086 0.999630332 0.001807849 -2.142753363 -0.001319653 -0.001772699 0.999997556 150.135772705
0.999646068 -0.026512753 0.002184373 -0.802376032 0.026515339 0.999647737 -0.001165169 -2.172155380 -0.002152713 0.001222676 0.999996960 151.506591797
0.999740362 -0.022635732 0.002586506 -0.805174589 0.022644043 0.999738336 -0.003230677 -2.194822550 -0.002512701 0.003288407 0.999991417 152.839828491
0.999753296 -0.021860203 0.003964561 -0.814522803 0.021875119 0.999753654 -0.003758444 -2.211629629 -0.003881424 0.003844241 0.999985099 154.177200317
0.999679863 -0.024959726 0.004149818 -0.814267576 0.024961390 0.999688387 -0.000349246 -2.236365795 -0.004139808 0.000452719 0.999991357 155.506240845
0.999513626 -0.030806888 0.004830775 -0.807132185 0.030794566 0.999522328 0.002604028 -2.265725374 -0.004908689 -0.002454001 0.999984920 156.881469727
0.999393463 -0.034469128 0.004935465 -0.802419484 0.034448344 0.999397516 0.004235312 -2.285020351 -0.005078478 -0.004062726 0.999978781 158.216339111
0.999353409 -0.035650197 0.004676293 -0.788641095 0.035632756 0.999357820 0.003761124 -2.299947023 -0.004807374 -0.003592063 0.999981999 159.575485229
0.999414682 -0.033664092 0.006094932 -0.796879709 0.033636261 0.999423385 0.004613119 -2.318297148 -0.006246714 -0.004405408 0.999970794 160.912185669
0.999518752 -0.030317780 0.006578141 -0.787321866 0.030292504 0.999533415 0.003908330 -2.342472315 -0.006693564 -0.003707181 0.999970675 162.268585205
0.999612331 -0.026667792 0.008000303 -0.796376407 0.026655115 0.999643266 0.001687418 -2.360611200 -0.008042449 -0.001473515 0.999966502 163.592391968
0.999687076 -0.023344880 0.008994511 -0.793186545 0.023338083 0.999727249 0.000859988 -2.374548197 -0.009012134 -0.000649804 0.999959171 164.944946289
0.999714136 -0.021963930 0.009446131 -0.804925442 0.021942830 0.999756455 0.002331765 -2.403910160 -0.009495045 -0.002123824 0.999952674 166.274826050
0.999762058 -0.019818299 0.009118482 -0.794216752 0.019800058 0.999801755 0.002085894 -2.427800179 -0.009158013 -0.001904852 0.999956310 167.637283325
0.999812067 -0.017298264 0.008752175 -0.786665857 0.017304586 0.999849975 -0.000646474 -2.441796780 -0.008739679 0.000797805 0.999961436 169.005645752
0.999880254 -0.013142026 0.008173383 -0.784307539 0.013170328 0.999907374 -0.003418537 -2.462837696 -0.008127701 0.003525774 0.999960721 170.365554810
0.999930620 -0.008513059 0.008137837 -0.785001397 0.008550208 0.999953151 -0.004540911 -2.493436575 -0.008098799 0.004610177 0.999956548 171.722045898
0.999955297 -0.003620768 0.008725248 -0.791244924 0.003650822 0.999987423 -0.003430957 -2.520242691 -0.008712715 0.003462659 0.999956071 173.093612671
0.999956429 -0.000392238 0.009325447 -0.792027354 0.000406608 0.999998748 -0.001539107 -2.542822838 -0.009324829 0.001542831 0.999955356 174.446548462
0.999953866 0.001078375 0.009548467 -0.796497464 -0.001083323 0.999999225 0.000513118 -2.564392805 -0.009547908 -0.000523438 0.999954343 175.836593628
0.999959230 -0.003067466 0.008491487 -0.788399220 0.003053179 0.999993920 0.001694983 -2.582962036 -0.008496635 -0.001668988 0.999962509 177.179199219
0.999965370 -0.004547216 0.006972408 -0.780749321 0.004537892 0.999988914 0.001352610 -2.594209909 -0.006978480 -0.001320923 0.999974728 178.573028564
0.999970078 -0.005709343 0.005215824 -0.783980548 0.005721715 0.999980867 -0.002360200 -2.627021790 -0.005202249 0.002389972 0.999983609 179.945770264
0.999986947 -0.003440729 0.003764247 -0.778546333 0.003467188 0.999969184 -0.007045412 -2.648686171 -0.003739888 0.007058373 0.999968052 181.351867676
0.999996305 0.000892016 0.002577476 -0.782589555 -0.000873860 0.999974847 -0.007036721 -2.687040329 -0.002583688 0.007034443 0.999971867 182.755310059
0.999985814 0.004687874 0.002539080 -0.791275859 -0.004671998 0.999969721 -0.006222742 -2.718609810 -0.002568175 0.006210791 0.999977350 184.149490356
0.999970853 0.006944488 0.003181906 -0.810826957 -0.006935680 0.999972105 -0.002770977 -2.751281500 -0.003201060 0.002748828 0.999991119 185.537155151
0.999966264 0.007430185 0.003539295 -0.815806210 -0.007427816 0.999972165 -0.000682378 -2.774461269 -0.003544266 0.000656066 0.999993503 186.922332764
0.999968827 0.006991109 0.003676450 -0.821222842 -0.006991807 0.999975502 0.000176916 -2.794590712 -0.003675123 -0.000202615 0.999993145 188.333206177
0.999980688 0.005208498 0.003402961 -0.821630776 -0.005210652 0.999986291 0.000624410 -2.810192347 -0.003399662 -0.000642130 0.999993980 189.771835327
0.999988675 0.003005718 0.003676391 -0.821300805 -0.003010405 0.999994636 0.001270201 -2.837425947 -0.003672554 -0.001281254 0.999992371 191.222305298
0.999991834 0.000145442 0.004026159 -0.825410783 -0.000150310 0.999999344 0.001208739 -2.855912209 -0.004025980 -0.001209334 0.999991059 192.652862549
0.999986470 -0.002832553 0.004347099 -0.821583152 0.002822047 0.999993026 0.002420737 -2.881084919 -0.004353926 -0.002408436 0.999987602 194.070144653
0.999962151 -0.007238665 0.004817876 -0.814870059 0.007219804 0.999966204 0.003920589 -2.900663137 -0.004846093 -0.003885656 0.999980628 195.511322021
0.999936461 -0.009903969 0.005379431 -0.807079554 0.009883201 0.999943674 0.003873728 -2.920600653 -0.005417493 -0.003820317 0.999978006 196.955932617
0.999953568 -0.007738431 0.005746980 -0.805571079 0.007742556 0.999969780 -0.000695765 -2.938698292 -0.005741422 0.000740229 0.999983251 198.395690918
0.999982119 -0.000133077 0.005977458 -0.816274583 0.000166478 0.999984443 -0.005587554 -2.960251570 -0.005976622 0.005588450 0.999966562 199.798828125
0.999928474 0.009029792 0.007840972 -0.828761280 -0.008986511 0.999944389 -0.005537419 -2.994173527 -0.007890537 0.005466560 0.999953926 201.253433228
0.999827385 0.016395262 0.008739716 -0.839227140 -0.016379183 0.999864042 -0.001907924 -3.017943621 -0.008769808 0.001764445 0.999960005 202.685729980
0.999794662 0.017808989 0.009668661 -0.837257981 -0.017811973 0.999841332 0.000222136 -3.043883801 -0.009663171 -0.000394308 0.999953210 204.133132935
0.999835968 0.015575030 0.009237907 -0.831508279 -0.015582494 0.999878228 0.000736459 -3.065275431 -0.009225313 -0.000880288 0.999957025 205.573165894
0.999881983 0.013063425 0.008077479 -0.822358251 -0.013069940 0.999914289 0.000754135 -3.087465525 -0.008066935 -0.000859618 0.999967098 207.014511108
0.999914944 0.010740330 0.007397373 -0.824506164 -0.010743659 0.999942183 0.000410327 -3.113772392 -0.007392537 -0.000489767 0.999972582 208.453109741
0.999909997 0.011277806 0.007261561 -0.823933303 -0.011278439 0.999936402 0.000046186 -3.134288073 -0.007260578 -0.000128081 0.999973655 209.924392700
0.999897897 0.012437912 0.007034860 -0.822603285 -0.012438914 0.999922574 0.000098792 -3.158298731 -0.007033087 -0.000186288 0.999975264 211.378448486
0.999890625 0.013039568 0.006966961 -0.819062531 -0.013046688 0.999914408 0.000977533 -3.183302879 -0.006953618 -0.001068322 0.999975324 212.837173462
0.999894917 0.012897212 0.006616806 -0.820164621 -0.012900872 0.999916673 0.000510758 -3.205986023 -0.006609668 -0.000596067 0.999978006 214.317916870
0.999905288 0.012236319 0.006305112 -0.816377044 -0.012231985 0.999924839 -0.000725529 -3.231891870 -0.006313516 0.000648336 0.999979794 215.789550781
0.999913812 0.011709465 0.005924725 -0.817627311 -0.011704114 0.999931037 -0.000936908 -3.250416756 -0.005935289 0.000867483 0.999981999 217.257263184
0.999910057 0.012125895 0.005727943 -0.822227836 -0.012120290 0.999926031 -0.001012446 -3.275733471 -0.005739796 0.000942931 0.999983072 218.734359741
0.999901652 0.012780410 0.005774419 -0.830220222 -0.012773621 0.999917686 -0.001211175 -3.299383879 -0.005789424 0.001137296 0.999982536 220.204132080
0.999903917 0.012856645 0.005181554 -0.823112369 -0.012850545 0.999916673 -0.001208710 -3.327808857 -0.005196663 0.001142008 0.999985933 221.692214966
0.999900103 0.013236900 0.004951751 -0.831076980 -0.013229704 0.999911368 -0.001482809 -3.352395535 -0.004970940 0.001417151 0.999986649 223.171218872
0.999902010 0.013203669 0.004629391 -0.830966294 -0.013195646 0.999911308 -0.001759589 -3.375274658 -0.004652214 0.001698328 0.999987781 224.647613525
0.999892592 0.013850117 0.004815453 -0.846700311 -0.013842719 0.999902964 -0.001566326 -3.405148268 -0.004836679 0.001499499 0.999987125 226.135665894
0.999909401 0.012728506 0.004372273 -0.846815825 -0.012720655 0.999917388 -0.001819324 -3.427878857 -0.004395069 0.001763541 0.999988794 227.626449585
0.999924064 0.011477733 0.004481085 -0.843700409 -0.011469604 0.999932528 -0.001835465 -3.459393263 -0.004501849 0.001783929 0.999988198 229.133300781
0.999933243 0.010311366 0.005199335 -0.855347395 -0.010304887 0.999946117 -0.001271196 -3.489724636 -0.005212163 0.001217533 0.999985635 230.633224487
0.999946356 0.008814093 0.005436147 -0.862210453 -0.008809797 0.999960959 -0.000813381 -3.512096405 -0.005443103 0.000765446 0.999984920 232.123260498
0.999947608 0.008795482 0.005229678 -0.858851433 -0.008793716 0.999961197 -0.000360211 -3.539170742 -0.005232644 0.000314203 0.999986291 233.629318237
0.999941111 0.009291931 0.005609941 -0.864582062 -0.009288097 0.999956608 -0.000709226 -3.568941355 -0.005616288 0.000657079 0.999983966 235.138259888
0.999930084 0.010138175 0.006075259 -0.867821813 -0.010131199 0.999947965 -0.001177734 -3.596207142 -0.006086881 0.001116102 0.999980867 236.646102905
0.999911845 0.011526064 0.006579575 -0.869348526 -0.011522613 0.999933422 -0.000561888 -3.621424913 -0.006585613 0.000486024 0.999978185 238.150878906
0.999901116 0.011774140 0.007707279 -0.877969801 -0.011786481 0.999929249 0.001557512 -3.648861885 -0.007688396 -0.001648200 0.999969065 239.672180176
0.999894798 0.011758151 0.008487692 -0.875300407 -0.011774412 0.999928892 0.001868448 -3.665279150 -0.008465119 -0.001968190 0.999962270 241.181381226
0.999890625 0.011833311 0.008864083 -0.866824627 -0.011839321 0.999929726 0.000625966 -3.695983648 -0.008856052 -0.000730843 0.999960542 242.671249390
0.999873936 0.012572097 0.009695027 -0.861009955 -0.012561859 0.999920428 -0.001116203 -3.715399981 -0.009708288 0.000994275 0.999952435 244.183486938
0.999881804 0.012098812 0.009487652 -0.847494543 -0.012100146 0.999926805 0.000083529 -3.744950533 -0.009485947 -0.000198321 0.999954998 245.721755981
0.999885380 0.012060133 0.009153175 -0.829620302 -0.012070192 0.999926627 0.001044730 -3.769751549 -0.009139905 -0.001155091 0.999957502 247.254974365
0.999877930 0.012604187 0.009231882 -0.832616329 -0.012617039 0.999919534 0.001335311 -3.791913509 -0.009214308 -0.001451626 0.999956489 248.791793823
0.999883235 0.012527887 0.008747764 -0.817309439 -0.012543133 0.999919891 0.001690111 -3.824062586 -0.008725891 -0.001799638 0.999960244 250.325607300
0.999854803 0.014276392 0.009303889 -0.815134108 -0.014296044 0.999895692 0.002049102 -3.845395327 -0.009273665 -0.002181813 0.999954581 251.867599487
0.999837756 0.015539107 0.009108287 -0.808468342 -0.015553455 0.999877870 0.001506663 -3.864144564 -0.009083763 -0.001648084 0.999957383 253.428558350
0.999830961 0.015705008 0.009568101 -0.807243764 -0.015724624 0.999874473 0.001978426 -3.887685061 -0.009535829 -0.002128546 0.999952316 254.962112427
0.999850392 0.014583011 0.009303275 -0.798848271 -0.014603255 0.999891102 0.002111754 -3.910614491 -0.009271466 -0.002247296 0.999954522 256.543548584
0.999871671 0.013069818 0.009272157 -0.789530396 -0.013098849 0.999909580 0.003077362 -3.934621334 -0.009231098 -0.003198422 0.999952316 258.069671631
0.999899030 0.010717879 0.009333484 -0.781525314 -0.010752128 0.999935627 0.003627153 -3.952019930 -0.009294006 -0.003727141 0.999949932 259.582031250
0.999911249 0.009181717 0.009656499 -0.793511808 -0.009208760 0.999953806 0.002759682 -3.969791889 -0.009630716 -0.002848361 0.999949574 261.106384277
0.999926746 0.007962093 0.009114830 -0.782865822 -0.007977855 0.999966800 0.001694067 -3.989079952 -0.009101039 -0.001766660 0.999957085 262.659454346
0.999939084 0.006044708 0.009250266 -0.765259922 -0.006076267 0.999975801 0.003387318 -4.012516499 -0.009229569 -0.003443319 0.999951482 264.224792480
0.999947965 0.003749876 0.009486121 -0.753743410 -0.003799491 0.999979198 0.005217675 -4.032848358 -0.009466358 -0.005253446 0.999941409 265.771148682
0.999952435 0.002934090 0.009298377 -0.734036684 -0.002975247 0.999985814 0.004415481 -4.049800873 -0.009285288 -0.004442936 0.999947011 267.349456787
0.999951899 0.002588786 0.009456821 -0.720040500 -0.002616896 0.999992251 0.002961309 -4.063262463 -0.009449081 -0.002985914 0.999950886 268.890838623
0.999943495 0.003119854 0.010174668 -0.712176621 -0.003148609 0.999991119 0.002811297 -4.087045193 -0.010165807 -0.002843174 0.999944210 270.414459229
0.999928355 0.004408090 0.011129101 -0.706273854 -0.004445266 0.999984682 0.003317855 -4.114659786 -0.011114304 -0.003367089 0.999932528 271.943389893
0.999909639 0.006560457 0.011729315 -0.697943211 -0.006589005 0.999975443 0.002396773 -4.130958080 -0.011713304 -0.002473841 0.999928355 273.492370605
0.999884009 0.007121651 0.013462766 -0.694772542 -0.007160933 0.999970317 0.002871854 -4.159184456 -0.013441913 -0.002967927 0.999905229 275.036346436
0.999878228 0.008191254 0.013281944 -0.665803492 -0.008218197 0.999964297 0.001975245 -4.178907871 -0.013265291 -0.002084158 0.999909818 276.595306396
0.999870539 0.008480139 0.013673574 -0.653862596 -0.008495719 0.999963403 0.001081710 -4.202243805 -0.013663899 -0.001197736 0.999905944 278.153656006
0.999853194 0.007493947 0.015409272 -0.645161569 -0.007510077 0.999971330 0.000989223 -4.228675842 -0.015401417 -0.001104802 0.999880791 279.684753418
0.999838948 0.007601130 0.016255721 -0.621069789 -0.007619929 0.999970376 0.001094851 -4.251482964 -0.016246915 -0.001218543 0.999867260 281.248077393
0.999837637 0.006423657 0.016836546 -0.603764892 -0.006455810 0.999977410 0.001856031 -4.268117428 -0.016824244 -0.001964423 0.999856532 282.822021484
0.999839008 0.005512730 0.017072853 -0.583519459 -0.005552340 0.999981999 0.002273531 -4.297083378 -0.017060010 -0.002367959 0.999851644 284.360534668
0.999853432 0.004996056 0.016378058 -0.550203681 -0.004992994 0.999987423 -0.000227873 -4.323524952 -0.016378989 0.000146064 0.999865830 285.949432373
0.999856770 0.003662555 0.016519926 -0.532028437 -0.003623756 0.999990702 -0.002377897 -4.351773262 -0.016528482 0.002317692 0.999860704 287.522705078
0.999869227 0.003410699 0.015806424 -0.515961885 -0.003375194 0.999991715 -0.002272336 -4.379894257 -0.015814042 0.002218689 0.999872506 289.074340820
0.999888420 0.002366395 0.014749872 -0.498449296 -0.002331068 0.999994397 -0.002411824 -4.403668404 -0.014755497 0.002377172 0.999888301 290.641693115
0.999900997 0.002470565 0.013854362 -0.491933763 -0.002429543 0.999992609 -0.002976925 -4.433537960 -0.013861614 0.002942970 0.999899566 292.173278809
0.999909043 0.002740029 0.013202297 -0.477365732 -0.002696466 0.999990880 -0.003316320 -4.461519718 -0.013211261 0.003280419 0.999907374 293.756561279
0.999921620 0.002492310 0.012270349 -0.456110865 -0.002459704 0.999993324 -0.002671622 -4.494488716 -0.012276924 0.002641232 0.999921143 295.327880859
0.999930799 0.002526998 0.011491976 -0.446088314 -0.002495848 0.999993145 -0.002724146 -4.522143841 -0.011498781 0.002695276 0.999930263 296.899841309
0.999939620 0.002414808 0.010716902 -0.438155293 -0.002401183 0.999996305 -0.001284070 -4.551692486 -0.010719964 0.001258259 0.999941766 298.466552734
0.999945164 0.003746425 0.009780862 -0.428566724 -0.003744837 0.999992967 -0.000180633 -4.575844765 -0.009781470 0.000143996 0.999952078 300.039001465
0.999936700 0.003738671 0.010613730 -0.420669377 -0.003738119 0.999993026 -0.000071883 -4.597579956 -0.010613925 0.000032203 0.999943674 301.630462646
0.999928892 0.003877600 0.011278211 -0.400579304 -0.003875777 0.999992490 -0.000183415 -4.623383999 -0.011278837 0.000139690 0.999936342 303.234283447
0.999923170 0.002839341 0.012068009 -0.399013638 -0.002831937 0.999995708 -0.000630539 -4.643430710 -0.012069750 0.000596315 0.999926925 304.823760986
0.999927044 0.000861196 0.012046752 -0.382302016 -0.000844424 0.999998689 -0.001397315 -4.673974037 -0.012047940 0.001387040 0.999926448 306.438232422
0.999924064 -0.000801783 0.012298658 -0.359418571 0.000846438 0.999993086 -0.003626057 -4.695983410 -0.012295665 0.003636192 0.999917805 308.039520264
0.999929130 -0.001189459 0.011844853 -0.345797628 0.001242867 0.999989092 -0.004502594 -4.727269650 -0.011839368 0.004516997 0.999919713 309.636535645
0.999951541 -0.000321035 0.009837513 -0.342069060 0.000377031 0.999983728 -0.005690743 -4.757122040 -0.009835525 0.005694177 0.999935448 311.247863770
0.999971032 0.000799305 0.007570418 -0.337277114 -0.000762473 0.999987841 -0.004866861 -4.787474155 -0.007574216 0.004860947 0.999959528 312.866271973
0.999972224 0.001899216 0.007214569 -0.334651262 -0.001888032 0.999996960 -0.001556625 -4.816362381 -0.007217505 0.001542959 0.999972761 314.500366211
0.999969065 0.000572600 0.007843564 -0.318014860 -0.000582344 0.999999166 0.001240012 -4.837613583 -0.007842846 -0.001244541 0.999968410 316.159698486
0.999972224 -0.000313306 0.007441947 -0.305041999 0.000299868 0.999998391 0.001806689 -4.858650684 -0.007442500 -0.001804408 0.999970675 317.782135010
0.999962628 -0.001064636 0.008577993 -0.312156409 0.001059312 0.999999225 0.000625169 -4.883120537 -0.008578651 -0.000616059 0.999962986 319.404174805
0.999954820 -0.002377926 0.009201246 -0.314134538 0.002366954 0.999996483 0.001203104 -4.911678314 -0.009204073 -0.001181271 0.999956906 321.016723633
0.999947131 -0.002736618 0.009906814 -0.325256795 0.002723388 0.999995410 0.001348712 -4.934578896 -0.009910459 -0.001321661 0.999949992 322.614837646
0.999940872 -0.002341441 0.010617584 -0.318290919 0.002330702 0.999996781 0.001023757 -4.955938816 -0.010619948 -0.000998950 0.999943078 324.235260010
0.999940336 -0.001611518 0.010806320 -0.306649268 0.001607525 0.999998689 0.000378140 -4.984840393 -0.010806914 -0.000360746 0.999941528 325.853668213
0.999935389 -0.000238412 0.011373995 -0.288427144 0.000245568 0.999999762 -0.000627721 -5.006825447 -0.011373845 0.000630473 0.999935091 327.501739502
0.999928594 -0.001507898 0.011860555 -0.272837192 0.001492197 0.999998033 0.001332542 -5.033754826 -0.011862542 -0.001314748 0.999928772 329.142608643
0.999924123 -0.002287037 0.012103260 -0.257666498 0.002260973 0.999995112 0.002166767 -5.061514378 -0.012108155 -0.002139238 0.999924421 330.726135254
0.999926507 -0.003992500 0.011443998 -0.240602657 0.003985784 0.999991894 0.000609620 -5.083031654 -0.011446338 -0.000563962 0.999934316 332.379730225
0.999928176 -0.002527711 0.011717198 -0.222377643 0.002514761 0.999996185 0.001119865 -5.114401817 -0.011719987 -0.001090319 0.999930739 334.003143311
0.999933362 -0.000867853 0.011513357 -0.220062301 0.000876042 0.999999404 -0.000706218 -5.143599987 -0.011512738 0.000716257 0.999933481 335.600769043
0.999941409 0.000926706 0.010782640 -0.207170606 -0.000887420 0.999993086 -0.003647628 -5.175781250 -0.010785945 0.003637846 0.999935210 337.222808838
0.999944866 0.002531223 0.010189277 -0.204393685 -0.002497229 0.999991298 -0.003347627 -5.206560135 -0.010197660 0.003321998 0.999942482 338.840332031
0.999952674 0.003424329 0.009106667 -0.201000974 -0.003426514 0.999994099 0.000224234 -5.238512516 -0.009105845 -0.000255427 0.999958515 340.414489746
0.999961853 0.004141654 0.007686336 -0.187565371 -0.004164601 0.999986827 0.002971804 -5.263724804 -0.007673925 -0.003003701 0.999966025 342.021881104
0.999966621 0.004965743 0.006480190 -0.187320814 -0.004976609 0.999986172 0.001661774 -5.290763855 -0.006471850 -0.001693968 0.999977648 343.624389648
0.999980748 0.004065021 0.004691691 -0.188025713 -0.004065545 0.999991655 0.000101727 -5.316162109 -0.004691240 -0.000120800 0.999988973 345.214141846
0.999992251 0.002904060 0.002649473 -0.185557261 -0.002907970 0.999994695 0.001473428 -5.343141556 -0.002645181 -0.001481121 0.999995410 346.801269531
0.999997973 0.001267171 0.001562060 -0.185202897 -0.001270243 0.999997258 0.001967111 -5.371250629 -0.001559562 -0.001969091 0.999996781 348.403839111
0.999998093 0.001387094 0.001375188 -0.191990241 -0.001387879 0.999998868 0.000569650 -5.388468742 -0.001374396 -0.000571557 0.999998927 350.004364014
0.999999344 0.000156709 0.001070883 -0.197590128 -0.000157221 0.999999821 0.000478263 -5.427188873 -0.001070808 -0.000478431 0.999999285 351.584075928
0.999999106 0.000292952 0.001247037 -0.204569235 -0.000293008 0.999999940 0.000044816 -5.448533058 -0.001247024 -0.000045181 0.999999166 353.187896729
0.999998093 -0.000745349 0.001774214 -0.217318326 0.000745576 0.999999642 -0.000127544 -5.473437309 -0.001774119 0.000128867 0.999998391 354.794891357
0.999999523 -0.000383274 0.001020968 -0.212043658 0.000384341 0.999999404 -0.001045389 -5.503075600 -0.001020567 0.001045781 0.999998927 356.381713867
0.999998987 -0.001115292 0.000856819 -0.219212443 0.001116775 0.999997854 -0.001732504 -5.530114174 -0.000854885 0.001733459 0.999998093 357.984893799
0.999998450 -0.001522981 0.000894702 -0.224040985 0.001524439 0.999997497 -0.001630940 -5.555689335 -0.000892216 0.001632301 0.999998212 359.578796387
0.999999046 -0.001004537 0.000927698 -0.227146327 0.001006538 0.999997079 -0.002159464 -5.588450909 -0.000925526 0.002160396 0.999997258 361.172210693
0.999994576 -0.003219096 0.000696372 -0.227688655 0.003221524 0.999988556 -0.003513345 -5.618760109 -0.000685054 0.003515569 0.999993503 362.763885498
0.999990225 -0.004318686 0.000946563 -0.236378536 0.004320115 0.999989510 -0.001514012 -5.650884628 -0.000940015 0.001518087 0.999998391 364.342010498
0.999978781 -0.006516372 -0.000085015 -0.224874452 0.006516330 0.999978662 -0.000484381 -5.682199001 0.000088169 0.000483816 0.999999881 365.946777344
0.999978840 -0.006443471 0.000799689 -0.231927991 0.006444930 0.999977529 -0.001835335 -5.709958553 -0.000787845 0.001840450 0.999997973 367.516540527
0.999985218 -0.005253776 0.001332723 -0.243330970 0.005257360 0.999982536 -0.002700397 -5.731077671 -0.001318512 0.002707364 0.999995410 369.136016846
0.999989092 -0.004432601 0.001460232 -0.249692529 0.004434411 0.999989390 -0.001238952 -5.779191971 -0.001454725 0.001245413 0.999998152 370.712493896
0.999994934 -0.002454451 0.002015342 -0.258004993 0.002455320 0.999996960 -0.000429039 -5.801646233 -0.002014283 0.000433985 0.999997854 372.320312500
0.999993682 -0.003078371 0.001845031 -0.255046397 0.003079607 0.999995053 -0.000667523 -5.836429596 -0.001842967 0.000673201 0.999998093 373.897552490
0.999993563 -0.002655480 0.002426184 -0.276047230 0.002660215 0.999994636 -0.001950451 -5.855450153 -0.002420991 0.001956892 0.999995232 375.491821289
0.999993443 -0.002636345 0.002453370 -0.268826604 0.002641047 0.999994814 -0.001915279 -5.891971588 -0.002448307 0.001921746 0.999995172 377.084533691
0.999993742 -0.002455383 0.002522104 -0.259720176 0.002460331 0.999995112 -0.001961021 -5.922056675 -0.002517276 0.001967214 0.999994934 378.713287354
0.999995172 -0.000722100 0.003015241 -0.274034947 0.000728146 0.999997675 -0.002004526 -5.946515083 -0.003013786 0.002006711 0.999993443 380.309722900
0.999993026 0.000901357 0.003630245 -0.279471576 -0.000895754 0.999998391 -0.001544700 -5.974402905 -0.003631631 0.001541437 0.999992192 381.910614014
0.999990046 0.001928916 0.004028795 -0.297520638 -0.001920300 0.999995828 -0.002141220 -6.001536846 -0.004032908 0.002133462 0.999989569 383.564392090
