1.000000000 0.000000000 0.000000000 0.000000000 0.000000000 1.000000000 0.000000000 0.000000000 0.000000000 0.000000000 1.000000000 0.000000000
1.000000000 -0.000109629 0.000101056 -0.013080005 0.000109486 0.999998987 0.001415893 -0.012961886 -0.000101211 -0.001415882 0.999998987 1.318659425
0.999998868 -0.001492554 -0.000241358 -0.020716982 0.001493017 0.999997020 0.001931421 -0.040391434 0.000238474 -0.001931779 0.999998033 2.635144711
0.999995828 -0.002878428 -0.000267297 -0.028691860 0.002878685 0.999995351 0.000965373 -0.056455627 0.000264517 -0.000966138 0.999999464 3.950024843
0.999995053 -0.003098733 -0.000431292 -0.034735497 0.003099207 0.999994576 0.001102473 -0.076459460 0.000427874 -0.001103804 0.999999344 5.273230076
0.999992669 -0.003803180 -0.000419663 -0.037120763 0.003804012 0.999990761 0.001999551 -0.099886306 0.000412054 -0.002001132 0.999997914 6.608374119
0.999986589 -0.005170721 0.000043167 -0.050934006 0.005170558 0.999981642 0.003161445 -0.116626740 -0.000059514 -0.003161179 0.999994993 7.924300194
0.999989390 -0.004598236 -0.000303407 -0.051900506 0.004599306 0.999982834 0.003625153 -0.134851515 0.000286733 -0.003626509 0.999993384 9.269736290
0.999993145 -0.003679245 -0.000551868 -0.059821792 0.003680222 0.999991655 0.001780326 -0.152060911 0.000545313 -0.001782345 0.999998212 10.615406036
0.999998569 -0.001438622 -0.000898488 -0.063897513 0.001438652 0.999998987 0.000032220 -0.179534972 0.000898441 -0.000033512 0.999999583 11.939343452
0.999996901 0.002478490 -0.000357504 -0.080737539 -0.002478776 0.999996603 -0.000801835 -0.201053500 0.000355515 0.000802719 0.999999642 13.286276817
0.999990106 0.004442391 -0.000268182 -0.109603539 -0.004442660 0.999989629 -0.001006812 -0.219584003 0.000263707 0.001007993 0.999999464 14.602516174
0.999984562 0.005551538 -0.000366250 -0.112561524 -0.005551663 0.999984562 -0.000338681 -0.237213179 0.000364364 0.000340709 0.999999881 15.957357407
0.999994814 0.003222430 0.000032816 -0.129711986 -0.003222502 0.999991715 0.002482100 -0.257954448 -0.000024817 -0.002482192 0.999996901 17.303880692
0.999999523 -0.000957302 0.000251895 -0.134116694 0.000956216 0.999990404 0.004275838 -0.276526392 -0.000255986 -0.004275595 0.999990821 18.658910751
0.999995232 -0.003070999 -0.000067957 -0.143300772 0.003071119 0.999993563 0.001843780 -0.288983107 0.000062295 -0.001843979 0.999998331 20.001106262
0.999986827 -0.005134932 -0.000430642 -0.144303992 0.005135109 0.999986708 0.000409313 -0.322324693 0.000428534 -0.000411520 0.999999762 21.371181488
0.999997079 -0.002283516 0.000868288 -0.168243930 0.002284675 0.999996483 -0.001336607 -0.337299049 -0.000865233 0.001338587 0.999998689 22.714572906
0.999999464 0.000163849 0.000978136 -0.170080945 -0.000164322 0.999999881 0.000484112 -0.351731658 -0.000978056 -0.000484272 0.999999404 24.083827972
0.999998450 0.001004626 0.001453451 -0.177174240 -0.001010560 0.999991179 0.004088120 -0.371583194 -0.001449331 -0.004089582 0.999990582 25.451288223
0.999997199 -0.001634361 0.001720497 -0.174068436 0.001623999 0.999980628 0.006007260 -0.384871274 -0.001730282 -0.006004449 0.999980509 26.830093384
0.999976635 -0.006706838 0.001273800 -0.177102670 0.006701199 0.999967873 0.004380689 -0.405856818 -0.001303140 -0.004372051 0.999989569 28.192066193
0.999977410 -0.006578608 0.001353754 -0.185547456 0.006575748 0.999976099 0.002106104 -0.418606669 -0.001367577 -0.002097155 0.999996781 29.561132431
0.999974072 -0.006912048 0.002066743 -0.182055801 0.006913529 0.999975860 -0.000710019 -0.437223136 -0.002061785 0.000724288 0.999997616 30.937637329
0.999991059 -0.003213705 0.002726365 -0.194962770 0.003216639 0.999994218 -0.001072805 -0.461986214 -0.002722902 0.001081564 0.999995708 32.314136505
0.999991119 -0.002592697 0.003314134 -0.211172491 0.002604244 0.999990523 -0.003484684 -0.487144053 -0.003305068 0.003493283 0.999988377 33.664165497
0.999993980 -0.001558912 0.003089576 -0.208709925 0.001568214 0.999994218 -0.003011023 -0.510394454 -0.003084864 0.003015850 0.999990702 35.056758881
0.999993742 -0.001964236 0.002938471 -0.223457426 0.001968467 0.999996960 -0.001437732 -0.538728833 -0.002935638 0.001443507 0.999994636 36.422828674
0.999996483 -0.000614655 0.002578278 -0.231566086 0.000614263 0.999999762 0.000152854 -0.561408579 -0.002578371 -0.000151270 0.999996662 37.820446014
0.999993086 0.002222414 0.002956922 -0.246190712 -0.002223899 0.999997318 0.000499015 -0.584803522 -0.002955805 -0.000505588 0.999995530 39.196613312
0.999984145 0.004488928 0.003407544 -0.257390171 -0.004489784 0.999989808 0.000243549 -0.608605802 -0.003406416 -0.000258844 0.999994159 40.581409454
0.999973834 0.006527672 0.003108260 -0.263041943 -0.006529882 0.999978542 0.000702049 -0.631649792 -0.003103611 -0.000722328 0.999994934 41.990707397
0.999969125 0.007334079 0.002830287 -0.268038332 -0.007335638 0.999973059 0.000541016 -0.650829971 -0.002826242 -0.000561761 0.999995828 43.394207001
0.999975622 0.006415630 0.002765871 -0.287393779 -0.006417629 0.999979138 0.000714883 -0.677951336 -0.002761227 -0.000732616 0.999995947 44.771709442
0.999984264 0.005220986 0.002073963 -0.292408466 -0.005221246 0.999986351 0.000120172 -0.693570554 -0.002073307 -0.000130999 0.999997914 46.177257538
0.999986470 0.005084259 0.001112845 -0.299781293 -0.005084994 0.999986768 0.000659263 -0.723601639 -0.001109479 -0.000664912 0.999999106 47.571510315
0.999981999 0.005995376 0.000300466 -0.310004473 -0.005995912 0.999980271 0.001819649 -0.742562890 -0.000289551 -0.001821418 0.999998271 48.989131927
0.999983847 0.005601526 -0.001009407 -0.327162951 -0.005599793 0.999982774 0.001712483 -0.769064844 0.001018982 -0.001706803 0.999997973 50.390384674
0.999982417 0.005571147 -0.002017628 -0.326717287 -0.005567418 0.999982893 0.001848985 -0.783500075 0.002027894 -0.001837719 0.999996245 51.835266113
0.999978542 0.005366556 -0.003766973 -0.335062355 -0.005353790 0.999979913 0.003391086 -0.809500575 0.003785096 -0.003370845 0.999987185 53.251697540
0.999982417 0.004254506 -0.004124962 -0.348613441 -0.004237783 0.999982715 0.004054367 -0.828930080 0.004142141 -0.004036815 0.999983251 54.703342438
0.999986529 0.002670618 -0.004438232 -0.363960475 -0.002649313 0.999984920 0.004799025 -0.849805057 0.004450982 -0.004787202 0.999978662 56.145023346
0.999985158 -0.000179950 -0.005444443 -0.372008324 0.000200202 0.999993026 0.003719351 -0.865873098 0.005443736 -0.003720385 0.999978244 57.575721741
0.999983490 -0.001666694 -0.005503906 -0.379846334 0.001690479 0.999989212 0.004319696 -0.896875679 0.005496648 -0.004328930 0.999975502 58.982933044
0.999982655 -0.002729910 -0.005224938 -0.392164588 0.002754916 0.999984741 0.004784552 -0.911210120 0.005211796 -0.004798864 0.999974906 60.406440735
0.999983609 -0.003493789 -0.004565351 -0.409117579 0.003518411 0.999979258 0.005396254 -0.928000808 0.004546402 -0.005412227 0.999975026 61.827232361
0.999978483 -0.005243528 -0.003952022 -0.426205605 0.005264873 0.999971509 0.005410096 -0.950030506 0.003923542 -0.005430785 0.999977529 63.225910187
0.999973655 -0.006414852 -0.003389938 -0.437008083 0.006429851 0.999969423 0.004432118 -0.979577005 0.003361403 -0.004453798 0.999984443 64.615325928
0.999978304 -0.006105402 -0.002481234 -0.440329581 0.006115228 0.999973416 0.003971916 -0.990785539 0.002456918 -0.003987004 0.999989092 66.034332275
0.999982655 -0.005268436 -0.002615787 -0.446418136 0.005278082 0.999979198 0.003694692 -1.013239264 0.002596267 -0.003708435 0.999989748 67.443840027
0.999995351 -0.002350522 -0.001950708 -0.467056960 0.002361029 0.999982595 0.005401360 -1.036798954 0.001937978 -0.005405941 0.999983490 68.838310242
0.999997079 0.002200230 -0.001011378 -0.479634583 -0.002194067 0.999979258 0.006055289 -1.049554944 0.001024680 -0.006053052 0.999981165 70.256095886
0.999981940 0.006010992 -0.000085042 -0.502297997 -0.006010260 0.999958038 0.006917774 -1.068780065 0.000126621 -0.006917137 0.999976039 71.636978149
0.999943435 0.010602924 0.000752850 -0.519798219 -0.010607268 0.999925613 0.006021189 -1.079734921 -0.000688952 -0.006028835 0.999981582 73.039329529
0.999909401 0.013375994 0.001491258 -0.536273777 -0.013383860 0.999895871 0.005397136 -1.095177531 -0.001418910 -0.005416607 0.999984324 74.436637878
0.999884486 0.015085588 0.001864467 -0.538634598 -0.015095312 0.999871910 0.005316687 -1.114586473 -0.001784023 -0.005344217 0.999984145 75.833915710
0.999884844 0.014981531 0.002433038 -0.546598732 -0.014994887 0.999871969 0.005568065 -1.128764272 -0.002349308 -0.005603908 0.999981523 77.257469177
0.999898851 0.014021914 0.002394117 -0.560920715 -0.014034943 0.999886274 0.005514559 -1.159799814 -0.002316520 -0.005547603 0.999981940 78.619819641
0.999909580 0.013197792 0.002575144 -0.565689027 -0.013209204 0.999902785 0.004466583 -1.171753049 -0.002515944 -0.004500194 0.999986708 80.001594543
0.999925256 0.012033887 0.002149397 -0.577667475 -0.012043717 0.999916732 0.004620750 -1.193106055 -0.002093613 -0.004646291 0.999987006 81.379074097
0.999918818 0.012555038 0.002141876 -0.582887173 -0.012564830 0.999910355 0.004621046 -1.214403391 -0.002083667 -0.004647584 0.999987006 82.730575562
0.999929845 0.011797524 0.001034093 -0.576415718 -0.011801699 0.999921799 0.004127492 -1.232005715 -0.000985318 -0.004139406 0.999990880 84.121520996
0.999931514 0.011701941 0.000146075 -0.592867911 -0.011702441 0.999923170 0.004080125 -1.229246140 -0.000098318 -0.004081554 0.999991655 85.512359619
0.999926507 0.012120987 -0.000291292 -0.599603295 -0.012119499 0.999915779 0.004658712 -1.254523754 0.000347736 -0.004654840 0.999989033 86.864135742
0.999954224 0.009487789 -0.001190366 -0.619414151 -0.009480147 0.999935329 0.006271263 -1.288074732 0.001249790 -0.006259692 0.999979615 88.289299011
0.999969900 0.007159216 -0.003018006 -0.624210238 -0.007138799 0.999951899 0.006723217 -1.296905875 0.003065994 -0.006701469 0.999972820 89.675559998
0.999982417 0.004937109 -0.003288937 -0.640813768 -0.004915017 0.999965549 0.006691740 -1.318015933 0.003321862 -0.006675456 0.999972224 91.007263184
0.999984920 0.004048820 -0.003704105 -0.651195705 -0.004026393 0.999973655 0.006042288 -1.333283067 0.003728471 -0.006027283 0.999974906 92.401977539
0.999988258 0.002873525 -0.003904300 -0.663576484 -0.002851279 0.999979675 0.005691562 -1.351839304 0.003920576 -0.005680363 0.999976158 93.697792053
0.999986053 0.003236476 -0.004170167 -0.675913990 -0.003215925 0.999982655 0.004925409 -1.365806460 0.004186035 -0.004911930 0.999979198 95.052459717
0.999987364 0.003100275 -0.003954058 -0.685761154 -0.003082487 0.999985158 0.004496727 -1.385640979 0.003967940 -0.004484483 0.999982059 96.424591064
0.999983132 0.003940832 -0.004254430 -0.697995961 -0.003923145 0.999983668 0.004157571 -1.410514832 0.004270744 -0.004140810 0.999982357 97.762786865
0.999977171 0.005500760 -0.003922132 -0.712776423 -0.005485611 0.999977469 0.003862999 -1.420222998 0.003943293 -0.003841396 0.999984860 99.102264404
0.999973059 0.006213937 -0.003906860 -0.723971486 -0.006193220 0.999966741 0.005292736 -1.437365532 0.003939619 -0.005268397 0.999978364 100.449607849
0.999965310 0.007579811 -0.003449298 -0.750774920 -0.007556908 0.999949574 0.006605282 -1.458540559 0.003499191 -0.006578986 0.999972224 101.778594971
0.999968827 0.007074328 -0.003503476 -0.761291802 -0.007056421 0.999962091 0.005097532 -1.471639276 0.003539405 -0.005072650 0.999980927 103.117767334
0.999969125 0.007038941 -0.003497712 -0.778583825 -0.007029479 0.999971569 0.002710273 -1.495364189 0.003516690 -0.002685601 0.999990165 104.406661987
0.999971509 0.006446335 -0.003908975 -0.786841989 -0.006440828 0.999978185 0.001419924 -1.511195660 0.003918042 -0.001394706 0.999991417 105.749618530
0.999983370 0.004316874 -0.003831024 -0.793924451 -0.004306425 0.999987006 0.002731575 -1.535657525 0.003842766 -0.002715031 0.999988914 107.059936523
0.999992788 0.001730915 -0.003410176 -0.799976647 -0.001715389 0.999988139 0.004550362 -1.551004529 0.003418012 -0.004544480 0.999983788 108.406234741
0.999996781 0.000290653 -0.002565214 -0.806579292 -0.000277257 0.999986351 0.005221158 -1.573159099 0.002566696 -0.005220430 0.999983013 109.701164246
0.999997854 -0.000751001 -0.001956751 -0.812682331 0.000758491 0.999992490 0.003829768 -1.590684056 0.001953860 -0.003831244 0.999990761 111.018180847
0.999998569 0.001321082 -0.001076603 -0.829974294 -0.001319498 0.999998033 0.001471126 -1.612046480 0.001078545 -0.001469703 0.999998331 112.363273621
0.999994516 0.003284046 0.000260299 -0.836135268 -0.003283911 0.999994516 -0.000518663 -1.634415746 -0.000262001 0.000517805 0.999999821 113.698257446
0.999974132 0.007010163 0.001566489 -0.851634979 -0.007009180 0.999975264 -0.000632251 -1.655847311 -0.001570883 0.000621255 0.999998569 114.993011475
0.999960423 0.008318930 0.003153285 -0.861099184 -0.008322917 0.999964476 0.001253685 -1.678159595 -0.003142744 -0.001279880 0.999994218 116.337875366
0.999962330 0.007766651 0.003880252 -0.861200452 -0.007780482 0.999963403 0.003562060 -1.697983384 -0.003852445 -0.003592116 0.999986053 117.676597595
0.999962211 0.007257110 0.004781682 -0.862508833 -0.007275714 0.999965966 0.003884868 -1.713035464 -0.004753326 -0.003919512 0.999980986 119.010719299
0.999953747 0.007768024 0.005675532 -0.863256156 -0.007785885 0.999964774 0.003131527 -1.724989891 -0.005651006 -0.003175571 0.999979019 120.361343384
0.999933004 0.009390651 0.006781837 -0.856347919 -0.009409050 0.999952197 0.002686090 -1.745260596 -0.006756288 -0.002749721 0.999973357 121.708854675
0.999901831 0.011581436 0.007876967 -0.863120496 -0.011600072 0.999930024 0.002324169 -1.760926604 -0.007849499 -0.002415314 0.999966204 123.044212341
0.999885619 0.012053583 0.009138853 -0.860121787 -0.012065970 0.999926269 0.001301552 -1.779152036 -0.009122493 -0.001411672 0.999957442 124.391395569
0.999855995 0.013864964 0.009782390 -0.859156787 -0.013869482 0.999903679 0.000394065 -1.802803516 -0.009775987 -0.000529685 0.999952078 125.713813782
0.999863148 0.012648724 0.010664258 -0.851926684 -0.012650970 0.999919951 0.000143144 -1.821207523 -0.010661596 -0.000278038 0.999943137 127.064407349
0.999858975 0.012301262 0.011432094 -0.847717941 -0.012317676 0.999923229 0.001366475 -1.843713403 -0.011414408 -0.001507099 0.999933720 128.429779053
0.999864697 0.011288192 0.011962096 -0.835949719 -0.011313719 0.999933839 0.002068477 -1.868069530 -0.011937956 -0.002203533 0.999926329 129.739120483
0.999877214 0.009524280 0.012449010 -0.830475152 -0.009554700 0.999951601 0.002386471 -1.883527637 -0.012425679 -0.002505124 0.999919653 131.110595703
0.999893725 0.007775375 0.012333282 -0.809142530 -0.007808038 0.999966145 0.002602313 -1.904586792 -0.012312632 -0.002698335 0.999920487 132.465423584
0.999901950 0.006005555 0.012648276 -0.807614088 -0.006045967 0.999976754 0.003159310 -1.922827482 -0.012629009 -0.003235472 0.999915063 133.813308716
0.999924839 0.004708240 0.011332194 -0.788651407 -0.004740381 0.999984920 0.002811005 -1.941445231 -0.011318787 -0.002864512 0.999931753 135.162490845
0.999940157 0.003462633 0.010385210 -0.785055518 -0.003492653 0.999989748 0.002873885 -1.959842086 -0.010375153 -0.002909985 0.999941885 136.488281250
0.999956965 0.001706060 0.009117454 -0.767699420 -0.001737672 0.999992430 0.003460448 -1.976184845 -0.009111483 -0.003476142 0.999952376 137.857254028
0.999969780 0.000578601 0.007761291 -0.755827606 -0.000607443 0.999992967 0.003714231 -1.998194456 -0.007759087 -0.003718833 0.999962926 139.189178467
0.999977529 0.000388310 0.006692120 -0.760051429 -0.000411391 0.999993980 0.003448016 -2.014895678 -0.006690741 -0.003450692 0.999971688 140.525833130
0.999983251 -0.000415698 0.005769145 -0.762544692 0.000396275 0.999994218 0.003367570 -2.039081335 -0.005770511 -0.003365227 0.999977648 141.866821289
0.999989510 0.000184255 0.004559083 -0.760694623 -0.000196363 0.999996424 0.002655684 -2.056007147 -0.004558578 -0.002656552 0.999986053 143.220581055
0.999991059 -0.002500714 0.003404870 -0.762575150 0.002499988 0.999996901 0.000217518 -2.075819492 -0.003405403 -0.000209004 0.999994159 144.551361084
0.999965906 -0.007872265 0.002504180 -0.757042408 0.007873354 0.999968886 -0.000425004 -2.093954563 -0.002500757 0.000444706 0.999996781 145.938232422
0.999882996 -0.015147836 0.002105942 -0.762097001 0.015144284 0.999883890 0.001692908 -2.110646725 -0.002131341 -0.001660817 0.999996364 147.277938843
0.999762893 -0.021776099 0.000237009 -0.752844810 0.021775184 0.999757230 0.003343701 -2.134462357 -0.000309764 -0.003337748 0.999994338 148.629760742
0.999679148 -0.025277549 -0.001623022 -0.731220901 0.025276741 0.999680340 -0.000514662 -2.148628950 0.001635513 0.000473472 0.999998569 150.011932373
0.999698460 -0.024556391 -0.000281773 -0.745773613 0.024555340 0.999693155 -0.003260522 -2.175373077 0.000361754 0.003252620 0.999994695 151.355926514
0.999765992 -0.021636553 -0.000009256 -0.765746236 0.021636218 0.999752700 -0.005139056 -2.212967634 0.000120445 0.005137653 0.999986768 152.641983032
0.999766648 -0.021566235 0.001266629 -0.786580980 0.021572493 0.999754012 -0.005153361 -2.245889664 -0.001155179 0.005179483 0.999985933 153.972534180
0.999685884 -0.025013626 0.001571865 -0.778549552 0.025016390 0.999685466 -0.001765238 -2.270496845 -0.001527215 0.001804006 0.999997199 155.350982666
0.999553561 -0.029786646 0.002291154 -0.779091597 0.029785603 0.999556124 0.000486874 -2.287885189 -0.002304639 -0.000418413 0.999997258 156.704269409
0.999432147 -0.033625346 0.002176142 -0.776464581 0.033619884 0.999431551 0.002499591 -2.317512035 -0.002258954 -0.002425010 0.999994516 158.050567627
0.999390125 -0.034841277 0.002339203 -0.776987255 0.034836166 0.999390602 0.002190536 -2.335159063 -0.002414099 -0.002107712 0.999994874 159.393829346
0.999444723 -0.033148393 0.003372983 -0.783970773 0.033138856 0.999446630 0.002848225 -2.356564045 -0.003465531 -0.002734867 0.999990225 160.743820190
0.999572396 -0.028837631 0.004841371 -0.802520633 0.028829008 0.999582648 0.001841499 -2.373458385 -0.004892455 -0.001701140 0.999986589 162.079818726
0.999666810 -0.025298085 0.005127658 -0.791431367 0.025298981 0.999679923 -0.000109916 -2.395053864 -0.005123236 0.000239604 0.999986827 163.439743042
0.999724865 -0.022588246 0.006326376 -0.799847901 0.022594428 0.999744296 -0.000906246 -2.413824558 -0.006304288 0.001048937 0.999979556 164.785263062
0.999774694 -0.020146197 0.006688501 -0.797742188 0.020143963 0.999796987 0.000401162 -2.439446688 -0.006695225 -0.000266338 0.999977469 166.134033203
0.999810576 -0.018504417 0.006031004 -0.788715959 0.018504119 0.999828815 0.000105543 -2.464480162 -0.006031924 0.000006075 0.999981761 167.506530762
0.999852180 -0.016172867 0.005834233 -0.807110786 0.016189510 0.999864995 -0.002816773 -2.478319168 -0.005787890 0.002910810 0.999978960 168.843307495
0.999910653 -0.012388565 0.005035140 -0.797518671 0.012416285 0.999907732 -0.005511338 -2.504936934 -0.004966397 0.005573363 0.999972045 170.197128296
0.999963403 -0.006627926 0.005401303 -0.819790184 0.006665672 0.999953210 -0.007000615 -2.536614180 -0.005354651 0.007036362 0.999960840 171.540573120
0.999982357 -0.001587342 0.005724010 -0.828855574 0.001619751 0.999982655 -0.005661860 -2.568519592 -0.005714924 0.005671032 0.999967575 172.915481567
0.999979675 0.000763798 0.006345552 -0.831930161 -0.000739994 0.999992669 -0.003752782 -2.599971294 -0.006348372 0.003748010 0.999972820 174.269424438
0.999974787 0.001996592 0.006811514 -0.837901831 -0.001984065 0.999996364 -0.001845298 -2.619958401 -0.006815172 0.001831737 0.999975085 175.650283813
0.999982536 -0.001598543 0.005690258 -0.841390550 0.001601352 0.999998569 -0.000489125 -2.645380497 -0.005689468 0.000498229 0.999983668 177.003799438
0.999988317 -0.003334278 0.003515374 -0.831636369 0.003336243 0.999994278 -0.000553307 -2.662125111 -0.003513509 0.000565028 0.999993622 178.392807007
0.999990106 -0.004000661 0.001951968 -0.843532860 0.004010047 0.999980271 -0.004829236 -2.688974619 -0.001932609 0.004837016 0.999986351 179.757308960
0.999997258 -0.002304838 0.000465355 -0.843643248 0.002308834 0.999958873 -0.008777863 -2.723667622 -0.000445104 0.008778914 0.999961376 181.168289185
0.999997854 0.002055337 -0.000313751 -0.851431727 -0.002058212 0.999953151 -0.009457320 -2.755798101 0.000294298 0.009457944 0.999955237 182.552413940
0.999984443 0.005560611 -0.000488084 -0.864756882 -0.005564521 0.999949157 -0.008412329 -2.790551901 0.000441281 0.008414913 0.999964476 183.951858521
0.999966383 0.008193703 0.000311627 -0.895465612 -0.008192058 0.999954164 -0.004953637 -2.829236984 -0.000352201 0.004950918 0.999987662 185.339004517
0.999962449 0.008661344 0.000297100 -0.887552798 -0.008660460 0.999958396 -0.002859690 -2.855168104 -0.000321857 0.002857009 0.999995887 186.720703125
0.999962509 0.008634147 0.000562932 -0.901204050 -0.008632743 0.999959707 -0.002451366 -2.867442131 -0.000584075 0.002446414 0.999996781 188.115188599
0.999977946 0.006625875 0.000438203 -0.906893849 -0.006625118 0.999976575 -0.001707709 -2.900886297 -0.000449508 0.001704768 0.999998391 189.573577881
0.999990761 0.004235607 0.000905651 -0.916158259 -0.004234699 0.999990523 -0.001002057 -2.928506374 -0.000909887 0.000998213 0.999999106 191.003021240
0.999998808 0.001219637 0.000971256 -0.919910192 -0.001218389 0.999998450 -0.001284659 -2.947926998 -0.000972821 0.001283474 0.999998689 192.431335449
0.999997437 -0.001857277 0.001239260 -0.912878692 0.001857206 0.999998271 0.000058489 -2.977727652 -0.001239367 -0.000056188 0.999999225 193.834274292
0.999976873 -0.006631908 0.001484141 -0.907962561 0.006629264 0.999976456 0.001780166 -3.002765894 -0.001495912 -0.001770286 0.999997318 195.270629883
0.999957740 -0.008946511 0.002128824 -0.910958171 0.008943218 0.999958813 0.001552255 -3.022763729 -0.002142623 -0.001533151 0.999996483 196.703369141
0.999972403 -0.006997577 0.002480888 -0.920778155 0.007004908 0.999971092 -0.002958437 -3.047729969 -0.002460114 0.002975734 0.999992549 198.129333496
0.999995291 0.000539839 0.003030341 -0.935873330 -0.000515522 0.999967694 -0.008019783 -3.067356586 -0.003034573 0.008018183 0.999963224 199.586227417
0.999942183 0.009726299 0.004573014 -0.954300702 -0.009689181 0.999920487 -0.008070226 -3.103574038 -0.004651144 0.008025451 0.999956965 201.038833618
0.999820948 0.017988253 0.005863576 -0.975638807 -0.017961683 0.999828219 -0.004553345 -3.132037878 -0.005944476 0.004447210 0.999972403 202.464981079
0.999810457 0.018255576 0.006764886 -0.978138804 -0.018241808 0.999831378 -0.002090926 -3.161910534 -0.006801917 0.001967127 0.999974906 203.927780151
0.999844790 0.016512636 0.006141526 -0.967949688 -0.016501619 0.999862134 -0.001840753 -3.181967974 -0.006171075 0.001739121 0.999979436 205.380218506
0.999898911 0.013223149 0.005227196 -0.975053728 -0.013215206 0.999911487 -0.001550653 -3.212735891 -0.005247238 0.001481418 0.999985099 206.810684204
0.999924362 0.011450235 0.004492530 -0.977620721 -0.011439516 0.999931633 -0.002404242 -3.229407787 -0.004519752 0.002352668 0.999986947 208.273254395
0.999924541 0.011688512 0.003755226 -0.970875204 -0.011678359 0.999928117 -0.002713860 -3.255459785 -0.003786676 0.002669801 0.999989212 209.750122070
0.999905527 0.013191853 0.003856118 -0.985043406 -0.013182549 0.999910176 -0.002428311 -3.287016869 -0.003887805 0.002377248 0.999989629 211.187515259
0.999900639 0.013627622 0.003587607 -0.983508408 -0.013622931 0.999906361 -0.001329011 -3.317913532 -0.003605382 0.001280006 0.999992669 212.646972656
0.999905825 0.013304609 0.003401009 -0.990232646 -0.013298411 0.999909878 -0.001839357 -3.344805241 -0.003425174 0.001793956 0.999992549 214.122177124
0.999913573 0.012720602 0.003323609 -0.991228819 -0.012710680 0.999914765 -0.002989170 -3.374612093 -0.003361350 0.002946667 0.999990046 215.602722168
0.999923289 0.012043093 0.002897653 -0.994733155 -0.012033128 0.999921679 -0.003432078 -3.391960859 -0.002938760 0.003396947 0.999989927 217.062301636
0.999914289 0.012818079 0.002641361 -0.998734653 -0.012808058 0.999910772 -0.003776598 -3.414879322 -0.002689534 0.003742444 0.999989390 218.545425415
0.999906182 0.013437273 0.002663672 -1.010421872 -0.013426472 0.999901712 -0.004031995 -3.442220688 -0.002717590 0.003995853 0.999988317 220.024841309
0.999908626 0.013336305 0.002206658 -1.012866378 -0.013327057 0.999902546 -0.004152917 -3.473379374 -0.002261828 0.004123129 0.999988914 221.515670776
0.999901116 0.013957848 0.001728757 -1.019805074 -0.013950219 0.999893188 -0.004349052 -3.507222891 -0.001789276 0.004324504 0.999988973 223.010787964
0.999898911 0.014156286 0.001264556 -1.016319752 -0.014150237 0.999888897 -0.004670506 -3.531034470 -0.001330532 0.004652141 0.999988317 224.529144287
0.999891102 0.014722881 0.001010596 -1.030318260 -0.014717735 0.999879479 -0.004923272 -3.557096243 -0.001082959 0.004907862 0.999987304 226.016326904
0.999908030 0.013507438 0.001223952 -1.042833209 -0.013501679 0.999898255 -0.004599015 -3.592098951 -0.001285949 0.004582067 0.999988616 227.537796021
0.999926209 0.012124405 0.000658998 -1.044423819 -0.012121260 0.999916017 -0.004583831 -3.622559547 -0.000714518 0.004575506 0.999989271 229.031890869
0.999935508 0.011227621 0.001713778 -1.060755491 -0.011219628 0.999926388 -0.004604602 -3.652540445 -0.001765351 0.004585076 0.999987960 230.551788330
0.999945641 0.010173987 0.002261088 -1.074098110 -0.010164530 0.999939620 -0.004156063 -3.677806139 -0.002303236 0.004132854 0.999988914 232.052108765
0.999943137 0.010348296 0.002564894 -1.082837582 -0.010339390 0.999940574 -0.003461113 -3.720630646 -0.002600558 0.003434397 0.999990702 233.564743042
0.999939680 0.010644245 0.002702581 -1.086992502 -0.010634419 0.999936879 -0.003623859 -3.751662731 -0.002740984 0.003594901 0.999989808 235.078796387
0.999931872 0.011245490 0.003120951 -1.095252752 -0.011232099 0.999927819 -0.004275843 -3.780325651 -0.003168810 0.004240497 0.999985993 236.574630737
0.999907374 0.012974690 0.004091293 -1.107246995 -0.012960216 0.999909699 -0.003544145 -3.812210083 -0.004136906 0.003490794 0.999985278 238.083984375
0.999893367 0.013831400 0.004672384 -1.107597947 -0.013822227 0.999902427 -0.001989717 -3.832073212 -0.004699448 0.001924923 0.999987066 239.602905273
0.999899328 0.013213270 0.005167543 -1.104436398 -0.013206464 0.999911845 -0.001349135 -3.854551315 -0.005184914 0.001280754 0.999985754 241.135803223
0.999881804 0.013949374 0.006461031 -1.114395022 -0.013929483 0.999898136 -0.003113727 -3.879491091 -0.006503807 0.003023360 0.999974251 242.645126343
0.999873757 0.014470101 0.006551887 -1.105490565 -0.014442642 0.999886811 -0.004219383 -3.915714502 -0.006612199 0.004124223 0.999969661 244.182403564
0.999869943 0.014590762 0.006874179 -1.097366691 -0.014566873 0.999887764 -0.003512734 -3.945394754 -0.006924659 0.003412141 0.999970257 245.694610596
0.999870002 0.014644646 0.006750726 -1.083432198 -0.014628553 0.999889970 -0.002427131 -3.983150482 -0.006785529 0.002328062 0.999974251 247.248413086
0.999861419 0.015231069 0.006718616 -1.085360408 -0.015216258 0.999881685 -0.002250253 -4.010692120 -0.006752095 0.002147710 0.999974906 248.780075073
0.999862373 0.015329222 0.006344022 -1.075314879 -0.015317094 0.999880731 -0.001956116 -4.043030739 -0.006373250 0.001858674 0.999977946 250.310241699
0.999826491 0.017432313 0.006555462 -1.071701407 -0.017419167 0.999846101 -0.002057538 -4.067565441 -0.006590321 0.001942990 0.999976397 251.859298706
0.999800503 0.018790646 0.006769686 -1.066471338 -0.018775987 0.999821126 -0.002222590 -4.093037605 -0.006810240 0.002095039 0.999974668 253.412628174
0.999806821 0.018532472 0.006551662 -1.071948647 -0.018522762 0.999827266 -0.001540453 -4.131538868 -0.006579078 0.001418801 0.999977350 254.903610229
0.999828219 0.017360063 0.006490782 -1.067777157 -0.017349282 0.999847949 -0.001714319 -4.154510021 -0.006519557 0.001601414 0.999977469 256.456268311
0.999865353 0.015348419 0.005807928 -1.056166410 -0.015342904 0.999881804 -0.000993024 -4.175601959 -0.005822482 0.000903779 0.999982655 257.992584229
0.999897540 0.012718708 0.006564355 -1.071930528 -0.012718695 0.999919116 -0.000043455 -4.203926086 -0.006564378 -0.000040040 0.999978483 259.515502930
0.999913692 0.011457621 0.006414732 -1.066139698 -0.011452109 0.999934018 -0.000895295 -4.227981091 -0.006424568 0.000821756 0.999979079 261.050384521
0.999928355 0.010318950 0.006067525 -1.066652656 -0.010310386 0.999945819 -0.001441313 -4.265039444 -0.006082070 0.001378651 0.999980569 262.578216553
0.999945045 0.008214478 0.006516086 -1.062693477 -0.008217770 0.999966145 0.000478320 -4.292232513 -0.006511937 -0.000531841 0.999978721 264.115478516
0.999946892 0.006906616 0.007651326 -1.082744002 -0.006920086 0.999974489 0.001735257 -4.307922840 -0.007639147 -0.001788113 0.999969244 265.623718262
0.999954998 0.005948187 0.007398165 -1.075176716 -0.005954375 0.999981940 0.000814633 -4.329005718 -0.007393186 -0.000858648 0.999972343 267.159637451
0.999957085 0.004811732 0.007913245 -1.065045714 -0.004812912 0.999988437 0.000130096 -4.358076096 -0.007912525 -0.000168176 0.999968708 268.708007812
0.999954045 0.005443618 0.007887511 -1.055145502 -0.005442117 0.999985158 -0.000211659 -4.385430336 -0.007888545 0.000168725 0.999968886 270.248382568
0.999929488 0.007291598 0.009366781 -1.050577044 -0.007293507 0.999973416 0.000169582 -4.418139935 -0.009365293 -0.000237887 0.999956071 271.801483154
0.999896348 0.009088987 0.011172395 -1.058272004 -0.009079539 0.999958396 -0.000896156 -4.435026646 -0.011180074 0.000794623 0.999937177 273.329895020
0.999881566 0.010227175 0.011501207 -1.045821786 -0.010219740 0.999947548 -0.000705069 -4.463902950 -0.011507815 0.000587447 0.999933600 274.886352539
0.999859512 0.011194714 0.012475675 -1.031944752 -0.011181692 0.999936998 -0.001113205 -4.496438503 -0.012487348 0.000973549 0.999921560 276.433898926
0.999843597 0.012131470 0.012868500 -1.012903929 -0.012111174 0.999925315 -0.001653775 -4.533808708 -0.012887602 0.001497664 0.999915838 277.964813232
0.999836266 0.010744832 0.014556011 -1.007264733 -0.010725926 0.999941528 -0.001376242 -4.566829205 -0.014569949 0.001219890 0.999893069 279.528106689
0.999836028 0.010424255 0.014808407 -0.982581258 -0.010402010 0.999944627 -0.001578323 -4.592336178 -0.014824040 0.001424027 0.999889076 281.101684570
0.999836564 0.009323208 0.015491095 -0.963954151 -0.009310918 0.999956250 -0.000865261 -4.613780499 -0.015498484 0.000720883 0.999879599 282.695007324
0.999843836 0.008074850 0.015722411 -0.948182404 -0.008067702 0.999967217 -0.000518017 -4.642025471 -0.015726078 0.000391092 0.999876261 284.265106201
0.999851823 0.007857555 0.015317693 -0.918452322 -0.007814968 0.999965429 -0.002837996 -4.677448750 -0.015339466 0.002717868 0.999878645 285.849395752
0.999869823 0.006459289 0.014793592 -0.893011272 -0.006383134 0.999966145 -0.005189295 -4.705782413 -0.014826611 0.005094188 0.999877155 287.422241211
0.999872923 0.006610529 0.014501877 -0.882015824 -0.006536983 0.999965489 -0.005112989 -4.739673615 -0.014535176 0.005017540 0.999881744 288.997406006
0.999892056 0.005625568 0.013572136 -0.866420329 -0.005558305 0.999972105 -0.004988604 -4.770184040 -0.013599820 0.004912628 0.999895453 290.548034668
0.999906898 0.005514158 0.012482269 -0.857229829 -0.005444283 0.999969363 -0.005625010 -4.802827835 -0.012512904 0.005556528 0.999906301 292.095886230
0.999912381 0.005709872 0.011938346 -0.846914947 -0.005638130 0.999965906 -0.006034463 -4.832774162 -0.011972395 0.005966623 0.999910474 293.674255371
0.999921739 0.005651456 0.011162207 -0.832254231 -0.005590583 0.999969363 -0.005477206 -4.865670681 -0.011192819 0.005414375 0.999922633 295.246704102
0.999932528 0.005419986 0.010274442 -0.825006723 -0.005365597 0.999971509 -0.005313808 -4.901771545 -0.010302950 0.005258320 0.999933124 296.825500488
0.999944925 0.005213097 0.009105530 -0.814117491 -0.005178324 0.999979198 -0.003838264 -4.936230659 -0.009125349 0.003790902 0.999951124 298.386871338
0.999942601 0.006735842 0.008329983 -0.808981299 -0.006713560 0.999973834 -0.002700095 -4.963402271 -0.008347951 0.002644016 0.999961674 299.955230713
0.999934733 0.006820795 0.009166304 -0.807425678 -0.006795483 0.999972939 -0.002789765 -4.985491276 -0.009185085 0.002727294 0.999954104 301.541534424
0.999925077 0.006945649 0.010075430 -0.795919359 -0.006916316 0.999971807 -0.002943324 -5.017894745 -0.010095589 0.002873418 0.999944925 303.143188477
0.999928474 0.006019429 0.010329013 -0.787886143 -0.005987166 0.999977052 -0.003151729 -5.045632362 -0.010347746 0.003089663 0.999941707 304.741790771
0.999938369 0.004083565 0.010320759 -0.775876880 -0.004041132 0.999983251 -0.004128933 -5.076815605 -0.010337447 0.004086970 0.999938190 306.339813232
0.999941230 0.002684582 0.010503884 -0.755165040 -0.002618516 0.999976754 -0.006298389 -5.104499340 -0.010520549 0.006270513 0.999925017 307.941558838
0.999945045 0.002263416 0.010239036 -0.747676015 -0.002188572 0.999970973 -0.007314879 -5.138583183 -0.010255296 0.007292068 0.999920785 309.533905029
0.999962032 0.003427839 0.008010927 -0.745875895 -0.003360855 0.999959290 -0.008360170 -5.173933983 -0.008039258 0.008332929 0.999932945 311.144866943
0.999973238 0.004399151 0.005842539 -0.739933491 -0.004353279 0.999959707 -0.007840912 -5.204179764 -0.005876796 0.007815267 0.999952137 312.763854980
0.999969423 0.005526567 0.005526778 -0.741183519 -0.005500989 0.999974072 -0.004632745 -5.237673283 -0.005552238 0.004602201 0.999974012 314.391540527
0.999974787 0.004042913 0.005833883 -0.726823390 -0.004033510 0.999990523 -0.001622638 -5.270922184 -0.005840389 0.001599066 0.999981582 316.030120850
0.999979675 0.003254366 0.005473691 -0.716776788 -0.003248020 0.999994040 -0.001167762 -5.295557976 -0.005477458 0.001149958 0.999984324 317.656707764
0.999977827 0.002105881 0.006310030 -0.726644993 -0.002093394 0.999995828 -0.001984923 -5.326067448 -0.006314185 0.001971670 0.999978125 319.256561279
0.999977469 0.000481760 0.006692518 -0.728750229 -0.000470301 0.999998450 -0.001713762 -5.356521606 -0.006693333 0.001710576 0.999976158 320.868682861
0.999972224 0.000667447 0.007418330 -0.741962612 -0.000656476 0.999998689 -0.001481178 -5.386040211 -0.007419309 0.001476267 0.999971330 322.477844238
0.999969125 0.001079670 0.007784778 -0.734349549 -0.001065927 0.999997854 -0.001769248 -5.414022923 -0.007786672 0.001760895 0.999968112 324.100372314
0.999968052 0.002207882 0.007685228 -0.728396237 -0.002187404 0.999994040 -0.002672124 -5.444131374 -0.007691083 0.002655228 0.999966800 325.719329834
0.999955177 0.003279984 0.008871958 -0.731385648 -0.003252216 0.999989748 -0.003142536 -5.482286453 -0.008882173 0.003113542 0.999955714 327.315521240
0.999953210 0.001821593 0.009495918 -0.721114635 -0.001810840 0.999997675 -0.001140905 -5.513875961 -0.009497975 0.001123657 0.999954283 328.954711914
0.999952078 0.000786435 0.009758989 -0.713197470 -0.000786056 0.999999642 -0.000042711 -5.550909996 -0.009759020 0.000035038 0.999952376 330.530853271
0.999956846 -0.000708404 0.009259121 -0.695725560 0.000720082 0.999998927 -0.001258028 -5.579936028 -0.009258219 0.001264641 0.999956369 332.171081543
0.999962449 0.000269392 0.008670118 -0.676299930 -0.000260642 0.999999404 -0.001010378 -5.611505508 -0.008670386 0.001008080 0.999961913 333.807983398
0.999958515 0.002282275 0.008820930 -0.690356076 -0.002256682 0.999993205 -0.002910228 -5.648262024 -0.008827513 0.002890202 0.999956846 335.406799316
0.999960542 0.003725216 0.008058194 -0.684827566 -0.003677605 0.999975681 -0.005915233 -5.679047108 -0.008080035 0.005885366 0.999950051 337.030731201
0.999960005 0.005108563 0.007336051 -0.687611341 -0.005070633 0.999973774 -0.005179848 -5.717883110 -0.007362321 0.005142442 0.999959648 338.627044678
0.999957025 0.006145584 0.006940810 -0.696824968 -0.006132248 0.999979317 -0.001941098 -5.751244545 -0.006952594 0.001898452 0.999974012 340.187927246
0.999962866 0.006793243 0.005313977 -0.692471206 -0.006799301 0.999976218 0.001122769 -5.782874107 -0.005306223 -0.001158859 0.999985278 341.789611816
0.999960899 0.007603223 0.004508934 -0.695658028 -0.007603262 0.999971092 -0.000008860 -5.814399719 -0.004508872 -0.000025423 0.999989748 343.407684326
0.999973357 0.006809478 0.002633804 -0.696288526 -0.006804998 0.999975383 -0.001705825 -5.839840889 -0.002645356 0.001687857 0.999995053 345.003417969
0.999983788 0.005639675 0.000815531 -0.694813788 -0.005639364 0.999984026 -0.000381554 -5.868999004 -0.000817670 0.000376949 0.999999583 346.601562500
0.999989867 0.004456978 -0.000640504 -0.693264842 -0.004457257 0.999989927 -0.000433819 -5.892821789 0.000638564 0.000436669 0.999999702 348.196441650
0.999991298 0.004170827 -0.000195600 -0.718622804 -0.004171003 0.999991000 -0.000911415 -5.924058437 0.000191797 0.000912223 0.999999583 349.778015137
0.999994755 0.003211855 -0.000450897 -0.722515345 -0.003212589 0.999993503 -0.001638062 -5.957182407 0.000445632 0.001639502 0.999998569 351.372131348
0.999995232 0.003112686 -0.000344726 -0.729220927 -0.003113353 0.999993265 -0.001953223 -5.984493732 0.000338644 0.001954287 0.999998033 352.973266602
0.999996603 0.002572388 -0.000379465 -0.737318218 -0.002573209 0.999994338 -0.002177448 -6.014699936 0.000373861 0.002178416 0.999997556 354.559326172
0.999997139 0.002296600 -0.000691527 -0.739669621 -0.002298522 0.999993563 -0.002790432 -6.044632912 0.000685114 0.002792014 0.999995887 356.161560059
0.999997079 0.002356642 -0.000543147 -0.752776682 -0.002358492 0.999991298 -0.003431009 -6.076705933 0.000535056 0.003432279 0.999993980 357.786224365
0.999998152 0.001838630 -0.000552663 -0.761080563 -0.001840449 0.999992847 -0.003310287 -6.106068134 0.000546573 0.003311299 0.999994397 359.368469238
0.999998450 0.001587418 -0.000755865 -0.761545837 -0.001590079 0.999992430 -0.003533009 -6.143777847 0.000750251 0.003534205 0.999993503 360.967529297
0.999999583 0.000043278 -0.000890807 -0.762761474 -0.000048022 0.999985814 -0.005325928 -6.176367760 0.000890564 0.005325968 0.999985397 362.586273193
0.999998808 -0.001215973 -0.000921383 -0.768258333 0.001212906 0.999993742 -0.003322691 -6.213654995 0.000925418 0.003321570 0.999994040 364.199035645
0.999992907 -0.003540649 -0.001320328 -0.764927328 0.003537842 0.999991477 -0.002122286 -6.249544621 0.001327831 0.002117600 0.999996841 365.796844482
0.999995172 -0.003087708 -0.000393690 -0.783258617 0.003086318 0.999989152 -0.003483474 -6.275865555 0.000404441 0.003482241 0.999993861 367.405364990
0.999998331 -0.001866896 0.000186708 -0.799089432 0.001867711 0.999988258 -0.004467073 -6.298717022 -0.000178367 0.004467413 0.999989986 369.024017334
0.999999285 -0.001189214 -0.000168879 -0.797764838 0.001188682 0.999994457 -0.003115982 -6.342523575 0.000172584 0.003115779 0.999995112 370.620971680
0.999999762 0.000706704 0.000164165 -0.808277726 -0.000706294 0.999996722 -0.002487655 -6.367067337 -0.000165922 0.002487538 0.999996901 372.223907471
0.999999881 -0.000030739 -0.000357114 -0.800392270 0.000029793 0.999996483 -0.002648187 -6.402902126 0.000357194 0.002648176 0.999996364 373.831176758
0.999999762 0.000491698 0.000447345 -0.827693582 -0.000490021 0.999992847 -0.003742411 -6.426623344 -0.000449182 0.003742191 0.999992847 375.424072266
0.999999583 0.000886480 -0.000221288 -0.820456326 -0.000887381 0.999991119 -0.004107338 -6.460586548 0.000217645 0.004107533 0.999991536 377.017333984
0.999999642 0.000867212 -0.000038236 -0.817055881 -0.000867354 0.999992073 -0.003869409 -6.498819828 0.000034880 0.003869441 0.999992490 378.643585205
0.999995887 0.002862185 0.000563188 -0.838304877 -0.002859698 0.999986351 -0.004369857 -6.520148277 -0.000575688 0.004368227 0.999990284 380.263885498
0.999989927 0.004429319 0.000775985 -0.841093123 -0.004426474 0.999983609 -0.003630319 -6.554280758 -0.000792052 0.003626846 0.999993086 381.873901367
0.999977231 0.006513067 0.001824784 -0.866643488 -0.006504529 0.999968052 -0.004645829 -6.583888054 -0.001854984 0.004633853 0.999987543 383.493530273
