1.000000000 0.000000000 0.000000000 0.000000000 0.000000000 1.000000000 0.000000000 0.000000000 0.000000000 0.000000000 1.000000000 0.000000000
0.999934256 -0.002428401 0.011207975 0.015739769 0.002417326 0.999996603 0.001001547 -0.003535048 -0.011210369 -0.000974388 0.999936700 0.294426620
0.999827862 -0.004545831 0.017989071 0.024538470 0.004526623 0.999989152 0.001108316 -0.007639405 -0.017993912 -0.001026695 0.999837577 0.582652211
0.999777555 -0.007420714 0.019743856 0.038615353 0.007424344 0.999972463 -0.000110533 -0.011001972 -0.019742491 0.000257094 0.999805093 0.887561679
0.999814630 -0.008628916 0.017212063 0.048366576 0.008661728 0.999960780 -0.001832714 -0.009892511 -0.017195575 0.001981460 0.999850154 1.201601624
0.999882638 -0.011446221 0.010183254 0.053965870 0.011484013 0.999927342 -0.003660475 -0.007961536 -0.010140616 0.003776990 0.999941468 1.511287689
0.999910593 -0.013156767 -0.002365483 0.051328484 0.013143488 0.999898195 -0.005544205 -0.011082517 0.002438186 0.005512619 0.999981761 1.835995197
0.999741554 -0.012414110 -0.019042881 0.034334138 0.012306276 0.999907613 -0.005769417 -0.016946891 0.019112743 0.005533579 0.999801934 2.176025152
0.999235451 -0.007990749 -0.038271870 -0.002837668 0.007777791 0.999953449 -0.005710019 -0.021506255 0.038315717 0.005407983 0.999250948 2.517725229
0.998302698 -0.004206759 -0.058086611 -0.045096613 0.003789324 0.999966204 -0.007294700 -0.023609027 0.058115333 0.007062210 0.998284876 2.872951269
0.996863544 -0.004211325 -0.079027019 -0.065188855 0.003624848 0.999964774 -0.007563219 -0.029716663 0.079056092 0.007253036 0.996843755 3.232515335
0.994994760 -0.006075266 -0.099742658 -0.129216835 0.005403994 0.999960899 -0.006998840 -0.035485167 0.099781282 0.006424799 0.994988620 3.609757423
0.992749691 -0.007574578 -0.119960450 -0.177823216 0.006889753 0.999957502 -0.006122481 -0.041482668 0.120001733 0.005251593 0.992759764 4.007798195
0.990499258 -0.006235601 -0.137376726 -0.250809550 0.005580823 0.999971092 -0.005150933 -0.051249050 0.137404889 0.004335319 0.990505397 4.378696918
0.988203943 -0.005004516 -0.153062195 -0.330404162 0.004341155 0.999979675 -0.004667825 -0.055319905 0.153082445 0.003948296 0.988205552 4.783975601
0.986013055 -0.004395267 -0.166610003 -0.414958596 0.003671896 0.999982417 -0.004649494 -0.064906575 0.166627526 0.003972687 0.986011863 5.203779221
0.983882785 -0.005746642 -0.178722352 -0.503658056 0.004742321 0.999970436 -0.006046159 -0.066244364 0.178751826 0.005101153 0.983880937 5.631760120
0.982082784 -0.009851419 -0.188192144 -0.593017817 0.008549934 0.999933541 -0.007726253 -0.081194386 0.188255757 0.005978789 0.982101858 6.071394920
0.980571628 -0.008757427 -0.195966154 -0.692845225 0.007022368 0.999929786 -0.009546936 -0.086288072 0.196036011 0.007985307 0.980564177 6.539303303
0.979061186 -0.008424358 -0.203391582 -0.799610078 0.006277016 0.999917567 -0.011200473 -0.096176788 0.203469157 0.009689257 0.979033411 7.004359245
0.977361500 -0.009139018 -0.211378768 -0.913983703 0.006358257 0.999884069 -0.013831300 -0.107825287 0.211480692 0.012174180 0.977306366 7.487476826
0.975661814 -0.013196243 -0.218882948 -1.031163573 0.010022218 0.999828041 -0.015605037 -0.117075972 0.219051227 0.013031546 0.975626349 7.980218887
0.973680913 -0.019417893 -0.227086693 -1.144756436 0.015936429 0.999725819 -0.017154556 -0.127903238 0.227357551 0.013084113 0.973723471 8.500679016
0.971594930 -0.019843396 -0.235816613 -1.271224499 0.015707489 0.999688327 -0.019404460 -0.146987572 0.236128196 0.015149188 0.971603811 9.006926537
0.969470143 -0.016040767 -0.244684413 -1.419762373 0.010514838 0.999659717 -0.023873569 -0.155127123 0.244984105 0.020571893 0.969308853 9.532277107
0.967348754 -0.012657512 -0.253132701 -1.582173824 0.006049796 0.999620736 -0.026865153 -0.174584702 0.253376782 0.024456570 0.967058420 10.072667122
0.965046585 -0.015182083 -0.261638343 -1.737850666 0.007956476 0.999557734 -0.028654056 -0.193251759 0.261957645 0.025570776 0.964740574 10.645434380
0.962584734 -0.018457059 -0.270351678 -1.895370364 0.010409644 0.999459982 -0.031170234 -0.208994284 0.270780981 0.027189722 0.962256908 11.214501381
0.960400820 -0.017804975 -0.278052688 -2.075483561 0.008797758 0.999396384 -0.033608213 -0.231577709 0.278483272 0.029831115 0.959977746 11.789810181
0.958118439 -0.016234355 -0.285911590 -2.266526699 0.005857477 0.999293923 -0.037111942 -0.262507230 0.286312252 0.033882916 0.957536995 12.379783630
0.955737472 -0.017506573 -0.293699443 -2.451575041 0.005408532 0.999104917 -0.041953657 -0.290942311 0.294171065 0.038508199 0.954976678 12.975847244
0.953964472 -0.018845255 -0.299326837 -2.657862425 0.004202933 0.998765945 -0.049486205 -0.324859470 0.299890041 0.045950033 0.952866435 13.584185600
0.952735603 -0.019280184 -0.303188235 -2.866441488 0.001760073 0.998317719 -0.057953663 -0.358845860 0.303795546 0.054680880 0.951166809 14.206255913
0.951477468 -0.019158609 -0.307121426 -3.080475807 -0.001424631 0.997775018 -0.066656001 -0.399206579 0.307715088 0.063859217 0.949333191 14.832631111
0.950127542 -0.018310767 -0.311323375 -3.299630165 -0.005539664 0.997126341 -0.075553402 -0.448166281 0.311812192 0.073509984 0.947295904 15.472502708
0.948975861 -0.017404048 -0.314868093 -3.538421392 -0.009194713 0.996524274 -0.082793765 -0.498351693 0.315214694 0.081464395 0.945517421 16.112312317
0.947375953 -0.015219972 -0.319761127 -3.771921158 -0.014185462 0.995892107 -0.089430533 -0.559166491 0.319808692 0.089260302 0.943268239 16.773033142
0.945885062 -0.014015674 -0.324198991 -4.023149014 -0.017836893 0.995310783 -0.095070004 -0.628654480 0.324011236 0.095708013 0.941199541 17.433050156
0.943984509 -0.012593314 -0.329749525 -4.268163681 -0.021869887 0.994686961 -0.100595281 -0.699161649 0.329264373 0.102171957 0.938693643 18.122629166
0.942309678 -0.010061803 -0.334591269 -4.529753208 -0.026061034 0.994309127 -0.103296489 -0.776735485 0.333726496 0.106057078 0.936684847 18.803064346
0.940682650 -0.008214312 -0.339188278 -4.794648170 -0.029127004 0.994061053 -0.104852661 -0.856033146 0.338035196 0.108512625 0.934856772 19.493766785
0.938355505 -0.008268044 -0.345572859 -5.064329147 -0.029612212 0.994116127 -0.104192749 -0.934840798 0.344401002 0.108003005 0.932589591 20.207740784
0.936051190 -0.007368884 -0.351786643 -5.337274551 -0.030704763 0.994256318 -0.102527440 -1.021805048 0.350521564 0.106772475 0.930448413 20.915128708
0.933579445 -0.007745106 -0.358286709 -5.627066135 -0.030399833 0.994451344 -0.100709274 -1.104615808 0.357078701 0.104911961 0.928163946 21.633867264
0.930388212 -0.006408682 -0.366519749 -5.925797462 -0.031661835 0.994705737 -0.097764291 -1.182140589 0.365205914 0.102563426 0.925259590 22.357088089
0.926993191 -0.004793066 -0.375047565 -6.231772900 -0.032059364 0.995246470 -0.091959260 -1.261057138 0.373705566 0.097269401 0.922433078 23.100173950
0.923646331 -0.001171017 -0.383243978 -6.561686039 -0.034667838 0.995640278 -0.086594276 -1.346272230 0.381674498 0.093268745 0.919578910 23.845729828
0.920115530 0.002432443 -0.391639471 -6.894105434 -0.037845783 0.995853245 -0.082729489 -1.421848536 0.389814168 0.090942591 0.916392028 24.595863342
0.916357636 0.003975634 -0.400341034 -7.242691040 -0.039729167 0.995918095 -0.081047721 -1.494882464 0.398384631 0.090173915 0.912775099 25.349071503
0.912184179 0.003194747 -0.409767866 -7.585912228 -0.039428771 0.996014178 -0.080006979 -1.569093585 0.407878965 0.089137748 0.908674419 26.091533661
0.908468246 0.003552092 -0.417938769 -7.954996586 -0.040033139 0.996105731 -0.078553572 -1.640547514 0.416032165 0.088094816 0.905072689 26.862512589
0.904405892 0.003980252 -0.426654547 -8.342721939 -0.040631119 0.996215582 -0.076834619 -1.708672762 0.424734086 0.086825125 0.901145041 27.656793594
0.900633633 0.003225389 -0.434567213 -8.719161987 -0.039582670 0.996424675 -0.074638903 -1.778841257 0.432772785 0.084423646 0.897541285 28.420681000
0.896922946 0.003525072 -0.442172945 -9.118382454 -0.038737170 0.996750116 -0.070629917 -1.846740127 0.440486997 0.080478124 0.894144535 29.216464996
0.893202841 0.006446128 -0.449607700 -9.533438683 -0.039868884 0.997094393 -0.064909033 -1.915935040 0.447882891 0.075902276 0.890864551 30.001556396
0.889347613 0.006400920 -0.457186759 -9.955067635 -0.038451653 0.997406960 -0.060834147 -1.978061318 0.455611825 0.071682282 0.887287736 30.811279297
0.885703444 0.005414737 -0.464219779 -10.385242462 -0.036946323 0.997582555 -0.058855396 -2.040141106 0.462778866 0.069279641 0.883762419 31.611936569
0.882461190 0.005412646 -0.470354080 -10.828348160 -0.036904633 0.997648239 -0.057758603 -2.102730751 0.468935281 0.068327971 0.880585611 32.434024811
0.879322290 0.005892924 -0.476190746 -11.285445213 -0.036818724 0.997771800 -0.055641007 -2.161545038 0.474801809 0.066459112 0.877579868 33.264270782
0.876167476 0.003320468 -0.481995195 -11.743481636 -0.033644553 0.997958541 -0.054283880 -2.215153456 0.480831027 0.063778289 0.874490619 34.100582123
0.873734057 0.002779269 -0.486395806 -12.239879608 -0.033214319 0.997990429 -0.053961828 -2.279986858 0.485268354 0.063303605 0.872070670 34.948780060
0.871335149 0.001132705 -0.490686983 -12.696165085 -0.032166328 0.997978270 -0.054815467 -2.332731485 0.489632845 0.063546233 0.869610012 35.785400391
0.870064020 0.001530673 -0.492936313 -13.199345589 -0.032880124 0.997948349 -0.054936677 -2.394050598 0.491840839 0.064006232 0.868329287 36.650066376
0.869629443 0.001966647 -0.493700892 -13.707489014 -0.033204854 0.997960806 -0.054513339 -2.450257778 0.492587000 0.063799679 0.867921412 37.513401031
0.869436204 0.002015586 -0.494041175 -14.213412285 -0.031927072 0.998130679 -0.052114546 -2.518727303 0.493012577 0.061083563 0.867875218 38.404312134
0.869089127 0.000896565 -0.494654685 -14.734299660 -0.030685784 0.998170078 -0.052104540 -2.576814413 0.493702769 0.060462356 0.867526293 39.285331726
0.868570030 -0.001204235 -0.495564878 -15.259632111 -0.028512767 0.998219013 -0.052399650 -2.642018080 0.494745404 0.059642695 0.866988897 40.195251465
0.867402315 -0.003788776 -0.497592926 -15.784071922 -0.026083218 0.998250127 -0.053069055 -2.702834845 0.496923268 0.059011053 0.865785658 41.106906891
0.865834475 -0.004132629 -0.500313401 -16.327171326 -0.024662815 0.998397827 -0.050927926 -2.765035391 0.499722242 0.056434296 0.864345312 42.043006897
0.863749921 -0.003272046 -0.503910065 -16.871030807 -0.023786245 0.998599529 -0.047256120 -2.824508429 0.503359020 0.052803591 0.862462461 42.960174561
0.861216187 -0.003066821 -0.508229613 -17.427553177 -0.021973500 0.998822093 -0.043262225 -2.885426283 0.507763624 0.048425712 0.860134304 43.878437042
0.857285380 -0.003407387 -0.514830112 -17.995779037 -0.020682942 0.998942912 -0.041052319 -2.951513529 0.514425755 0.045841761 0.856308758 44.798271179
0.852139533 -0.006054490 -0.523279548 -18.573156357 -0.019601213 0.998862267 -0.043476887 -3.010891676 0.522947490 0.047305286 0.851051211 45.720104218
0.846338928 -0.010206199 -0.532546937 -19.139352798 -0.017446214 0.998748839 -0.046866935 -3.066334486 0.532359004 0.048956234 0.845101833 46.609653473
0.840176821 -0.009755785 -0.542224705 -19.720140457 -0.017954301 0.998789728 -0.045790538 -3.131768703 0.542015135 0.048207421 0.838984847 47.487968445
0.834363759 -0.006451281 -0.551176429 -20.317699432 -0.018882213 0.999010146 -0.040276635 -3.191469193 0.550890625 0.044012796 0.833416104 48.378124237
0.829312801 -0.001284592 -0.558783174 -20.935192108 -0.022562662 0.999104798 -0.035783011 -3.248135090 0.558328986 0.042282946 0.828541458 49.263366699
0.825512290 -0.001581142 -0.564382076 -21.556888580 -0.023611115 0.999023855 -0.037334401 -3.302207708 0.563890040 0.044145688 0.824669003 50.134582520
0.821936965 -0.003960681 -0.569564700 -22.170854568 -0.023626808 0.998878062 -0.041041840 -3.364211559 0.569088101 0.047190804 0.820921123 51.027107239
0.819149077 -0.005679213 -0.573552489 -22.808834076 -0.026916370 0.998468697 -0.048328687 -3.417190790 0.572948635 0.055026349 0.817741930 51.892791748
0.815651000 -0.007372423 -0.578497171 -23.434005737 -0.026328225 0.998409927 -0.049845267 -3.478634596 0.577944696 0.055887155 0.814159989 52.780960083
0.812734723 -0.005419846 -0.582608759 -24.084569931 -0.026103394 0.998613954 -0.045703862 -3.541831732 0.582048893 0.052353185 0.811466634 53.651794434
0.809570670 -0.002867846 -0.587015450 -24.724832535 -0.025764419 0.998850822 -0.040412340 -3.600872040 0.586456776 0.047840759 0.808566391 54.524864197
0.806297123 -0.001039662 -0.591509819 -25.359697342 -0.026129834 0.998959661 -0.037373833 -3.656584263 0.590933263 0.045590464 0.805431068 55.392200470
0.803552866 -0.000289722 -0.595233321 -26.023403168 -0.027769918 0.998892665 -0.037975028 -3.707152843 0.594585240 0.047044512 0.802655101 56.264766693
0.800036132 -0.001747242 -0.599949300 -26.678977966 -0.027598385 0.998829961 -0.039711520 -3.759080648 0.599316776 0.048328280 0.799051821 57.129920959
0.796022117 -0.004384028 -0.605251670 -27.350788116 -0.026647754 0.998750269 -0.042281166 -3.819772720 0.604680777 0.049785335 0.794910491 58.002231598
0.792031527 -0.004948920 -0.610460162 -27.995338440 -0.026564473 0.998740554 -0.042562310 -3.873087883 0.609901965 0.049927235 0.790902555 58.793434143
0.787651002 -0.005019812 -0.616101146 -28.671331406 -0.026151426 0.998793244 -0.041571017 -3.930994749 0.615566313 0.048855387 0.786569238 59.639636993
0.783253908 -0.004214304 -0.621687770 -29.354402542 -0.026936736 0.998807907 -0.040707868 -3.989336729 0.621118248 0.048630830 0.782206655 60.455612183
0.777853966 -0.005522460 -0.628420770 -30.047023773 -0.026721234 0.998766422 -0.041852307 -4.047172546 0.627876818 0.049347159 0.776746869 61.308944702
0.772445917 -0.007055723 -0.635041296 -30.743240356 -0.026066519 0.998743415 -0.042803254 -4.103988171 0.634545386 0.049616504 0.771291375 62.149917603
0.766759336 -0.008554844 -0.641877651 -31.439170837 -0.024963161 0.998757422 -0.043131191 -4.168808460 0.641449213 0.049094535 0.765593052 62.988315582
0.761201978 -0.010241527 -0.648433983 -32.162921906 -0.024990654 0.998669446 -0.045109957 -4.218523979 0.648033202 0.050542582 0.759933174 63.820034027
0.755337894 -0.011228293 -0.655239284 -32.880184174 -0.024398748 0.998678088 -0.045239575 -4.290474892 0.654881239 0.050158180 0.754065514 64.634483337
0.749106705 -0.012431910 -0.662332654 -33.613765717 -0.023259202 0.998713851 -0.045052193 -4.351655960 0.662040949 0.049154237 0.747854054 65.462837219
0.742649019 -0.011888708 -0.669575214 -34.355632782 -0.023144515 0.998789430 -0.043404490 -4.416622162 0.669280648 0.047731299 0.741474926 66.287544250
0.736078024 -0.012476233 -0.676781654 -35.115875244 -0.022325238 0.998838663 -0.042694509 -4.472922325 0.676528454 0.046535801 0.734944701 67.114807129
0.729845762 -0.014265561 -0.683462977 -35.881263733 -0.020938773 0.998846591 -0.043208167 -4.540013790 0.683291078 0.045846168 0.728705287 67.908027649
0.723231316 -0.016419062 -0.690410674 -36.658031464 -0.020059621 0.998796046 -0.044766169 -4.598148346 0.690314531 0.046225663 0.722031236 68.722846985
0.717314839 -0.015754495 -0.696570992 -37.463092804 -0.021367827 0.998776793 -0.044593699 -4.654520988 0.696421444 0.046871930 0.716100693 69.530456543
0.711948097 -0.015273456 -0.702066004 -38.270015717 -0.021268208 0.998835862 -0.043297254 -4.716357231 0.701909959 0.045757085 0.710794389 70.338867188
0.707370460 -0.014365658 -0.706696928 -39.097156525 -0.023277692 0.998777747 -0.043602914 -4.777727604 0.706459641 0.047293693 0.706171453 71.131240845
0.702721536 -0.015249387 -0.711301565 -39.917839050 -0.023022696 0.998759270 -0.044157092 -4.844902515 0.711092472 0.047406219 0.701498508 71.927543640
0.697728992 -0.017043484 -0.716158986 -40.747547150 -0.023950275 0.998603046 -0.047099143 -4.905052662 0.715961397 0.050014645 0.696346104 72.717178345
0.692673028 -0.020081228 -0.720972121 -41.603500366 -0.022305079 0.998537719 -0.049241837 -4.969673634 0.720906794 0.050189834 0.691212296 73.520912170
0.687508941 -0.020919628 -0.725874484 -42.445590973 -0.022614183 0.998483360 -0.050195120 -5.031665325 0.725823700 0.050924651 0.685993314 74.312080383
0.682536125 -0.020091565 -0.730575562 -43.304191589 -0.022420341 0.998575985 -0.048407920 -5.103353500 0.730507910 0.049419913 0.681113660 75.108268738
0.677365005 -0.020138551 -0.735371411 -44.177181244 -0.022028662 0.998621643 -0.047638841 -5.169322014 0.735317230 0.048468128 0.675987720 75.903739929
0.672203124 -0.021170123 -0.740064025 -45.051628113 -0.021375252 0.998619497 -0.047981530 -5.239374638 0.740058124 0.048072394 0.670822620 76.692604065
0.667711377 -0.022472890 -0.744080961 -45.925323486 -0.020297244 0.998623013 -0.048374634 -5.302698612 0.744143486 0.047403090 0.666335821 77.467086792
0.663212061 -0.022857141 -0.748082399 -46.810882568 -0.019780573 0.998649001 -0.048049487 -5.370744705 0.748170078 0.046664502 0.661863983 78.243927002
0.659430087 -0.023396855 -0.751401722 -47.707904816 -0.018587582 0.998702466 -0.047409669 -5.444028378 0.751536131 0.045230106 0.658139586 79.021507263
0.655107975 -0.026580602 -0.755067468 -48.592945099 -0.015948426 0.998671770 -0.048993282 -5.509919643 0.755366802 0.044138037 0.653814018 79.789924622
0.651002169 -0.030932620 -0.758445203 -49.499263763 -0.013194848 0.998557210 -0.052051041 -5.579663754 0.758961082 0.043892916 0.649654865 80.558036804
0.646160364 -0.035394762 -0.762380481 -50.426097870 -0.009275095 0.998486042 -0.054217499 -5.641685486 0.763145328 0.042104352 0.644853830 81.336265564
0.638995528 -0.038553324 -0.768243730 -51.350227356 -0.004643722 0.998531580 -0.053972494 -5.718033314 0.769196451 0.038055688 0.637878239 82.119178772
0.631220579 -0.042669747 -0.774428666 -52.271385193 0.000488119 0.998507142 -0.054618262 -5.793217659 0.775603116 0.034098156 0.630299211 82.860122681
0.622424304 -0.043312240 -0.781480551 -53.222690582 0.003151158 0.998598218 -0.052835826 -5.873512745 0.782673538 0.030423738 0.621688426 83.604026794
0.613349140 -0.041869059 -0.788701355 -54.177082062 0.003620200 0.998732567 -0.050203457 -5.945863247 0.789803624 0.027936991 0.612723231 84.345085144
0.604722679 -0.041921172 -0.795332074 -55.154354095 0.003226232 0.998734534 -0.050189279 -6.017902851 0.796429634 0.027784672 0.604092598 85.077491760
0.595477700 -0.043432985 -0.802196920 -56.131748199 0.002661001 0.998638630 -0.052093554 -6.090607166 0.803367436 0.028885903 0.594782591 85.776527405
0.585887313 -0.045529477 -0.809112608 -57.140403748 0.002957111 0.998534024 -0.054047111 -6.165361404 0.810387194 0.029272879 0.585162938 86.475196838
0.576234519 -0.047460075 -0.815905213 -58.166530609 0.003460601 0.998445153 -0.055634119 -6.236703873 0.817277074 0.029234774 0.575502872 87.192695618
0.565711796 -0.047788765 -0.823217154 -59.188930511 0.006712245 0.998553157 -0.053354602 -6.326026917 0.824575782 0.024657693 0.565213978 87.916923523
0.555020571 -0.048116598 -0.830443859 -60.233776093 0.007667644 0.998579144 -0.052733887 -6.401723385 0.831801295 0.022900842 0.554600894 88.624000549
0.545200944 -0.048745085 -0.836887002 -61.284618378 0.008251055 0.998571634 -0.052787263 -6.482143402 0.838264763 0.021874467 0.544824421 89.294235229
0.534305871 -0.049671788 -0.843830466 -62.363571167 0.007696266 0.998516440 -0.053904109 -6.562351704 0.845256209 0.022306940 0.533895493 89.981178284
0.524926841 -0.050441459 -0.849651337 -63.446079254 0.006456491 0.998449802 -0.055286285 -6.638583660 0.851122797 0.023535494 0.524438858 90.613533020
0.515213609 -0.051289994 -0.855525672 -64.522140503 0.006052030 0.998400629 -0.056210909 -6.725696564 0.857040465 0.023782959 0.514700115 91.254081726
0.505356550 -0.051650353 -0.861363471 -65.618698120 0.005143357 0.998369634 -0.056848146 -6.802518368 0.862895370 0.024298282 0.504798353 91.894783020
0.496906817 -0.049331348 -0.866400540 -66.738861084 0.003972474 0.998501778 -0.054574631 -6.889190674 0.867794752 0.023676751 0.496358305 92.524810791
0.488837272 -0.047771465 -0.871066034 -67.846275330 0.004364749 0.998620987 -0.052317433 -6.969675064 0.872364044 0.021772726 0.488371700 93.148269653
0.481278121 -0.047750436 -0.875266373 -68.958427429 0.004214868 0.998629749 -0.052162956 -7.054134369 0.876557827 0.021415757 0.480819881 93.751754761
0.473406613 -0.050966743 -0.879368305 -70.058471680 0.005947449 0.998486757 -0.054668866 -7.127497673 0.880823910 0.020650603 0.472993404 94.350929260
0.466688305 -0.054219414 -0.882758379 -71.189163208 0.008658133 0.998351395 -0.056741890 -7.213665962 0.884379447 0.018837739 0.466388345 94.942092896
0.460420668 -0.057065040 -0.885864794 -72.329010010 0.010213340 0.998206139 -0.058993481 -7.307201862 0.887642086 0.018114174 0.460177511 95.536918640
0.454945296 -0.060430057 -0.888466656 -73.472488403 0.012286759 0.998025954 -0.061590333 -7.402954102 0.890434623 0.017103855 0.454789639 96.123016357
0.450201750 -0.061376791 -0.890814960 -74.613105774 0.015348089 0.998019278 -0.061006490 -7.498481750 0.892794967 0.013792922 0.450252086 96.696838379
0.446004480 -0.059089724 -0.893078029 -75.758842468 0.017065512 0.998198211 -0.057522379 -7.587714195 0.894867957 0.010414407 0.446209341 97.269157410
0.442501396 -0.056945063 -0.894957960 -76.894172668 0.020265481 0.998361826 -0.053504504 -7.684355736 0.896538854 0.005539069 0.442930609 97.820648193
0.439096302 -0.056435708 -0.896665752 -78.023162842 0.020985829 0.998397112 -0.052561894 -7.764440536 0.898194849 0.004262462 0.439576864 98.376632690
0.436515063 -0.056493104 -0.897921622 -79.148284912 0.022808583 0.998400807 -0.051726639 -7.845516205 0.899407804 0.002099143 0.437105536 98.918235779
0.434904397 -0.054828193 -0.898805916 -80.268661499 0.023345290 0.998495638 -0.049613316 -7.938843727 0.900173962 0.000594170 0.435530126 99.435760498
0.431987137 -0.053950462 -0.900264621 -81.388557434 0.025645154 0.998540282 -0.047534179 -8.018041611 0.901515067 -0.002553276 0.432740211 99.980010986
0.429717451 -0.055341292 -0.901265919 -82.512519836 0.028073942 0.998456359 -0.047923714 -8.090909004 0.902526915 -0.004708435 0.430607855 100.518966675
0.427850842 -0.055221900 -0.902160823 -83.589393616 0.029464887 0.998453498 -0.047142286 -8.170295715 0.903368950 -0.006412198 0.428816289 101.034812927
0.425629228 -0.054508522 -0.903254449 -84.688278198 0.032790147 0.998457551 -0.044802446 -8.242052078 0.904303372 -0.010548614 0.426760048 101.560890198
0.423324168 -0.054293510 -0.904349923 -85.774543762 0.035023939 0.998437107 -0.043547511 -8.310944557 0.905301034 -0.013239190 0.424564213 102.071540833
0.421889722 -0.056360655 -0.904893637 -86.873023987 0.037461139 0.998297274 -0.044712678 -8.375620842 0.905872941 -0.015034532 0.423282713 102.580802917
0.420537353 -0.057067294 -0.905478716 -87.925071716 0.039094083 0.998232663 -0.044756342 -8.454909325 0.906432569 -0.016577139 0.422025114 103.073760986
0.419855148 -0.057695299 -0.905755460 -88.984199524 0.038683392 0.998208106 -0.045653041 -8.532722473 0.906766355 -0.015870027 0.421334654 103.563545227
0.420360714 -0.058840159 -0.905447185 -90.028694153 0.038028412 0.998160839 -0.047210146 -8.602770805 0.906559825 -0.014587429 0.421825141 104.054214478
0.422910333 -0.058738645 -0.904265821 -91.060363770 0.036297664 0.998194098 -0.047864158 -8.675169945 0.905444264 -0.012580497 0.424278677 104.524177551
0.427530766 -0.058659304 -0.902095675 -92.092117310 0.033898532 0.998230994 -0.048845008 -8.750124931 0.903365016 -0.009696979 0.428762913 105.004791260
0.432825029 -0.059054885 -0.899541557 -93.125099182 0.032459602 0.998225868 -0.049915187 -8.827833176 0.900893390 -0.007594220 0.433973998 105.485671997
0.438953757 -0.058890197 -0.896577716 -94.151702881 0.031858277 0.998242378 -0.049970444 -8.902830124 0.897944689 -0.006628712 0.440058351 105.979896545
0.445750087 -0.058003861 -0.893276155 -95.153854370 0.030626329 0.998302341 -0.049540896 -8.970584869 0.894633412 -0.005274912 0.446769804 106.480491638
0.454221666 -0.056106422 -0.889120281 -96.153373718 0.029402150 0.998415291 -0.047982730 -9.047436714 0.890403390 -0.004347254 0.455151498 106.972290039
0.463150829 -0.055669051 -0.884529412 -97.132965088 0.028594101 0.998444319 -0.047866214 -9.119147301 0.885818124 -0.003123046 0.464022160 107.475135803
0.472784460 -0.055260386 -0.879443705 -98.113891602 0.027431659 0.998470962 -0.047992416 -9.183815956 0.880751073 -0.001434529 0.473577410 107.992889404
0.482080966 -0.055843815 -0.874345183 -99.082702637 0.026519505 0.998439312 -0.049147777 -9.260258675 0.875725210 0.000506006 0.482809573 108.530960083
0.492456824 -0.057724956 -0.868420482 -100.060371399 0.025232133 0.998325586 -0.052051477 -9.324607849 0.869971037 0.003721002 0.493088752 109.074554443
0.504050732 -0.058729343 -0.861674964 -101.012840271 0.023361402 0.998247385 -0.054372109 -9.393864632 0.863357961 0.007276365 0.504539430 109.621482849
0.516295433 -0.057121549 -0.854503453 -101.951721191 0.021350959 0.998321593 -0.053835090 -9.467560768 0.856144369 0.009550341 0.516648471 110.186050415
0.529265344 -0.055245992 -0.846655786 -102.870742798 0.020234646 0.998415947 -0.052499473 -9.527953148 0.848215044 0.010654365 0.529544771 110.745552063
0.542240202 -0.050819464 -0.838685155 -103.810882568 0.017774295 0.998639643 -0.049020048 -9.624185562 0.840035379 0.011673610 0.542405903 111.333206177
0.554233432 -0.050539382 -0.830825508 -104.721145630 0.018197177 0.998652101 -0.048609212 -9.690260887 0.832162321 0.011822176 0.554406047 111.926902771
0.565527976 -0.049602412 -0.823236108 -105.606719971 0.017251512 0.998682797 -0.048322540 -9.773303032 0.824548662 0.013125689 0.565638840 112.537612915
0.576807380 -0.051407695 -0.815260887 -106.467025757 0.018052422 0.998576283 -0.050194643 -9.836100578 0.816680729 0.014235209 0.576914370 113.138290405
0.587907970 -0.052900851 -0.807196140 -107.315513611 0.020419981 0.998511910 -0.050566468 -9.909432411 0.808670044 0.013245500 0.588113427 113.750617981
0.598611653 -0.053062219 -0.799279928 -108.172286987 0.020820919 0.998497128 -0.050694168 -9.980175972 0.800768793 0.013704381 0.598816991 114.389251709
0.608587146 -0.050342359 -0.791888416 -108.986099243 0.019455343 0.998632014 -0.048533633 -10.050589561 0.793248475 0.014130482 0.608734071 115.020805359
0.618464172 -0.047466464 -0.784378052 -109.789924622 0.019280791 0.998790145 -0.045239087 -10.113645554 0.785576403 0.012855326 0.618631124 115.654937744
0.628637314 -0.046474300 -0.776308656 -110.586158752 0.018531978 0.998824596 -0.044788595 -10.171958923 0.777477741 0.013769250 0.628759742 116.285789490
0.638813853 -0.046036389 -0.767982721 -111.367889404 0.017538147 0.998820126 -0.045285467 -10.246818542 0.769161403 0.015459985 0.638867557 116.925422668
0.648393750 -0.045671277 -0.759933949 -112.130950928 0.015828485 0.998791933 -0.046521157 -10.305680275 0.761140585 0.018135421 0.648333371 117.565696716
0.657876194 -0.045539726 -0.751747847 -112.890686035 0.015771206 0.998784363 -0.046702970 -10.362318993 0.752960861 0.018868808 0.657794774 118.211883545
0.666594565 -0.042981874 -0.744180202 -113.616607666 0.014993398 0.998907328 -0.044263996 -10.430118561 0.745269656 0.018348347 0.666510701 118.879951477
0.675508797 -0.042133708 -0.736147165 -114.333084106 0.016284086 0.998975039 -0.042234052 -10.481643677 0.737172067 0.016541991 0.675502539 119.528572083
0.683464527 -0.041579943 -0.728798687 -115.037452698 0.016548818 0.999002397 -0.041476388 -10.539194107 0.729796171 0.016286885 0.683470786 120.192192078
0.691389561 -0.040513389 -0.721345425 -115.728187561 0.015236449 0.999022186 -0.041505005 -10.594189644 0.722321510 0.017705387 0.691330671 120.842033386
0.698794663 -0.039701384 -0.714219689 -116.402046204 0.014747487 0.999045968 -0.041105058 -10.643524170 0.715170264 0.018191049 0.698713541 121.500923157
0.705686510 -0.037349254 -0.707539022 -117.070190430 0.014027680 0.999150336 -0.038751747 -10.690292358 0.708385289 0.017421456 0.705610871 122.170219421
0.713029683 -0.034256142 -0.700296462 -117.728874207 0.012759500 0.999274254 -0.035889629 -10.744197845 0.701017737 0.016654938 0.712949395 122.836090088
0.720689297 -0.032454025 -0.692497969 -118.363426208 0.011669299 0.999329984 -0.034689400 -10.796412468 0.693159878 0.016919315 0.720585346 123.489471436
0.727875590 -0.031725723 -0.684974909 -118.989051819 0.010889446 0.999337912 -0.034714498 -10.840250969 0.685622752 0.017808838 0.727739215 124.162399292
0.736131072 -0.028640477 -0.676232755 -119.602218628 0.008403541 0.999414027 -0.033180270 -10.890157700 0.676786840 0.018742280 0.735940456 124.806533813
0.745017350 -0.026005188 -0.666538000 -120.194114685 0.007740923 0.999509454 -0.030343819 -10.930020332 0.667000175 0.017447049 0.744853258 125.467773438
0.754390359 -0.021655791 -0.656068802 -120.779647827 0.005374554 0.999625921 -0.026816057 -10.979092598 0.656404078 0.016703701 0.754224539 126.133720398
0.764265120 -0.019535730 -0.644606292 -121.342247009 0.003483469 0.999651492 -0.026165785 -11.016023636 0.644892871 0.017752131 0.764066815 126.797012329
0.774297714 -0.018663885 -0.632546246 -121.882881165 0.001982483 0.999631584 -0.027068345 -11.056375504 0.632818401 0.019704942 0.774049461 127.449600220
0.783966959 -0.019705320 -0.620489597 -122.412078857 0.002112362 0.999575019 -0.029075300 -11.092912674 0.620798886 0.021483377 0.783675432 128.119934082
0.793801248 -0.018641092 -0.607891500 -122.933227539 0.001676424 0.999593437 -0.028463569 -11.130538940 0.608174920 0.021575335 0.793509781 128.803863525
0.803832829 -0.017117532 -0.594608903 -123.442222595 0.001286467 0.999633491 -0.027038207 -11.165842056 0.594853878 0.020969253 0.803560317 129.492233276
0.813736916 -0.014731199 -0.581046700 -123.932823181 0.000844432 0.999707639 -0.024162861 -11.201294899 0.581232786 0.019171556 0.813511550 130.183532715
0.823396444 -0.013150091 -0.567314088 -124.425384521 0.000922724 0.999761164 -0.021834785 -11.234778404 0.567465663 0.017455211 0.823211968 130.881011963
0.832217872 -0.011487183 -0.554329753 -124.895889282 0.001228899 0.999821007 -0.018873999 -11.272565842 0.554447353 0.015026061 0.832083166 131.601745605
0.840242922 -0.010878341 -0.542100966 -125.358337402 0.002013386 0.999854505 -0.016943377 -11.294013977 0.542206347 0.013145095 0.840142488 132.317703247
0.847432017 -0.011476890 -0.530779898 -125.791580200 0.003654576 0.999868691 -0.015785037 -11.317387581 0.530891359 0.011436969 0.847362638 133.025848389
0.853923559 -0.011419117 -0.520273030 -126.230201721 0.003834459 0.999870241 -0.015651971 -11.334029198 0.520384252 0.011370622 0.853856444 133.747833252
0.860481024 -0.010517524 -0.509374022 -126.664772034 0.003011501 0.999874413 -0.015558045 -11.368531227 0.509473681 0.011853419 0.860404551 134.480773926
0.867039740 -0.008391591 -0.498168319 -127.090583801 0.001225109 0.999890983 -0.014710805 -11.391998291 0.498237491 0.012144544 0.866955519 135.221221924
0.873105347 -0.007084990 -0.487480193 -127.504684448 0.000044222 0.999895513 -0.014453181 -11.412719727 0.487531692 0.012597592 0.873014390 135.968826294
0.878844678 -0.007822507 -0.477044016 -127.916313171 0.001053352 0.999894917 -0.014455589 -11.440485001 0.477107018 0.012201721 0.878760457 136.722656250
0.883849621 -0.009291031 -0.467678934 -128.311584473 0.002260521 0.999875903 -0.015591718 -11.463143349 0.467765689 0.012723536 0.883760929 137.488754272
0.888118804 -0.009613105 -0.459513366 -128.703979492 0.002405174 0.999864757 -0.016268784 -11.481492043 0.459607631 0.013343404 0.888021827 138.255004883
0.891471028 -0.008888932 -0.452990443 -129.101806641 0.002119659 0.999878347 -0.015448969 -11.508916855 0.453072697 0.012812127 0.891381502 139.043441772
0.894707620 -0.007092335 -0.446596235 -129.502380371 0.001757481 0.999922156 -0.012358702 -11.525802612 0.446649045 0.010272541 0.894650280 139.835861206
0.897829890 -0.002926046 -0.440332979 -129.907485962 -0.000636943 0.999968231 -0.007943576 -11.548580170 0.440342307 0.007412446 0.897799373 140.642333984
0.901166201 -0.000233427 -0.433473587 -130.303207397 -0.002193791 0.999984503 -0.005099257 -11.566588402 0.433468103 0.005546229 0.901151896 141.457931519
0.904217541 0.002505112 -0.427064776 -130.698379517 -0.004167672 0.999986887 -0.002958342 -11.578448296 0.427051872 0.004454850 0.904216111 142.288360596
0.907524347 0.004303997 -0.419977427 -131.100036621 -0.005111445 0.999986589 -0.000797235 -11.587909698 0.419968396 0.002870201 0.907534122 143.136398315
0.910561681 0.005449123 -0.413337231 -131.484222412 -0.005125324 0.999985099 0.001892202 -11.595170021 0.413341403 0.000395521 0.910576046 143.989669800
0.913852215 0.005226782 -0.406013310 -131.864273071 -0.004096095 0.999984980 0.003653765 -11.602110863 0.406026334 -0.001675933 0.913859844 144.853530884
0.917555094 0.004901695 -0.397578448 -132.277191162 -0.003324299 0.999983549 0.004656660 -11.609071732 0.397594780 -0.002951073 0.917556345 145.769195557
0.921283662 0.004620557 -0.388863832 -132.664901733 -0.003051691 0.999984503 0.004652047 -11.615253448 0.388879329 -0.003099163 0.921283484 146.678405762
0.924969316 0.001449771 -0.380038917 -133.041183472 -0.000059802 0.999993265 0.003669223 -11.613652229 0.380041659 -0.003371192 0.924963236 147.599258423
0.928629160 0.000142802 -0.371009409 -133.401962280 0.000878076 0.999996305 0.002582707 -11.621977806 0.371008396 -0.002724151 0.928625524 148.536743164
0.933002234 -0.000843123 -0.359869689 -133.738265991 0.001070370 0.999999285 0.000432198 -11.630854607 0.359869063 -0.000788435 0.933002591 149.465026855
0.938303888 0.001229547 -0.345809877 -134.107757568 -0.001451465 0.999998868 -0.000382783 -11.636309624 0.345808953 0.000861098 0.938304543 150.432586670
0.943923295 0.004885033 -0.330128640 -134.447830200 -0.004995643 0.999987304 0.000513337 -11.641407013 0.330126941 0.001164654 0.943935812 151.421905518
0.950248837 0.007967714 -0.311390013 -134.785568237 -0.007302088 0.999967813 0.003303438 -11.646310806 0.311406344 -0.000865290 0.950276434 152.427993774
0.956429482 0.010944768 -0.291758597 -135.096023560 -0.009948151 0.999938488 0.004899235 -11.658322334 0.291794300 -0.001783315 0.956479430 153.438705444
0.962684870 0.012574328 -0.270332724 -135.401199341 -0.011492279 0.999918401 0.005585189 -11.662498474 0.270380914 -0.002270038 0.962750733 154.485443115
0.968441069 0.014340664 -0.248829573 -135.681335449 -0.012982059 0.999890506 0.007100175 -11.673936844 0.248904169 -0.003645780 0.968521237 155.544708252
0.973737061 0.014246927 -0.227229342 -135.936096191 -0.012476904 0.999879599 0.009224112 -11.665153503 0.227333367 -0.006146740 0.973797560 156.626663208
0.978604257 0.017926391 -0.204969183 -136.173263550 -0.015572097 0.999792993 0.013093474 -11.680891037 0.205161452 -0.009621530 0.978680849 157.706939697
0.983007133 0.020009043 -0.182473853 -136.386306763 -0.017204013 0.999708533 0.016942365 -11.673234940 0.182759658 -0.013515181 0.983064711 158.814346313
0.986870885 0.021981645 -0.160008609 -136.578460693 -0.018961122 0.999612451 0.020379826 -11.671260834 0.160394579 -0.017078312 0.986905217 159.948806763
0.990155339 0.023472562 -0.137990877 -136.734588623 -0.020906216 0.999581039 0.020018151 -11.658305168 0.138402939 -0.016936211 0.990231156 161.087936401
0.992971241 0.022664011 -0.116165593 -136.875015259 -0.020760752 0.999630213 0.017567955 -11.644387245 0.116520792 -0.015032788 0.993074477 162.245315552
0.995241046 0.023338005 -0.094606958 -137.003356934 -0.021861859 0.999623001 0.016609611 -11.638111115 0.094958924 -0.014462287 0.995376110 163.418945312
0.997003853 0.022050034 -0.074142322 -137.086791992 -0.020751061 0.999618292 0.018244924 -11.624454498 0.074516326 -0.016651727 0.997080684 164.609619141
0.998285353 0.022650272 -0.053975351 -137.171157837 -0.021629931 0.999577641 0.019413626 -11.614934921 0.054392274 -0.018212857 0.998353541 165.810867310
0.999162912 0.022943281 -0.033869661 -137.211273193 -0.022257201 0.999542236 0.020496348 -11.604395866 0.034324422 -0.019725347 0.999215961 167.025909424
0.999605596 0.024857495 -0.013067120 -137.238204956 -0.024580205 0.999477863 0.020969387 -11.593343735 0.013581546 -0.020639922 0.999694705 168.230453491
0.999637306 0.025791964 0.007752390 -137.241104126 -0.025951620 0.999437332 0.021252291 -11.582757950 -0.007199886 -0.021445770 0.999744058 169.475112915
0.999201536 0.028290756 0.028211735 -137.213134766 -0.028885657 0.999364018 0.020907218 -11.576918602 -0.027602311 -0.021705439 0.999383271 170.737319946
0.998430610 0.028801629 0.048031911 -137.160736084 -0.029765945 0.999366999 0.019483387 -11.567116737 -0.047440358 -0.020882526 0.998655677 172.000106812
0.997285068 0.029221654 0.067590117 -137.080490112 -0.030429117 0.999393940 0.016904222 -11.557238579 -0.067055196 -0.018915035 0.997569978 173.290893555
0.995757759 0.031802732 0.086342879 -136.974487305 -0.033139024 0.999351323 0.014087278 -11.549101830 -0.085838869 -0.016888835 0.996165872 174.586929321
0.993899941 0.031687975 0.105635375 -136.851287842 -0.033151202 0.999376833 0.012124261 -11.539435387 -0.105185352 -0.015552244 0.994331002 175.875457764
0.991724730 0.031556696 0.124444813 -136.693435669 -0.032912776 0.999418914 0.008855687 -11.541333199 -0.124093041 -0.012878228 0.992186964 177.186187744
0.989023566 0.033868946 0.143824577 -136.535385132 -0.034788150 0.999387205 0.003880498 -11.549322128 -0.143604994 -0.008841296 0.989595592 178.504257202
0.986231863 0.035348751 0.161546066 -136.324783325 -0.035260580 0.999372244 -0.003413629 -11.555001259 -0.161565363 -0.002329578 0.986859262 179.816940308
0.983289301 0.036824651 0.178286672 -136.091506958 -0.035844453 0.999319375 -0.008716988 -11.578612328 -0.178486302 0.002180735 0.983940005 181.122314453
0.979860485 0.039230302 0.195791751 -135.831253052 -0.037377983 0.999214709 -0.013148067 -11.590248108 -0.196153805 0.005564971 0.980557323 182.489471436
0.975827396 0.042417172 0.214386731 -135.574432373 -0.039959844 0.999076664 -0.015784977 -11.632497787 -0.214858308 0.006836553 0.976621330 183.818191528
0.972133338 0.041099299 0.230797842 -135.241790771 -0.038441215 0.999132693 -0.016003912 -11.667219162 -0.231255457 0.006685783 0.972870111 185.159378052
0.968089819 0.040282369 0.247344673 -134.892089844 -0.037322689 0.999164641 -0.016644754 -11.713248253 -0.247808516 0.006882051 0.968784571 186.510955811
0.963558197 0.040583435 0.264402360 -134.542144775 -0.036045413 0.999108076 -0.021994445 -11.748067856 -0.265059143 0.011662440 0.964161634 187.877166748
0.958879113 0.041712258 0.280732810 -134.160079956 -0.035804629 0.999016762 -0.026142091 -11.799712181 -0.281547248 0.015015570 0.959429860 189.224731445
0.953881800 0.043615963 0.296996832 -133.741455078 -0.037440237 0.998948812 -0.026453286 -11.847840309 -0.297838420 0.014113676 0.954511881 190.592681885
0.948152721 0.045891110 0.314484447 -133.311050415 -0.039294805 0.998855054 -0.027286217 -11.900804520 -0.315376580 0.013513895 0.948870361 191.959350586
0.942053080 0.049372979 0.331810713 -132.852340698 -0.041613255 0.998669505 -0.030455302 -11.957203865 -0.332872927 0.014882788 0.942854166 193.329284668
0.935804546 0.050046392 0.348948687 -132.362289429 -0.040480223 0.998579085 -0.034657545 -12.020298958 -0.350187331 0.018307168 0.936500788 194.690628052
0.929205894 0.051033523 0.366021812 -131.839813232 -0.040248260 0.998502851 -0.037042052 -12.083586693 -0.367364198 0.019687949 0.929868698 196.075195312
0.922223926 0.052101325 0.383129627 -131.282882690 -0.038770724 0.998346448 -0.042439647 -12.155757904 -0.384707272 0.024284638 0.922719121 197.445037842
0.913837254 0.055440400 0.402278334 -130.729721069 -0.039199468 0.998053670 -0.048500139 -12.239473343 -0.404184222 0.028552130 0.914231837 198.779617310
0.903913319 0.059091821 0.423614323 -130.123718262 -0.040739510 0.997802317 -0.052257381 -12.330574036 -0.425771445 0.029978301 0.904334009 200.137222290
0.892223954 0.061958201 0.447322726 -129.501785278 -0.042432372 0.997663200 -0.053550240 -12.428643227 -0.449595302 0.028797833 0.892768025 201.458786011
