1.000000000 0.000000000 0.000000000 0.000000000 0.000000000 1.000000000 0.000000000 0.000000000 0.000000000 0.000000000 1.000000000 0.000000000
0.999873519 0.001506516 0.015833085 0.010573993 -0.001491044 0.999998391 -0.000988958 -0.002315649 -0.015834551 0.000965225 0.999874175 0.128200635
0.999293208 0.004321124 0.037341315 0.027596559 -0.004307325 0.999990642 -0.000449968 -0.003448166 -0.037342910 0.000288809 0.999302447 0.274386466
0.997894704 0.005990058 0.064577915 0.056158990 -0.006063403 0.999981165 0.000939829 -0.004082892 -0.064571068 -0.001329412 0.997912228 0.436754435
0.995118916 0.005780645 0.098512918 0.103609174 -0.006123736 0.999976158 0.003180676 -0.002336510 -0.098492198 -0.003768418 0.995130718 0.613887191
0.990615845 0.002608013 0.136650696 0.163736328 -0.003360929 0.999980330 0.005279358 -0.003977987 -0.136634290 -0.005689089 0.990605235 0.798743546
0.984344244 -0.000352315 0.176256493 0.238609686 -0.000597287 0.999985576 0.005334531 -0.001183659 -0.176255882 -0.005356291 0.984329820 0.996623456
0.975522995 -0.000236668 0.219897151 0.319991261 -0.001202720 0.999978721 0.006411835 0.004980278 -0.219894022 -0.006519367 0.975502014 1.204390764
0.963455439 -0.000249833 0.267868280 0.415750414 -0.002374549 0.999952257 0.009473289 0.003681333 -0.267857820 -0.009763161 0.963408947 1.409218550
0.948977530 -0.004068263 0.315317392 0.534180224 -0.001189261 0.999863505 0.016479550 0.001840601 -0.315341413 -0.016013719 0.948843181 1.624415398
0.932028651 -0.013619514 0.362128556 0.675643265 0.005066853 0.999685585 0.024556970 -0.004500311 -0.362349153 -0.021052947 0.931804597 1.841210365
0.910608351 -0.018605251 0.412851572 0.830242455 0.007326677 0.999555826 0.028885094 -0.003517770 -0.413205624 -0.023278173 0.910340190 2.061493397
0.885167122 -0.019882159 0.464848280 0.988778532 0.005168956 0.999445081 0.032904793 0.000125316 -0.465244502 -0.026723465 0.884778738 2.280086040
0.856928527 -0.022541655 0.514942110 1.183707952 0.003843239 0.999294817 0.037348621 0.005217468 -0.515420973 -0.030026056 0.856410921 2.499532938
0.824221492 -0.026423022 0.565650761 1.376097560 0.003643054 0.999137461 0.041363951 0.015890025 -0.566255808 -0.032032359 0.823606849 2.716224194
0.788168371 -0.031770840 0.614639103 1.605522990 0.005430023 0.998986840 0.044674803 0.017193928 -0.615435719 -0.031873759 0.787542343 2.924824476
0.749796927 -0.035795361 0.660699129 1.849991322 0.005916243 0.998858392 0.047402084 0.022423208 -0.661641598 -0.031633079 0.749152660 3.134262085
0.709553838 -0.038482714 0.703599632 2.122161388 0.006613386 0.998827338 0.047960564 0.040078145 -0.704620242 -0.029377423 0.708976209 3.347334862
0.667181194 -0.040617041 0.743787229 2.407918692 0.006085756 0.998776197 0.049082614 0.051369399 -0.744870603 -0.028220493 0.666611910 3.559035540
0.624409318 -0.040716793 0.780035317 2.735051870 0.000854215 0.998675466 0.051445723 0.063979641 -0.781096876 -0.031456873 0.623617113 3.776168585
0.582613587 -0.041166298 0.811706066 3.082736969 -0.002014660 0.998640239 0.052092854 0.084079795 -0.812746763 -0.031985324 0.581738532 3.984075308
0.541950703 -0.042434607 0.839338243 3.451921701 -0.003829993 0.998589396 0.052958868 0.103296839 -0.840401530 -0.031915758 0.541023731 4.189923286
0.503364861 -0.044336800 0.862935722 3.852172136 -0.006037729 0.998477876 0.054822721 0.116235241 -0.864052892 -0.032806009 0.502331018 4.388761044
0.465845257 -0.043815684 0.883780777 4.327325344 -0.009109305 0.998482823 0.054303885 0.142233118 -0.884819329 -0.033347838 0.464739323 4.629501343
0.428606629 -0.042925701 0.902470946 4.783541679 -0.010413346 0.998569667 0.052442171 0.163780630 -0.903431177 -0.031874806 0.427546591 4.829237938
0.395056009 -0.041680794 0.917711020 5.275818348 -0.009154796 0.998741925 0.049302023 0.184449837 -0.918611407 -0.027878517 0.394177407 5.008601665
0.366292119 -0.039443221 0.929663599 5.789439201 -0.006889152 0.998958826 0.045097597 0.212267533 -0.930474460 -0.022923490 0.365638971 5.172951221
0.340964019 -0.038296383 0.939296067 6.318757057 -0.005625842 0.999068856 0.042775597 0.224519998 -0.940059483 -0.019869266 0.340431124 5.344332695
0.320728213 -0.037556130 0.946426392 6.890067577 -0.004389131 0.999143839 0.041135475 0.249712050 -0.947161019 -0.017347297 0.320288807 5.521469116
0.306100786 -0.038083542 0.951237023 7.489428520 -0.003349793 0.999150276 0.041079722 0.275757998 -0.951993227 -0.015760984 0.305713117 5.706474781
0.294287980 -0.039647397 0.954894066 8.114602089 -0.002076740 0.999110222 0.042123295 0.297997504 -0.955714643 -0.014379443 0.293943822 5.889797211
0.283850491 -0.040794145 0.958000362 8.765813828 -0.003907793 0.999037147 0.043699458 0.330042303 -0.958860636 -0.016147776 0.283417732 6.068189621
0.272785187 -0.043019589 0.961112797 9.427794456 -0.005118533 0.998920739 0.046164639 0.348488390 -0.962061346 -0.017512515 0.272270620 6.268017769
0.262756139 -0.044722632 0.963825285 10.129201889 -0.006296180 0.998824477 0.048063081 0.376723915 -0.964841783 -0.018697286 0.262165636 6.457505226
0.252252936 -0.046515472 0.966542780 10.838997841 -0.006929486 0.998731494 0.049873069 0.407976180 -0.967636526 -0.019278271 0.251610637 6.643999577
0.242409170 -0.047670394 0.969002306 11.581363678 -0.007232603 0.998675466 0.050939512 0.441452503 -0.970147133 -0.019356614 0.241743371 6.816234589
0.232524186 -0.049175158 0.971346617 12.350363731 -0.007469774 0.998601198 0.052343082 0.473877758 -0.972561836 -0.019426771 0.231831625 6.990923405
0.222183913 -0.051979169 0.973618269 13.125136375 -0.008837640 0.998429477 0.055320576 0.508403778 -0.974964678 -0.020895829 0.221375600 7.165201187
0.210531458 -0.055560622 0.976006925 13.912631035 -0.010398661 0.998199821 0.059067048 0.544533670 -0.977531731 -0.022584634 0.209574729 7.338079453
0.198646396 -0.059745647 0.978248477 14.709514618 -0.011043065 0.997940302 0.063190758 0.578071535 -0.980008900 -0.023355475 0.197577491 7.496091843
0.185827345 -0.062462393 0.980595052 15.486329079 -0.011822899 0.997762978 0.065796457 0.606007040 -0.982511222 -0.023820257 0.184673160 7.640500546
0.171900883 -0.062658764 0.983119428 16.292543411 -0.012655987 0.997752309 0.065804310 0.649377525 -0.985032976 -0.023754168 0.170721501 7.778810978
0.157455847 -0.061558694 0.985605419 17.107109070 -0.013812307 0.997820199 0.064528197 0.690602541 -0.987429440 -0.023773827 0.156262368 7.906334877
0.141548738 -0.060310580 0.988092363 17.926383972 -0.014585620 0.997906983 0.062999099 0.728450358 -0.989823818 -0.023329383 0.140372813 8.010912895
0.120973147 -0.058806308 0.990912318 18.759410858 -0.017405234 0.997964501 0.061349705 0.764290214 -0.992503226 -0.024668727 0.119703367 8.115008354
0.095828488 -0.057194121 0.993753374 19.560241699 -0.021276969 0.998002052 0.059490409 0.804030418 -0.995170414 -0.026844930 0.094420098 8.183578491
0.065404326 -0.056624029 0.996251047 20.401115417 -0.025343161 0.997972369 0.058385655 0.841461062 -0.997537017 -0.029066823 0.063836679 8.233855247
0.032611288 -0.056780696 0.997853994 21.242841721 -0.027909249 0.997943938 0.057697929 0.870911241 -0.999078393 -0.029730957 0.030959528 8.250324249
-0.001558931 -0.055920638 0.998434067 22.098112106 -0.029449815 0.998004675 0.055850610 0.905161798 -0.999565065 -0.029316628 -0.003202672 8.239743233
-0.035660479 -0.054674301 0.997867346 22.915271759 -0.031185446 0.998076975 0.053571329 0.933780730 -0.998877287 -0.029208556 -0.037296947 8.206277847
-0.068874016 -0.053225350 0.996204436 23.747661591 -0.032021381 0.998179138 0.051117014 0.951619923 -0.997111320 -0.028379207 -0.070452943 8.142012596
-0.102006324 -0.050363742 0.993507981 24.598421097 -0.034460817 0.998297095 0.047068316 0.978321075 -0.994186699 -0.029435830 -0.103568181 8.056355476
-0.134197086 -0.046106353 0.989881396 25.438381195 -0.031350344 0.998614550 0.042262983 0.995703280 -0.990458608 -0.025361553 -0.135456592 7.928750515
-0.165512159 -0.040120721 0.985391259 26.256759644 -0.026640574 0.998989463 0.036199667 1.010793328 -0.985847831 -0.020259906 -0.166413754 7.771781921
-0.195369780 -0.033828247 0.980146170 27.077642441 -0.019769123 0.999337733 0.030550098 1.020809293 -0.980530381 -0.013408065 -0.195909172 7.585973740
-0.224205583 -0.028133180 0.974135756 27.903335571 -0.013611995 0.999576092 0.025734989 1.028276443 -0.974446774 -0.007490002 -0.224493518 7.375559807
-0.251717418 -0.022079183 0.967548907 28.717029572 -0.005280269 0.999756277 0.021440428 1.031776071 -0.967786372 0.000288011 -0.251772612 7.139140129
-0.277919054 -0.011827048 0.960531652 29.523290634 0.000753522 0.999921262 0.012530076 1.023903608 -0.960604191 0.004206128 -0.277888179 6.884948254
-0.303319752 0.003624088 0.952881932 30.309152603 0.005115802 0.999984562 -0.002174779 1.009334445 -0.952875018 0.004215102 -0.303333640 6.622779369
-0.328269213 0.020894039 0.944353104 31.084245682 0.006456986 0.999781549 -0.019875878 0.987179577 -0.944562078 -0.000426965 -0.328332484 6.344816685
-0.353262007 0.035700243 0.934843004 31.864421844 0.006523768 0.999341309 -0.035698112 0.956019640 -0.935501695 -0.006512086 -0.353262216 6.040019512
-0.377656519 0.046002861 0.924802244 32.627960205 0.010345316 0.998912394 -0.045464691 0.912595510 -0.925887942 -0.007602666 -0.377721697 5.716022015
-0.400742501 0.050192714 0.914814830 33.379776001 0.013438698 0.998712718 -0.048908975 0.863641202 -0.916092217 -0.007305984 -0.400901198 5.366441250
-0.423761874 0.049869355 0.904399753 34.121154785 0.016985670 0.998745084 -0.047112904 0.813389897 -0.905614257 -0.004602818 -0.424077213 5.024586201
-0.443910778 0.045692932 0.894905269 34.851490021 0.019805411 0.998955429 -0.041181304 0.765299201 -0.895852089 -0.000556858 -0.444352061 4.648377895
-0.462073565 0.044052079 0.885746837 35.577983856 0.027452400 0.998997390 -0.035363242 0.714016676 -0.886416614 0.007975455 -0.462819606 4.257069588
-0.475451231 0.044440623 0.878618956 36.282638550 0.029692227 0.998964846 -0.034460239 0.669231355 -0.879240870 0.009703990 -0.476278603 3.861115456
-0.486941844 0.048527122 0.872085273 36.975543976 0.033538714 0.998757899 -0.036848966 0.622698307 -0.872790217 0.011305314 -0.487964541 3.473104239
-0.496899307 0.050944217 0.866311550 37.663974762 0.034219772 0.998649240 -0.039098661 0.578706682 -0.867133260 0.010216883 -0.497971416 3.072392225
-0.507475734 0.050361939 0.860193014 38.365520477 0.028588731 0.998724997 -0.041606527 0.528435707 -0.861191630 0.003477528 -0.508268476 2.664656401
-0.518525064 0.049071033 0.853653193 39.054176331 0.027968051 0.998790979 -0.040425759 0.484159350 -0.854604900 0.002913249 -0.519270539 2.251748323
-0.527427316 0.050262369 0.848111987 39.726413727 0.030122094 0.998727143 -0.040455945 0.439654201 -0.849066019 0.004209340 -0.528270006 1.832256198
-0.534757853 0.053305849 0.843322277 40.417633057 0.032422081 0.998567760 -0.042559687 0.399583966 -0.844383061 0.004583132 -0.535720229 1.393931627
-0.538241029 0.056134332 0.840919435 41.116382599 0.034404378 0.998411119 -0.044626504 0.348543286 -0.842088461 0.004911494 -0.539317131 0.946954072
-0.538060248 0.058426868 0.840878963 41.822582245 0.034387004 0.998285770 -0.047360476 0.303108752 -0.842204750 0.003432521 -0.539147019 0.497334242
-0.534599304 0.058451019 0.843081892 42.544189453 0.036323052 0.998272657 -0.046177924 0.251609802 -0.844324708 0.005936623 -0.535799026 0.036736682
-0.528709471 0.057480242 0.846854389 43.288570404 0.034849238 0.998333037 -0.046004735 0.200707436 -0.848087251 0.005189090 -0.529831350 -0.423090279
-0.521899343 0.056198265 0.851153731 44.048980713 0.032223046 0.998414040 -0.046163160 0.155379921 -0.852398157 0.003334241 -0.522882581 -0.877623916
-0.514377236 0.055856951 0.855742991 44.822200775 0.030557716 0.998436630 -0.046803106 0.106961988 -0.857019424 0.002075095 -0.515279949 -1.341088533
-0.509295583 0.054508999 0.858863711 45.613983154 0.027768010 0.998513281 -0.046905972 0.054921936 -0.860143602 -0.000040070 -0.510051966 -1.785513639
-0.503974557 0.051862240 0.862160027 46.412212372 0.023285149 0.998648524 -0.046461258 0.003251967 -0.863404572 -0.003339765 -0.504501164 -2.256758690
-0.503147125 0.049298327 0.862793565 47.241809845 0.019068286 0.998761773 -0.045947421 -0.047574341 -0.863990426 -0.006666322 -0.503464162 -2.720152378
-0.503220618 0.046610780 0.862900019 48.075546265 0.015947780 0.998875082 -0.044655349 -0.103176124 -0.864010811 -0.008710149 -0.503397882 -3.198743820
-0.504225552 0.045269713 0.862384617 48.920967102 0.014910487 0.998932540 -0.043719638 -0.161447078 -0.863443196 -0.009185983 -0.504362345 -3.685323954
-0.504838407 0.044666532 0.862057388 49.787277222 0.014160331 0.998954475 -0.043467123 -0.209313840 -0.863097727 -0.009736852 -0.504943073 -4.188345909
-0.505107045 0.044274867 0.861920297 50.659408569 0.013859715 0.998970568 -0.043192685 -0.260377169 -0.862945378 -0.009870959 -0.505200684 -4.695485115
-0.505072236 0.043170612 0.861996710 51.531341553 0.013592526 0.999022186 -0.042068835 -0.315700412 -0.862970054 -0.009531091 -0.505165219 -5.197871208
-0.505127370 0.043015435 0.861972153 52.415283203 0.013733062 0.999031425 -0.041807402 -0.373499066 -0.862935543 -0.009280550 -0.505228817 -5.712866783
-0.505408227 0.041734513 0.861870468 53.311477661 0.011714485 0.999069571 -0.041508649 -0.425737441 -0.862800837 -0.010882447 -0.505426884 -6.232736111
-0.505430162 0.040632419 0.861910284 54.189155579 0.010544132 0.999106884 -0.040917035 -0.484397143 -0.862803102 -0.011592605 -0.505407214 -6.732899189
-0.505134284 0.039856702 0.862119913 55.079536438 0.009676117 0.999131739 -0.040521469 -0.545265019 -0.862986565 -0.012126809 -0.505081356 -7.243883133
-0.503621995 0.038424592 0.863069296 55.958446503 0.008947204 0.999188840 -0.039263848 -0.598664045 -0.863877773 -0.012052078 -0.503557324 -7.759399891
-0.501415908 0.036383696 0.864441037 56.844860077 0.009486615 0.999286592 -0.036556572 -0.656522691 -0.865154326 -0.010129429 -0.501403391 -8.270865440
-0.499023110 0.034723546 0.865892708 57.728092194 0.009307235 0.999354005 -0.034711678 -0.715280652 -0.866538644 -0.009262862 -0.499023974 -8.774437904
-0.496518880 0.034563620 0.867337525 58.616401672 0.009879542 0.999367237 -0.034169361 -0.768845975 -0.867969692 -0.008396836 -0.496546209 -9.278654099
-0.494777769 0.034641594 0.868328750 59.494396210 0.009655654 0.999362648 -0.034367293 -0.823607802 -0.868965805 -0.008619888 -0.494796902 -9.771250725
-0.493874967 0.035080671 0.868824959 60.381549835 0.009653073 0.999345481 -0.034863520 -0.878403902 -0.869479358 -0.008831386 -0.493890285 -10.272287369
-0.494662166 0.036251120 0.868328989 61.257617950 0.008849072 0.999287963 -0.036677349 -0.934794068 -0.869040310 -0.010458990 -0.494630665 -10.761939049
-0.497483760 0.038259882 0.866629183 62.130577087 0.007583628 0.999180496 -0.039758410 -0.987371981 -0.867440164 -0.013206969 -0.497366220 -11.260189056
-0.501943946 0.038948499 0.864022791 62.994632721 0.006759528 0.999131680 -0.041112073 -1.047741890 -0.864873767 -0.014795571 -0.501771390 -11.755730629
-0.507100403 0.037735686 0.861060500 63.875572205 0.007976946 0.999203920 -0.039091937 -1.099814534 -0.861850083 -0.012954907 -0.506997645 -12.280724525
-0.512672961 0.035237171 0.857860565 64.732131958 0.009426956 0.999328315 -0.035414334 -1.159531236 -0.858532250 -0.010068958 -0.512660801 -12.790318489
-0.519116104 0.032139633 0.854099214 65.580993652 0.006203570 0.999408126 -0.033837099 -1.219460130 -0.854681194 -0.012266921 -0.519008279 -13.279419899
-0.523125350 0.036188226 0.851487100 66.446243286 0.008498097 0.999269903 -0.037248060 -1.266568065 -0.852213383 -0.012249378 -0.523050964 -13.821396828
-0.528464794 0.038160905 0.848097146 67.289726257 0.009031256 0.999185383 -0.039331723 -1.313769221 -0.848907232 -0.013126047 -0.528378904 -14.339717865
-0.533141255 0.038527980 0.845148444 68.118576050 0.007496678 0.999138415 -0.040818855 -1.377940655 -0.845993042 -0.015426411 -0.532970726 -14.848810196
-0.536762178 0.038526829 0.842853546 68.939880371 0.006509049 0.999116242 -0.041524380 -1.439074516 -0.843708456 -0.016802542 -0.536538601 -15.370950699
-0.539529979 0.038188443 0.841099858 69.762611389 0.007420675 0.999147713 -0.040604234 -1.492715240 -0.841933668 -0.015665676 -0.539353609 -15.902338982
-0.542416036 0.031237651 0.839529097 70.589874268 0.008255758 0.999458373 -0.031854380 -1.542301178 -0.840069473 -0.010347375 -0.542380154 -16.427366257
-0.545008421 0.022277199 0.838134646 71.412910461 0.007533520 0.999736667 -0.021673732 -1.591669440 -0.838396788 -0.005498263 -0.545032740 -16.954097748
-0.546665609 0.021024868 0.837087035 72.228843689 0.008757913 0.999773562 -0.019391598 -1.635681629 -0.837305188 -0.003269584 -0.546725988 -17.479448318
-0.547801018 0.025140861 0.836230814 73.035354614 0.008474476 0.999663830 -0.024502901 -1.679444551 -0.836565733 -0.006336096 -0.547829926 -18.003732681
-0.548952997 0.031768300 0.835249305 73.827354431 0.010394827 0.999459684 -0.031182144 -1.716995597 -0.835788608 -0.008435259 -0.548986495 -18.522920609
-0.549506009 0.035442129 0.834737659 74.618354797 0.015875326 0.999362409 -0.031981241 -1.762304664 -0.835338891 -0.004322150 -0.549718261 -19.047580719
-0.548553646 0.037224278 0.835286260 75.408638000 0.019946789 0.999306798 -0.031434245 -1.808518052 -0.835877478 -0.000582089 -0.548915863 -19.584947586
-0.548747540 0.033576347 0.835313618 76.219825745 0.017447056 0.999435484 -0.028711809 -1.845602155 -0.835806072 -0.001181772 -0.549023509 -20.101932526
-0.548259616 0.029190090 0.835798681 77.000656128 0.015037460 0.999573231 -0.025045753 -1.865478039 -0.836172998 -0.001163286 -0.548464537 -20.611322403
-0.548879325 0.021720065 0.835619271 77.810981750 0.011555797 0.999763966 -0.018396173 -1.910150290 -0.835821688 -0.000441035 -0.549000859 -21.098415375
-0.548815966 0.016151404 0.835787058 78.610580444 0.003192424 0.999846578 -0.017225524 -1.946168780 -0.835937142 -0.006785459 -0.548783362 -21.595106125
-0.547149360 0.011343718 0.836958110 79.406692505 -0.003585070 0.999867260 -0.015895396 -1.976740122 -0.837027311 -0.011697710 -0.547036111 -22.098457336
-0.545489788 0.011670165 0.838036120 80.204750061 -0.001186184 0.999891222 -0.014696201 -2.008207321 -0.838116646 -0.009010697 -0.545416653 -22.609874725
-0.542394280 0.014659167 0.839996099 80.998977661 0.003829520 0.999880493 -0.014976622 -2.053311348 -0.840115368 -0.004906453 -0.542385638 -23.122499466
-0.537987769 0.018291308 0.842754126 81.770606995 0.005362757 0.999818563 -0.018276848 -2.069450855 -0.842935562 -0.005313235 -0.537988245 -23.592395782
-0.529778302 0.020860668 0.847879589 82.556503296 0.010668783 0.999782264 -0.017931834 -2.100518703 -0.848068953 -0.000454054 -0.529885530 -24.094264984
-0.521729171 0.024149725 0.852769315 83.351913452 0.018707406 0.999682724 -0.016864894 -2.141190767 -0.852905929 0.007154193 -0.522015452 -24.590290070
-0.513660312 0.023110615 0.857682347 84.148788452 0.015485100 0.999724150 -0.017664066 -2.166136265 -0.857853770 0.004207967 -0.513876498 -25.032022476
-0.503047645 0.020196710 0.864022672 84.960319519 0.012574888 0.999792099 -0.016049048 -2.197077274 -0.864167154 0.002791554 -0.503197074 -25.483711243
-0.491615921 0.016937369 0.870647430 85.768440247 0.012802491 0.999843299 -0.012221715 -2.227450132 -0.870717943 0.005138067 -0.491755754 -25.933036804
-0.480246425 0.015848998 0.876990438 86.581260681 0.012217969 0.999860525 -0.011378860 -2.259040833 -0.877048492 0.005250385 -0.480373085 -26.378128052
-0.469018757 0.015315376 0.883055449 87.398895264 0.012266166 0.999866009 -0.010826349 -2.276820898 -0.883103013 0.005753944 -0.469143808 -26.797214508
-0.457292348 0.015849710 0.889175177 88.222000122 0.013458947 0.999849916 -0.010900732 -2.309692144 -0.889214575 0.006982539 -0.457437068 -27.210916519
-0.445022583 0.019826107 0.895299911 89.048202515 0.013689114 0.999788582 -0.015335593 -2.344838142 -0.895414770 0.005431176 -0.445199907 -27.619441986
-0.433698744 0.028446704 0.900608838 89.873580933 0.015997048 0.999586999 -0.023869475 -2.379265308 -0.900915921 0.004054923 -0.433974683 -28.010978699
-0.420755297 0.033363953 0.906560540 90.704277039 0.015228234 0.999442339 -0.029714499 -2.406682491 -0.907046378 0.001302783 -0.421028763 -28.398593903
-0.410050988 0.030075489 0.911566615 91.549255371 0.012685941 0.999547541 -0.027271735 -2.438568115 -0.911974311 0.000381278 -0.410246968 -28.765005112
-0.398322970 0.026659256 0.916857719 92.391044617 0.010898287 0.999644578 -0.024331737 -2.476870060 -0.917180419 0.000300291 -0.398471892 -29.124942780
-0.388414025 0.027085159 0.921086848 93.233673096 0.007704011 0.999628425 -0.026146013 -2.518576860 -0.921452761 -0.003059416 -0.388478369 -29.471303940
-0.381838381 0.031408239 0.923695266 94.084625244 0.004346997 0.999472499 -0.032187901 -2.568030119 -0.924218893 -0.008275277 -0.381773531 -29.807703018
-0.376728475 0.036195245 0.925616324 94.920783997 -0.001250267 0.999215484 -0.039582126 -2.610462189 -0.926322877 -0.016068982 -0.376387715 -30.132862091
-0.373575658 0.038772929 0.926788986 95.768066406 -0.002906114 0.999072254 -0.042968366 -2.659454823 -0.927595198 -0.018745290 -0.373116434 -30.460750580
-0.370016098 0.038186125 0.928240240 96.613464355 -0.004631758 0.999066651 -0.042946104 -2.713867903 -0.929013789 -0.020190137 -0.369493812 -30.786371231
-0.365323782 0.038252529 0.930094242 97.447143555 -0.006245430 0.999032080 -0.043540861 -2.761877298 -0.930859625 -0.021715349 -0.364731252 -31.102470398
-0.359566361 0.033948611 0.932501733 98.304710388 -0.008116294 0.999186397 -0.039505918 -2.817291498 -0.933084190 -0.021773456 -0.358998299 -31.425588608
-0.354568779 0.030084411 0.934545755 99.143112183 -0.008292280 0.999341846 -0.035316393 -2.865844965 -0.934993148 -0.020271605 -0.354085922 -31.732213974
-0.348932743 0.027204068 0.936752796 99.984832764 -0.009978530 0.999414027 -0.032740723 -2.915673971 -0.937094629 -0.020771725 -0.348456800 -32.034423828
-0.343048722 0.025290819 0.938977122 100.831993103 -0.018688584 0.999255836 -0.033742134 -2.959093809 -0.939131618 -0.029123345 -0.342320710 -32.326057434
-0.337272048 0.025491823 0.941062033 101.685997009 -0.025454745 0.999020934 -0.036184687 -3.005081177 -0.941063046 -0.036158573 -0.336292922 -32.609554291
-0.330177575 0.029489288 0.943458080 102.543235779 -0.023038836 0.998962343 -0.039286949 -3.058692694 -0.943637609 -0.034707844 -0.329155564 -32.908638000
-0.322937667 0.033004541 0.945844591 103.385261536 -0.021800447 0.998867095 -0.042298004 -3.104754210 -0.946169078 -0.034279454 -0.321852326 -33.194427490
-0.316708654 0.031007210 0.948015988 104.253761292 -0.023056168 0.998918533 -0.040374603 -3.150515079 -0.948242545 -0.034644600 -0.315651298 -33.470764160
-0.310109466 0.025890525 0.950348258 105.091148376 -0.023408623 0.999118090 -0.034857675 -3.201474905 -0.950412571 -0.033056036 -0.309229881 -33.730293274
-0.303358465 0.023483120 0.952587128 105.947708130 -0.024810508 0.999162734 -0.032532390 -3.248503208 -0.952553391 -0.033503145 -0.302521795 -33.991622925
-0.296668142 0.026309660 0.954618156 106.810722351 -0.026139323 0.999022126 -0.035656806 -3.295469284 -0.954622865 -0.035531312 -0.295690298 -34.252525330
-0.290843934 0.029030981 0.956330001 107.661193848 -0.025773978 0.998938978 -0.038162965 -3.341932774 -0.956423283 -0.035747901 -0.289787143 -34.499420166
-0.283683538 0.029338805 0.958469033 108.527168274 -0.027910948 0.998855591 -0.038836010 -3.391208172 -0.958511651 -0.037768912 -0.282540053 -34.748825073
-0.276734740 0.028878925 0.960512280 109.383697510 -0.028279671 0.998870492 -0.038179923 -3.437826157 -0.960530102 -0.037728682 -0.275605589 -34.988098145
-0.268641353 0.028686848 0.962812960 110.238548279 -0.024545239 0.999027967 -0.036614418 -3.485939980 -0.962927461 -0.033468623 -0.267676145 -35.225860596
-0.260678023 0.029853448 0.964964032 111.096649170 -0.021387393 0.999097884 -0.036687106 -3.534012556 -0.965188861 -0.030201592 -0.259804398 -35.459651947
-0.254437655 0.030562241 0.966606140 111.947982788 -0.020355638 0.999109864 -0.036948115 -3.576483250 -0.966874957 -0.029076876 -0.253589064 -35.673851013
-0.248167932 0.029411918 0.968270421 112.814353943 -0.026248913 0.998967767 -0.037071977 -3.621670961 -0.968361378 -0.034616124 -0.247139767 -35.876110077
-0.242069826 0.027169114 0.969878376 113.667671204 -0.031393666 0.998865187 -0.035816595 -3.669301987 -0.969750762 -0.039118160 -0.240942165 -36.074737549
-0.237577990 0.027383497 0.970982373 114.541419983 -0.028630864 0.998970866 -0.035178162 -3.714958906 -0.970946431 -0.036157627 -0.236549467 -36.284397125
-0.232957989 0.027188417 0.972106695 115.411430359 -0.027128110 0.999038458 -0.034442704 -3.765663624 -0.972108305 -0.034395121 -0.231996402 -36.486846924
-0.228557318 0.028756810 0.973105669 116.300315857 -0.026391011 0.999013245 -0.035720989 -3.809973955 -0.973172665 -0.033845536 -0.227572873 -36.682590485
-0.222376466 0.028187858 0.974553287 117.172019958 -0.020723809 0.999219418 -0.033630121 -3.847433329 -0.974740624 -0.027675001 -0.221618742 -36.882625580
-0.217836618 0.027164217 0.975607157 118.045974731 -0.013689968 0.999429226 -0.030884244 -3.888463497 -0.975889266 -0.020083748 -0.217340395 -37.075180054
-0.212097570 0.026008645 0.976902306 118.912406921 -0.011832423 0.999504209 -0.029179350 -3.935553551 -0.977176964 -0.017747989 -0.211684659 -37.266574860
-0.208301410 0.027608685 0.977674961 119.794967651 -0.014064768 0.999413610 -0.031219179 -3.976419687 -0.977963686 -0.020253768 -0.207790941 -37.449337006
-0.205071345 0.029117480 0.978313804 120.689712524 -0.015694469 0.999331057 -0.033032846 -4.022555828 -0.978621185 -0.022128209 -0.204477176 -37.624183655
-0.203130767 0.028636184 0.978732824 121.560386658 -0.018483806 0.999281943 -0.033073638 -4.064438820 -0.978977203 -0.024808977 -0.202455625 -37.798297882
-0.202477902 0.027284270 0.978906691 122.430831909 -0.018925400 0.999316096 -0.031767674 -4.106935501 -0.979103923 -0.024958452 -0.201823056 -37.963657379
-0.201596737 0.022428500 0.979211748 123.311866760 -0.017838424 0.999487936 -0.026565425 -4.152280807 -0.979306161 -0.022823099 -0.201093405 -38.147026062
-0.200952098 0.017465152 0.979445338 124.181602478 -0.019284477 0.999576747 -0.021780713 -4.187736034 -0.979411244 -0.023264971 -0.200530216 -38.315059662
-0.200165913 0.015675085 0.979636610 125.050201416 -0.018684532 0.999629080 -0.019812733 -4.223669529 -0.979583859 -0.022269886 -0.199798778 -38.487945557
-0.198838770 0.019935403 0.979829371 125.906539917 -0.019274866 0.999520063 -0.024247512 -4.262856483 -0.979842663 -0.023707425 -0.198359087 -38.660243988
-0.198180348 0.024263320 0.979865193 126.771453857 -0.018235812 0.999429286 -0.028436005 -4.294266701 -0.979995906 -0.023504097 -0.197624817 -38.839839935
-0.198061973 0.023334764 0.979911685 127.624565125 -0.021738624 0.999366045 -0.028191896 -4.329298496 -0.979948401 -0.026885677 -0.197429180 -39.004196167
-0.197974071 0.022270171 0.979954243 128.460052490 -0.024113141 0.999328732 -0.027581897 -4.368846893 -0.979910612 -0.029090278 -0.197304189 -39.157382965
-0.197053865 0.023963895 0.980099738 129.319747925 -0.018876605 0.999423265 -0.028231597 -4.407916069 -0.980210960 -0.024064101 -0.196487859 -39.333950043
-0.195604935 0.025154389 0.980360031 130.202560425 -0.020957695 0.999335408 -0.029822819 -4.458074093 -0.980458796 -0.026379582 -0.194947809 -39.523387909
-0.196087614 0.025838705 0.980245829 131.039306641 -0.029512534 0.999044418 -0.032237887 -4.499534607 -0.980142117 -0.035250995 -0.195137680 -39.671306610
-0.195558101 0.027228555 0.980314016 131.867675781 -0.035493795 0.998763025 -0.034821466 -4.543462276 -0.980049551 -0.041604683 -0.194349781 -39.821502686
-0.195258707 0.031189755 0.980255723 132.699676514 -0.032996599 0.998719394 -0.038349878 -4.583655357 -0.980196655 -0.039833248 -0.193979487 -39.983390808
-0.194527715 0.032140482 0.980370283 133.526611328 -0.031641126 0.998737216 -0.039020944 -4.630906105 -0.980386555 -0.038610674 -0.193265140 -40.145580292
-0.193071797 0.033375055 0.980616748 134.338272095 -0.032366361 0.998660743 -0.040361729 -4.675704479 -0.980650604 -0.039531704 -0.191733003 -40.296070099
-0.190823078 0.032538846 0.981085002 135.154571533 -0.022989871 0.999028146 -0.037605535 -4.723424911 -0.981355250 -0.029731018 -0.189889580 -40.462574005
-0.187677860 0.029373813 0.981791317 135.966064453 -0.020233972 0.999224961 -0.033763312 -4.767256260 -0.982022166 -0.026202166 -0.186938107 -40.620403290
-0.185691774 0.024239292 0.982309043 136.778213501 -0.015906380 0.999490499 -0.027670143 -4.813803673 -0.982479274 -0.020763099 -0.185211644 -40.773605347
-0.182375774 0.024162754 0.982931912 137.591049194 -0.014661895 0.999519944 -0.027290935 -4.850193977 -0.983119607 -0.019388847 -0.181933925 -40.922199249
-0.177104264 0.029064195 0.983762860 138.393661499 -0.013067519 0.999406278 -0.031878877 -4.894021511 -0.984105349 -0.018501224 -0.176619306 -41.068561554
-0.170617506 0.031979997 0.984818220 139.197692871 -0.012989610 0.999313295 -0.034701109 -4.934956074 -0.985251725 -0.018713022 -0.170084909 -41.204071045
-0.162612334 0.032919690 0.986140728 139.997024536 -0.012920376 0.999286652 -0.035489067 -4.968761921 -0.986605406 -0.018512269 -0.162070975 -41.328884125
-0.152668506 0.028408511 0.987869024 140.802062988 -0.011320275 0.999470830 -0.030491622 -5.009201527 -0.988212645 -0.015838061 -0.152266160 -41.452400208
-0.140927032 0.026853688 0.989655733 141.594573975 -0.008023299 0.999568224 -0.028265178 -5.049870014 -0.989987552 -0.011923631 -0.140650764 -41.563346863
-0.127068147 0.029782901 0.991446733 142.386123657 -0.003947200 0.999526024 -0.030531486 -5.083208561 -0.991886079 -0.007793019 -0.126890346 -41.663333893
-0.112886176 0.031031430 0.993123233 143.172546387 -0.004479841 0.999486148 -0.031739458 -5.118636608 -0.993597746 -0.008031980 -0.112689152 -41.747959137
-0.098831035 0.030886199 0.994624734 143.961395264 -0.002985225 0.999504447 -0.031334355 -5.158560753 -0.995099664 -0.006065984 -0.098689862 -41.823501587
-0.085408688 0.032546099 0.995814264 144.740783691 -0.002021631 0.999458611 -0.032838594 -5.198748589 -0.996343851 -0.004817871 -0.085296646 -41.884826660
-0.071665794 0.038633909 0.996680200 145.509872437 -0.005030258 0.999222875 -0.039094169 -5.247553349 -0.997416019 -0.007815273 -0.071415775 -41.930412292
-0.058906317 0.047906138 0.997113347 146.272888184 -0.011878592 0.998743474 -0.048686206 -5.289507866 -0.998192787 -0.014712228 -0.058263246 -41.958820343
-0.045254767 0.055715043 0.997420609 147.034378052 -0.016460255 0.998266399 -0.056509122 -5.335471153 -0.998839796 -0.018975101 -0.044259224 -41.978786469
-0.032224599 0.056426462 0.997886658 147.798614502 -0.017164912 0.998226643 -0.057000000 -5.383455276 -0.999333203 -0.018965438 -0.031198895 -41.995346069
-0.020080479 0.052638710 0.998411715 148.569595337 -0.020488877 0.998381674 -0.053049214 -5.436487675 -0.999588430 -0.021521583 -0.018969474 -41.999637604
-0.009387713 0.050176721 0.998696208 149.333389282 -0.024108861 0.998438537 -0.050390400 -5.492506027 -0.999665260 -0.024550477 -0.008163351 -41.993049622
-0.000893388 0.056791667 0.998385668 150.090118408 -0.028697692 0.997973323 -0.056793891 -5.546411514 -0.999587715 -0.028702104 0.000738213 -41.976787567
0.006046353 0.064928472 0.997871697 150.836730957 -0.031778194 0.997398317 -0.064705126 -5.597482204 -0.999476671 -0.031319328 0.008093932 -41.962680817
0.009141088 0.067356773 0.997687101 151.587631226 -0.034722671 0.997148395 -0.067002274 -5.650527954 -0.999355197 -0.034029886 0.011453828 -41.947975159
0.008961683 0.062752523 0.997988880 152.342086792 -0.037001722 0.997366309 -0.062381104 -5.707800388 -0.999275029 -0.036368269 0.011260032 -41.932292938
0.007285516 0.058405571 0.998266339 153.097900391 -0.038825568 0.997556567 -0.058080688 -5.772221565 -0.999219418 -0.038335107 0.009535343 -41.920745850
0.004084256 0.055962037 0.998424530 153.849533081 -0.038991895 0.997682512 -0.055760942 -5.818077564 -0.999231160 -0.038702723 0.006256856 -41.914741516
0.001885443 0.056390047 0.998407066 154.595733643 -0.036997858 0.997729182 -0.056281894 -5.867404938 -0.999313593 -0.036832802 0.003967473 -41.917797089
-0.002069050 0.056407586 0.998405635 155.336929321 -0.035704810 0.997767031 -0.056445491 -5.921630859 -0.999360204 -0.035764676 -0.000050408 -41.915462494
-0.006597538 0.054693487 0.998481393 156.076370239 -0.035346080 0.997866333 -0.054893348 -5.976594448 -0.999353290 -0.035654567 -0.004650260 -41.916965485
-0.011853605 0.054822098 0.998425841 156.814041138 -0.035759229 0.997833967 -0.055214152 -6.025141716 -0.999290049 -0.036357433 -0.009867534 -41.921966553
-0.017624276 0.052819304 0.998448551 157.555908203 -0.037166096 0.997878850 -0.053445213 -6.075656414 -0.999153614 -0.038050372 -0.015623805 -41.930637360
-0.023197675 0.050464898 0.998456359 158.305725098 -0.035074789 0.998069227 -0.051260240 -6.131848812 -0.999115407 -0.036209766 -0.021382840 -41.953536987
-0.028937111 0.050366562 0.998311520 159.035598755 -0.035860185 0.998034537 -0.051392037 -6.178617477 -0.998937726 -0.037286770 -0.027074080 -41.968654633
-0.034849588 0.051792786 0.998049617 159.750579834 -0.038208093 0.997857094 -0.053116929 -6.224397182 -0.998661935 -0.039984681 -0.032796007 -41.976016998
-0.038641412 0.054121166 0.997786403 160.489364624 -0.037848730 0.997736454 -0.055584226 -6.279695988 -0.998536110 -0.039912801 -0.036505524 -42.004245758
-0.040481683 0.056226518 0.997597039 161.221145630 -0.036659423 0.997659624 -0.057717659 -6.333832741 -0.998507559 -0.038907830 -0.038325712 -42.037696838
-0.041942649 0.057930585 0.997439146 161.932022095 -0.034016501 0.997656047 -0.059373591 -6.380431175 -0.998540819 -0.036419678 -0.039873742 -42.068504333
-0.041191693 0.056452759 0.997555256 162.651672363 -0.031068247 0.997847438 -0.057752185 -6.431378365 -0.998668194 -0.033371191 -0.039349139 -42.099456787
-0.036361836 0.052684817 0.997949004 163.375122070 -0.028009335 0.998163342 -0.053716701 -6.487076759 -0.998946071 -0.029905122 -0.034819391 -42.134269714
-0.029762624 0.052237079 0.998191118 164.060409546 -0.028328350 0.998188257 -0.053081587 -6.539609432 -0.999155402 -0.029856952 -0.028228914 -42.137809753
-0.018856024 0.053441234 0.998392940 164.751220703 -0.026270103 0.998199224 -0.053927012 -6.584419250 -0.999477029 -0.027244730 -0.017418163 -42.143123627
-0.004343781 0.053163260 0.998576403 165.440902710 -0.023437170 0.998306096 -0.053250819 -6.635670185 -0.999715805 -0.023635115 -0.003090431 -42.141868591
0.010731811 0.050943065 0.998643935 166.128997803 -0.023881359 0.998429537 -0.050675500 -6.678606033 -0.999657094 -0.023305133 0.011931539 -42.119426727
0.027238175 0.045727622 0.998582482 166.818710327 -0.028473886 0.998583436 -0.044950981 -6.727141857 -0.999223351 -0.027209146 0.028501630 -42.093166351
0.043699555 0.038819302 0.998290241 167.499206543 -0.029413057 0.998861611 -0.037553985 -6.768501759 -0.998611689 -0.027721673 0.044791605 -42.051788330
0.060692117 0.031391691 0.997662723 168.176605225 -0.029492574 0.999125361 -0.029643549 -6.804557800 -0.997720778 -0.027624512 0.061564855 -41.996715546
0.078296989 0.024635142 0.996625662 168.838714600 -0.031113010 0.999268055 -0.022256155 -6.833761692 -0.996444404 -0.029265432 0.079006158 -41.936214447
0.095140040 0.018717395 0.995287895 169.501647949 -0.032894924 0.999336302 -0.015649086 -6.862906933 -0.994920254 -0.031251069 0.095692597 -41.856182098
0.113574654 0.016394766 0.993394196 170.152984619 -0.034425873 0.999328315 -0.012556798 -6.890139580 -0.992932916 -0.032772325 0.114062764 -41.772472382
0.131240234 0.015133567 0.991235077 170.789367676 -0.032626979 0.999407768 -0.010938507 -6.907289028 -0.990813553 -0.030905433 0.131656274 -41.677951813
0.148979858 0.014821869 0.988729239 171.429748535 -0.033197604 0.999399006 -0.009979665 -6.921133041 -0.988282859 -0.031336673 0.149382383 -41.570205688
0.164188206 0.013524010 0.986336291 172.057891846 -0.038385496 0.999236345 -0.007311130 -6.937232494 -0.985681891 -0.036660612 0.164581940 -41.438957214
0.179141417 0.009962152 0.983772874 172.682769775 -0.040709719 0.999167383 -0.002704954 -6.956421852 -0.982980728 -0.039564542 0.179397807 -41.317272186
0.191187382 0.006069350 0.981534779 173.309173584 -0.037113335 0.999310493 0.001049819 -6.968217373 -0.980851710 -0.036628734 0.191280782 -41.189105988
0.202118024 0.005191105 0.979347408 173.927719116 -0.035883922 0.999353766 0.002108586 -6.979918003 -0.978703558 -0.035569008 0.202173680 -41.058589935
0.212308601 0.009167989 0.977159739 174.532409668 -0.040299997 0.999187410 -0.000618634 -6.993487835 -0.976371348 -0.039248183 0.212505549 -40.915569305
0.221356258 0.016109630 0.975059927 175.116058350 -0.044560630 0.998986244 -0.006388861 -7.013659000 -0.974174380 -0.042035077 0.221849680 -40.769161224
0.230462030 0.025647027 0.972743273 175.706298828 -0.044037927 0.998903334 -0.015903298 -7.028203487 -0.972084284 -0.039172497 0.231338724 -40.622917175
0.238754287 0.031609233 0.970565498 176.293914795 -0.039289188 0.998966098 -0.022869239 -7.043128967 -0.970284879 -0.032672603 0.239749327 -40.481914520
0.244856715 0.029939605 0.969096899 176.886154175 -0.039003201 0.999018192 -0.021009259 -7.052124023 -0.968774438 -0.032653630 0.245784089 -40.322036743
0.250662357 0.022538478 0.967812181 177.493728638 -0.041693196 0.999052644 -0.012467509 -7.064864635 -0.967176318 -0.037226051 0.251364619 -40.153217316
0.255262882 0.011885564 0.966798604 178.097717285 -0.045716729 0.998954415 -0.000210329 -7.081863403 -0.965790212 -0.044145193 0.255539358 -39.982830048
0.257347494 0.003926812 0.966310918 178.705612183 -0.046552695 0.998880923 0.008338723 -7.100701332 -0.965196908 -0.047130320 0.257242352 -39.815826416
0.258400798 0.003039847 0.966033041 179.308502197 -0.043029852 0.999038696 0.008366197 -7.112844467 -0.965079010 -0.043730091 0.258283228 -39.659240723
0.259867966 0.005016406 0.965631127 179.912368774 -0.039093137 0.999221385 0.005329728 -7.116930485 -0.964852512 -0.039134573 0.259861708 -39.499179840
0.261714220 0.004671248 0.965134203 180.518310547 -0.035926905 0.999342322 0.004905440 -7.119366646 -0.964476526 -0.035958108 0.261709958 -39.337039948
0.263325900 0.002549918 0.964703619 181.128265381 -0.038030017 0.999246597 0.007739467 -7.118919373 -0.963957131 -0.038725700 0.263224453 -39.162048340
0.265823662 -0.000922025 0.964021266 181.737640381 -0.038570084 0.999188662 0.011591153 -7.121482372 -0.963249803 -0.040263582 0.265572399 -38.983863831
0.269064218 -0.006168874 0.963102520 182.354217529 -0.037977137 0.999133885 0.017009422 -7.129172325 -0.962373197 -0.041152503 0.268596858 -38.809940338
0.273866206 -0.009339652 0.961722434 182.983062744 -0.035883389 0.999157369 0.019921578 -7.128507137 -0.961098075 -0.039965704 0.273300320 -38.638374329
0.280429482 -0.011678405 0.959803581 183.602096558 -0.033490878 0.999198139 0.021942893 -7.123384476 -0.959290147 -0.038298100 0.279813498 -38.458370209
0.288052022 -0.014475340 0.957505345 184.222106934 -0.032285154 0.999170542 0.024817759 -7.116144180 -0.957070351 -0.038062010 0.287345707 -38.264713287
0.297569394 -0.015985813 0.954566300 184.837326050 -0.030832659 0.999177277 0.026344439 -7.114446640 -0.954202175 -0.037271108 0.296831667 -38.066047668
0.308652967 -0.014160234 0.951069295 185.450561523 -0.032101076 0.999164402 0.025294155 -7.112748623 -0.950632811 -0.038337469 0.307940483 -37.855606079
0.320162177 -0.010249384 0.947307289 186.065979004 -0.033205926 0.999205649 0.022033527 -7.106508732 -0.946780562 -0.038510524 0.319567531 -37.636249542
0.331995666 -0.007414432 0.943251789 186.688186646 -0.033538949 0.999244034 0.019659245 -7.099246502 -0.942684472 -0.038162459 0.331496030 -37.415657043
0.343658090 -0.006902529 0.939069450 187.303222656 -0.031856012 0.999311745 0.019003235 -7.088720798 -0.938554347 -0.036445625 0.343201697 -37.185169220
0.355295867 -0.010341370 0.934696674 187.945068359 -0.030669520 0.999271572 0.022713879 -7.083917618 -0.934250653 -0.036736850 0.354719847 -36.942268372
