1.000000000 -0.000000000 0.000000000 0.000000000 -0.000000000 1.000000000 0.000000000 0.000000000 0.000000000 0.000000000 1.000000000 0.000000000
0.999996364 -0.002312469 -0.001415135 -0.005271564 0.002316485 0.999993265 0.002842609 -0.015313413 0.001408552 -0.002845877 0.999994934 1.518951058
0.999991775 -0.002769120 -0.002962086 -0.008153912 0.002780172 0.999989152 0.003733677 -0.033678386 0.002951715 -0.003741882 0.999988675 3.032357931
0.999989152 -0.001734939 -0.004311844 -0.025663553 0.001749494 0.999992788 0.003374066 -0.047222339 0.004305959 -0.003381573 0.999984980 4.546292305
0.999982774 -0.001024622 -0.005784770 -0.044416662 0.001044429 0.999993682 0.003421936 -0.066914313 0.005781226 -0.003427918 0.999977350 6.037904739
0.999972641 -0.001150228 -0.007294759 -0.056249101 0.001176066 0.999992967 0.003538675 -0.079636216 0.007290639 -0.003547157 0.999967039 7.530818939
0.999958813 -0.001085394 -0.009007874 -0.086870082 0.001122834 0.999990642 0.004152264 -0.094749421 0.009003284 -0.004162207 0.999950767 9.016369820
0.999937832 -0.003117451 -0.010704890 -0.098112762 0.003153093 0.999989569 0.003314265 -0.112130605 0.010694447 -0.003347813 0.999937177 10.507634163
0.999920964 -0.004223148 -0.011838770 -0.129149556 0.004263871 0.999985039 0.003416614 -0.127096504 0.011824165 -0.003466823 0.999924123 11.993038177
0.999901533 -0.003873481 -0.013494684 -0.141685069 0.003919169 0.999986708 0.003360820 -0.144510433 0.013481488 -0.003413377 0.999903321 13.486865044
0.999888241 -0.003430935 -0.014551380 -0.173809215 0.003480877 0.999988079 0.003408243 -0.158330843 0.014539514 -0.003458514 0.999888301 14.971343040
0.999884605 -0.001999116 -0.015060415 -0.208751664 0.002062729 0.999989092 0.004209496 -0.177963227 0.015051833 -0.004240075 0.999877751 16.439619064
0.999875605 -0.000513901 -0.015764635 -0.233821973 0.000586960 0.999989152 0.004630063 -0.190949276 0.015762087 -0.004638741 0.999864936 17.920780182
0.999862909 0.000394305 -0.016557707 -0.264744371 -0.000303098 0.999984801 0.005510504 -0.202560395 0.016559627 -0.005504729 0.999847770 19.396045685
0.999858916 -0.000340567 -0.016794657 -0.290736735 0.000438826 0.999982834 0.005847269 -0.223388270 0.016792376 -0.005853813 0.999841869 20.851419449
0.999855816 0.000396503 -0.016976260 -0.324849188 -0.000299628 0.999983668 0.005708659 -0.231642082 0.016978247 -0.005702749 0.999839544 22.306112289
0.999842107 0.000771068 -0.017752659 -0.340092331 -0.000657599 0.999979258 0.006396581 -0.247091830 0.017757224 -0.006383896 0.999821901 23.793785095
0.999846220 0.001811784 -0.017440241 -0.377288431 -0.001680246 0.999970198 0.007553902 -0.258648574 0.017453399 -0.007523438 0.999819338 25.228523254
0.999841154 0.002102939 -0.017699838 -0.400780708 -0.001990652 0.999977767 0.006359225 -0.272299409 0.017712818 -0.006322980 0.999823093 26.662300110
0.999839365 0.002393203 -0.017761085 -0.437798530 -0.002319556 0.999988616 0.004165985 -0.278759539 0.017770855 -0.004124118 0.999833584 28.089126587
0.999850154 0.000546579 -0.017302688 -0.468316734 -0.000472518 0.999990702 0.004284068 -0.302571714 0.017304873 -0.004275251 0.999841154 29.513538361
0.999850392 -0.000479118 -0.017290948 -0.496867746 0.000600858 0.999975085 0.007036205 -0.318797886 0.017287146 -0.007045541 0.999825835 30.920429230
0.999855518 -0.001903832 -0.016892465 -0.527211964 0.002043678 0.999963880 0.008265214 -0.328695804 0.016876116 -0.008298543 0.999823153 32.360668182
0.999854982 -0.002603535 -0.016828274 -0.564458072 0.002730495 0.999967933 0.007525872 -0.341168731 0.016808143 -0.007570731 0.999830186 33.726562500
0.999862552 -0.002786294 -0.016338706 -0.584225118 0.002881517 0.999979019 0.005807437 -0.352854878 0.016322181 -0.005853720 0.999849558 35.134971619
0.999875605 -0.001297660 -0.015712703 -0.622048318 0.001377668 0.999986231 0.005082232 -0.366516769 0.015705891 -0.005103248 0.999863565 36.496402740
0.999885678 -0.001278665 -0.015063601 -0.646301389 0.001343177 0.999989927 0.004273289 -0.386448056 0.015057986 -0.004293034 0.999877393 37.845680237
0.999906540 -0.000585614 -0.013657114 -0.680126607 0.000660857 0.999984741 0.005505635 -0.401900589 0.013653680 -0.005514146 0.999891579 39.179748535
0.999928296 -0.000130481 -0.011988384 -0.703394651 0.000219765 0.999972284 0.007446493 -0.418664783 0.011987084 -0.007448591 0.999900401 40.509300232
0.999941349 -0.000871880 -0.010784412 -0.719998240 0.000962200 0.999964476 0.008372676 -0.430852890 0.010776728 -0.008382563 0.999906838 41.805801392
0.999966443 -0.000228211 -0.008186674 -0.739205420 0.000303505 0.999957621 0.009197097 -0.446036607 0.008184229 -0.009199273 0.999924242 43.097171783
0.999987841 -0.000616608 -0.004895835 -0.756338894 0.000659565 0.999961197 0.008777437 -0.458731830 0.004890234 -0.008780559 0.999949574 44.367858887
0.999998152 -0.001502014 -0.001210129 -0.768845081 0.001510583 0.999973536 0.007111810 -0.472676843 0.001199415 -0.007113624 0.999974012 45.621520996
0.999994576 -0.001501750 0.002932360 -0.781076312 0.001486626 0.999985576 0.005153026 -0.483065069 -0.002940057 -0.005148639 0.999982417 46.837474823
0.999976754 -0.001280163 0.006701683 -0.773709655 0.001240593 0.999981701 0.005905306 -0.497333437 -0.006709122 -0.005896855 0.999960184 48.051986694
0.999921918 -0.001308109 0.012429500 -0.773470700 0.001235027 0.999981940 0.005885550 -0.513941824 -0.012436974 -0.005869739 0.999905407 49.277320862
0.999811828 0.000431368 0.019394942 -0.767189264 -0.000522808 0.999988794 0.004709809 -0.521998703 -0.019392693 -0.004719062 0.999800742 50.486934662
0.999643564 0.001823089 0.026634103 -0.752800286 -0.001947688 0.999987185 0.004652981 -0.538617849 -0.026625283 -0.004703198 0.999634385 51.670921326
0.999386907 0.003002382 0.034885664 -0.702050090 -0.003195191 0.999979913 0.005472425 -0.541817904 -0.034868538 -0.005580537 0.999376297 52.888942719
0.998949409 0.005715230 0.045469992 -0.661701202 -0.006002709 0.999962807 0.006188353 -0.553262174 -0.045432936 -0.006454794 0.998946548 54.060001373
0.998260558 0.007688256 0.058453210 -0.607237160 -0.008061612 0.999948502 0.006154113 -0.565749884 -0.058402881 -0.006614635 0.998271108 55.215232849
0.997250319 0.009982914 0.073432319 -0.544865072 -0.010488033 0.999923885 0.006496315 -0.575598955 -0.073361889 -0.007248613 0.997278988 56.329090118
0.995909512 0.012185472 0.089530312 -0.448393345 -0.012950846 0.999884367 0.007972793 -0.586781740 -0.089422815 -0.009099676 0.995952189 57.479038239
0.994173944 0.011984810 0.107118785 -0.334220469 -0.013003479 0.999876618 0.008816264 -0.595549881 -0.106999919 -0.010157819 0.994207144 58.593086243
0.991895556 0.011753579 0.126511097 -0.215820879 -0.012865389 0.999885380 0.007974719 -0.609515786 -0.126402870 -0.009537705 0.991933107 59.678874969
0.989149690 0.011154089 0.146486804 -0.052143499 -0.012306503 0.999899983 0.006963075 -0.611500442 -0.146394491 -0.008690265 0.989188135 60.770637512
0.985822022 0.008025021 0.167602152 0.114068426 -0.009309030 0.999933064 0.006876774 -0.627882659 -0.167535782 -0.008339489 0.985830724 61.818504333
0.981821895 0.002912650 0.189781919 0.310015440 -0.004727824 0.999947369 0.009112488 -0.635279238 -0.189745411 -0.009844095 0.981783986 62.855495453
0.977126122 -0.002486116 0.212646112 0.535320699 0.000240021 0.999943972 0.010587761 -0.646320343 -0.212660536 -0.010294540 0.977071881 63.885875702
0.971669853 -0.007718700 0.236216336 0.787547886 0.005527936 0.999935448 0.009935265 -0.653754473 -0.236277759 -0.008348010 0.971649647 64.897674561
0.965101540 -0.013574063 0.261523783 1.056070805 0.011814749 0.999895751 0.008298347 -0.663174391 -0.261609137 -0.004918909 0.965161383 65.883033752
0.957498133 -0.017350264 0.287917078 1.360079408 0.015342961 0.999839723 0.009227064 -0.669100344 -0.288031012 -0.004417399 0.957610846 66.878868103
0.948950231 -0.020003034 0.314790756 1.670428157 0.017309917 0.999785721 0.011348803 -0.675421000 -0.314950317 -0.005320448 0.949093223 67.812736511
0.939301789 -0.024063149 0.342247307 2.029406309 0.020545591 0.999692380 0.013900001 -0.670507193 -0.342476457 -0.006024620 0.939507127 68.789634705
0.928365707 -0.027237292 0.370668441 2.394670486 0.023814015 0.999621034 0.013809786 -0.681396723 -0.370904118 -0.003993428 0.928662598 69.669792175
0.916160822 -0.026304463 0.399946690 2.780271530 0.024375381 0.999653757 0.009910285 -0.682910502 -0.400068909 0.000669438 0.916484892 70.563117981
0.903183162 -0.027829787 0.428352267 3.200258732 0.028522940 0.999581575 0.004801436 -0.691717625 -0.428306669 0.007881289 0.903599024 71.422584534
0.888819337 -0.029481355 0.457308471 3.644600153 0.031871121 0.999488950 0.002489819 -0.697191477 -0.457148105 0.012361934 0.889304698 72.282966614
0.873329103 -0.030322146 0.486185908 4.118504524 0.031308252 0.999491096 0.006097070 -0.710452437 -0.486123353 0.009896880 0.873834133 73.110206604
0.855609834 -0.029347947 0.516788602 4.609753609 0.027119188 0.999561846 0.011864886 -0.717193067 -0.516910315 0.003863175 0.856030762 73.926033020
0.835867763 -0.029521441 0.548136532 5.127266884 0.025124848 0.999563992 0.015520787 -0.724726498 -0.548355639 0.000798521 0.836244881 74.734245300
0.814751327 -0.023340041 0.579340637 5.664120674 0.021005686 0.999721766 0.010734849 -0.727502227 -0.579429984 0.003423216 0.815014839 75.497596741
0.792744279 -0.016372090 0.609334290 6.226788044 0.017995084 0.999832034 0.003452681 -0.729045153 -0.609288692 0.008227931 0.792905927 76.243202209
0.770330787 -0.014071209 0.637489200 6.823180199 0.017077584 0.999853194 0.001433360 -0.733263910 -0.637415767 0.009782612 0.770457983 76.954307556
0.746924400 -0.016234655 0.664710641 7.447124958 0.017690530 0.999833167 0.004541007 -0.738064945 -0.664673567 0.008367294 0.747087181 77.655487061
0.722314298 -0.017198024 0.691351056 8.071740150 0.018381262 0.999814928 0.005666867 -0.762571335 -0.691320658 0.008614646 0.722496748 78.320167542
0.697067976 -0.014553742 0.716857314 8.737396240 0.018718839 0.999822557 0.002096448 -0.756102383 -0.716760695 0.011957370 0.697216749 78.955970764
0.670677841 -0.012847019 0.741637468 9.393576622 0.018675925 0.999825478 0.000430467 -0.779075801 -0.741513610 0.013562059 0.670800686 79.554061890
0.643755615 -0.010275336 0.765162170 10.087132454 0.016851688 0.999857724 -0.000750812 -0.785026908 -0.765045583 0.013377611 0.643837154 80.137184143
0.615699530 -0.008919030 0.787930489 10.812019348 0.016589535 0.999860942 -0.001645295 -0.802026629 -0.787806332 0.014084408 0.615761936 80.702537537
0.587204278 -0.002556185 0.809434772 11.540807724 0.015371480 0.999849856 -0.007993720 -0.813764036 -0.809292793 0.017136153 0.587155402 81.224639893
0.557152927 0.006840765 0.830381751 12.315324783 0.013944237 0.999747992 -0.017592045 -0.830136001 -0.830292881 0.021380501 0.556917071 81.751052856
0.526580215 0.014993562 0.849993229 13.087323189 0.012988776 0.999585867 -0.025679013 -0.851893365 -0.850026190 0.024562433 0.526167393 82.218376160
0.494537145 0.020227760 0.868921041 13.896745682 0.010126899 0.999527216 -0.029031785 -0.878347874 -0.869097531 0.023156771 0.494098485 82.699470520
0.462176025 0.019665239 0.886570096 14.722913742 0.007992878 0.999621093 -0.026339607 -0.910955787 -0.886752188 0.019259783 0.461843759 83.131843567
0.428937465 0.018442450 0.903145909 15.570470810 0.003732750 0.999746740 -0.022187887 -0.936583936 -0.903326452 0.012888432 0.428760052 83.540390015
0.394722402 0.019434916 0.918594837 16.430000305 -0.000800220 0.999783218 -0.020808782 -0.970782697 -0.918800116 0.007478614 0.394652367 83.910942078
0.359356433 0.022576608 0.932927251 17.299539566 -0.007614759 0.999744892 -0.021260433 -0.995055437 -0.933169365 0.000536057 0.359436661 84.270912170
0.324109256 0.024560103 0.945700824 18.192945480 -0.012933681 0.999684513 -0.021529460 -1.021810770 -0.945931315 -0.005253493 0.324324667 84.569328308
0.288136929 0.023649490 0.957297206 19.089399338 -0.015088839 0.999682963 -0.020155016 -1.049156785 -0.957470298 -0.008637099 0.288402438 84.846382141
0.251108378 0.023695979 0.967668891 20.047435760 -0.016170541 0.999663413 -0.020283230 -1.072608232 -0.967823923 -0.010554439 0.251407027 85.122673035
0.215424642 0.023331517 0.976241767 20.992780685 -0.015613716 0.999668956 -0.020445978 -1.096072674 -0.976395667 -0.010838193 0.215717599 85.325691223
0.180670083 0.022008359 0.983297467 21.937561035 -0.013335591 0.999712408 -0.019925496 -1.121285319 -0.983453453 -0.009512912 0.180911571 85.476089478
0.145829633 0.020752758 0.989091992 22.924140930 -0.004883489 0.999782860 -0.020257056 -1.157910585 -0.989297628 -0.001876141 0.145899311 85.628578186
0.112282306 0.023951910 0.993387580 23.892492294 -0.002822359 0.999713063 -0.023785414 -1.189739823 -0.993672252 -0.000133015 0.112317689 85.731224060
0.079063669 0.029074162 0.996445477 24.858686447 -0.002252663 0.999577224 -0.028986804 -1.222656488 -0.996867120 0.000047147 0.079095736 85.818847656
0.050057925 0.032911696 0.998203874 25.876403809 0.004509130 0.999439180 -0.033178557 -1.257484555 -0.998736143 0.006161879 0.049881451 85.863311768
0.024724817 0.031042442 0.999212146 26.859977722 0.006719624 0.999489963 -0.031217348 -1.292385459 -0.999671698 0.007486174 0.024503611 85.877754211
0.001957335 0.027933614 0.999607861 27.841621399 0.007737084 0.999579310 -0.027947973 -1.331199646 -0.999968171 0.007788753 0.001740384 85.884155273
-0.016738756 0.025666265 0.999530435 28.879592896 0.007869373 0.999642849 -0.025537366 -1.369704485 -0.999828935 0.007438214 -0.016934756 85.871192932
-0.032977812 0.028639056 0.999045610 29.873342514 0.009867286 0.999550045 -0.028327798 -1.407302856 -0.999407411 0.008923682 -0.033245564 85.832550049
-0.048143886 0.032740396 0.998303711 30.867311478 0.012573064 0.999403417 -0.032170109 -1.445362091 -0.998761237 0.011002943 -0.048526805 85.786720276
-0.060148019 0.038047757 0.997464180 31.862930298 0.016825214 0.999169946 -0.037098262 -1.483314872 -0.998047590 0.014551157 -0.060738269 85.721794128
-0.069063284 0.041323010 0.996756136 32.852008820 0.022021297 0.998961389 -0.039888632 -1.529764056 -0.997369230 0.019195022 -0.069901548 85.647415161
-0.074754752 0.046463538 0.996118963 33.839202881 0.026085077 0.998663247 -0.044624638 -1.580130458 -0.996860683 0.022647934 -0.075866818 85.568016052
-0.078356780 0.051721573 0.995582759 34.854328156 0.028410817 0.998363495 -0.049629990 -1.631229162 -0.996520460 0.024396479 -0.079697981 85.483421326
-0.080832653 0.055630356 0.995173991 35.860275269 0.030434003 0.998113394 -0.053322688 -1.688868642 -0.996262848 0.025976913 -0.082373202 85.394462585
-0.083604954 0.058318350 0.994791031 36.868976593 0.031359930 0.997945487 -0.055867705 -1.753718853 -0.996005416 0.026525756 -0.085262053 85.310775757
-0.086073242 0.061966598 0.994359910 37.874835968 0.031940829 0.997722387 -0.059411302 -1.817020178 -0.995776713 0.026646957 -0.087856464 85.226066589
-0.087977931 0.065889530 0.993940890 38.874496460 0.033521373 0.997440636 -0.063154422 -1.878823161 -0.995558262 0.027762063 -0.089961469 85.129470825
-0.090501517 0.067642972 0.993596494 39.890075684 0.036115762 0.997257352 -0.064602606 -1.944523215 -0.995241284 0.030037856 -0.092696264 85.036476135
-0.092871241 0.066040963 0.993485570 40.912948608 0.036174968 0.997362971 -0.062917076 -2.023766279 -0.995020807 0.030096114 -0.095015354 84.951240540
-0.094519041 0.065687470 0.993353546 41.953853607 0.035745930 0.997401237 -0.062553853 -2.093458176 -0.994881094 0.029595817 -0.096621469 84.836509705
-0.096649490 0.067192502 0.993047833 42.984130859 0.035584759 0.997314095 -0.064017847 -2.159266233 -0.994682193 0.029150076 -0.098780923 84.729461670
-0.098726444 0.069132939 0.992710412 43.994224548 0.035238761 0.997201025 -0.065941162 -2.240501165 -0.994490504 0.028471751 -0.100886278 84.620376587
-0.101326846 0.071250670 0.992298424 45.029197693 0.033924107 0.997099400 -0.068131290 -2.318717957 -0.994274735 0.026759310 -0.103450060 84.517036438
-0.104006894 0.074696399 0.991767585 46.043632507 0.030949431 0.996935844 -0.071839988 -2.398952007 -0.994094908 0.023222795 -0.106000014 84.417747498
-0.106301002 0.078931123 0.991196275 47.082626343 0.027186459 0.996702373 -0.076453984 -2.475489616 -0.993962288 0.018819990 -0.108096331 84.312904358
-0.108874887 0.081517205 0.990707338 48.130115509 0.024905162 0.996542931 -0.079260357 -2.557604551 -0.993743420 0.016044267 -0.110528685 84.196800232
-0.111816578 0.079687782 0.990528584 49.185070038 0.022638641 0.996725082 -0.077630728 -2.648479700 -0.993470967 0.013743824 -0.113254420 84.090789795
-0.114379019 0.075553030 0.990559995 50.233924866 0.020528860 0.997070611 -0.073679164 -2.733142376 -0.993225038 0.011907717 -0.115594991 83.958290100
-0.117151871 0.073929273 0.990358472 51.287822723 0.020261472 0.997195721 -0.072042882 -2.813900232 -0.992907286 0.011626162 -0.118321255 83.847366333
-0.119011901 0.074249528 0.990112662 52.317066193 0.019927904 0.997177720 -0.072384007 -2.903068542 -0.992692828 0.011116312 -0.120155670 83.726966858
-0.120196998 0.077267110 0.989738584 53.364948273 0.020758633 0.996944129 -0.075308628 -2.980570078 -0.992533088 0.011493748 -0.121433668 83.602394104
-0.121155508 0.079998367 0.989404738 54.422962189 0.021457663 0.996725321 -0.077962726 -3.066932201 -0.992401659 0.011784698 -0.122475341 83.474876404
-0.121146224 0.080503330 0.989364922 55.469814301 0.019954322 0.996701956 -0.078656964 -3.158318281 -0.992434084 0.010213111 -0.122353077 83.334609985
-0.121732004 0.079498507 0.989374280 56.530612946 0.016848810 0.996809125 -0.078022853 -3.245239258 -0.992419958 0.007171900 -0.122683041 83.218795776
-0.121451944 0.078413479 0.989495158 57.581989288 0.013196242 0.996914208 -0.077381685 -3.336580038 -0.992509604 0.003659462 -0.122111939 83.091911316
-0.121149994 0.079615347 0.989436209 58.649555206 0.009639988 0.996825695 -0.079029582 -3.423789978 -0.992587388 -0.000036281 -0.121532910 82.963043213
-0.121421397 0.079983816 0.989373267 59.741329193 0.005133763 0.996785462 -0.079953007 -3.510843277 -0.992587805 -0.004628797 -0.121441692 82.837890625
-0.122349001 0.079077177 0.989331841 60.803718567 0.000993115 0.996830046 -0.079553694 -3.605373859 -0.992486596 -0.008750794 -0.122039691 82.722831726
-0.122676708 0.073946752 0.989687920 61.882167816 0.001094306 0.997229874 -0.074374594 -3.692411423 -0.992446125 -0.008041009 -0.122417770 82.600502014
-0.122747086 0.065508530 0.990273595 62.979671478 0.005200827 0.997847855 -0.065364920 -3.775891304 -0.992424369 -0.002873112 -0.122823603 82.460960388
-0.122323647 0.059816904 0.990686119 64.099571228 0.010553245 0.998204052 -0.058967788 -3.858118773 -0.992434144 0.003241798 -0.122735217 82.304695129
-0.121991143 0.062528215 0.990559757 65.188926697 0.018895147 0.997979045 -0.060669549 -3.927461147 -0.992351234 0.011315621 -0.122926079 82.169502258
-0.120848805 0.068201646 0.990325332 66.312835693 0.024633415 0.997535765 -0.065692231 -3.998275995 -0.992365241 0.016456265 -0.122231051 82.014648438
-0.119610809 0.073776819 0.990075886 67.405868530 0.028151689 0.997086227 -0.070898212 -4.078308105 -0.992421567 0.019392118 -0.121339232 81.877891541
-0.119196020 0.078235976 0.989783525 68.503761292 0.028570838 0.996748030 -0.075345799 -4.161577702 -0.992459536 0.019298026 -0.121043652 81.754905701
-0.119022988 0.075464897 0.990019381 69.652191162 0.025924161 0.997003615 -0.072880603 -4.247550011 -0.992553055 0.016990958 -0.120622709 81.613044739
-0.118526630 0.071271412 0.990389645 70.778694153 0.024962267 0.997319221 -0.068782680 -4.328810215 -0.992637157 0.016569793 -0.119987980 81.476242065
-0.118268311 0.068984874 0.990582407 71.910011292 0.023064053 0.997505486 -0.066713326 -4.418294907 -0.992713809 0.014956775 -0.119564369 81.345382690
-0.118122317 0.069674186 0.990551710 73.051231384 0.020763252 0.997490585 -0.067686260 -4.494822979 -0.992781937 0.012571816 -0.119272567 81.211593628
-0.118576758 0.074575476 0.990140438 74.186294556 0.022159643 0.997126043 -0.072447829 -4.584177017 -0.992697537 0.013350531 -0.119888537 81.086036682
-0.117163748 0.077556416 0.990079582 75.308570862 0.021580322 0.996909320 -0.075537659 -4.667880058 -0.992878079 0.012515962 -0.118475333 80.945648193
-0.115896627 0.075988516 0.990350306 76.456611633 0.021822469 0.997023284 -0.073946744 -4.759340763 -0.993021488 0.013041712 -0.117209904 80.803237915
-0.116084434 0.069760039 0.990786672 77.605407715 0.023274170 0.997447670 -0.067502156 -4.846728802 -0.992966652 0.015223785 -0.117411770 80.674903870
-0.116426043 0.068129979 0.990859926 78.761032104 0.022309119 0.997572184 -0.065970190 -4.931366444 -0.992948771 0.014424563 -0.117663309 80.543251038
-0.116505198 0.071057267 0.990644872 79.911994934 0.019503046 0.997408688 -0.069248758 -5.015343189 -0.992998540 0.011252754 -0.117589116 80.420501709
-0.116608508 0.074393108 0.990387797 81.059707642 0.018503042 0.997180343 -0.072724774 -5.096257687 -0.993005574 0.009844862 -0.117656209 80.299972534
-0.116163485 0.074074961 0.990464032 82.254066467 0.017610164 0.997211814 -0.072514273 -5.180729866 -0.993074000 0.009018722 -0.117144071 80.160285950
-0.115513042 0.070417754 0.990806758 83.423500061 0.017590901 0.997472584 -0.068840683 -5.271543980 -0.993150175 0.009477189 -0.116459802 80.008712769
-0.114452913 0.069915533 0.990965307 84.600830078 0.018186755 0.997500658 -0.068276122 -5.352611065 -0.993262231 0.010208042 -0.115438387 79.870582581
-0.113534503 0.069894835 0.991072416 85.780227661 0.019668341 0.997485101 -0.068093933 -5.445872784 -0.993339300 0.011761740 -0.114623681 79.746879578
-0.112345383 0.069934607 0.991205275 86.975234985 0.022047265 0.997450113 -0.067876346 -5.535089970 -0.993424535 0.014227771 -0.113600791 79.592857361
-0.111659490 0.068935998 0.991352618 88.160346985 0.021507191 0.997524977 -0.066942796 -5.625181675 -0.993513763 0.013846411 -0.112865746 79.470970154
-0.109959289 0.069959342 0.991470993 89.367202759 0.022990353 0.997431993 -0.067830205 -5.709636688 -0.993670166 0.015335709 -0.111285299 79.327598572
-0.108590573 0.068447582 0.991727352 90.567596436 0.023037409 0.997532129 -0.066325702 -5.791393757 -0.993819654 0.015644481 -0.109899424 79.195968628
-0.107949540 0.067407519 0.991868556 91.772949219 0.021427605 0.997624636 -0.065466650 -5.880145550 -0.993925452 0.014186272 -0.109137498 79.073844910
-0.106188670 0.066778973 0.992101192 92.986030579 0.022668570 0.997645617 -0.064725876 -5.965066433 -0.994087636 0.015616360 -0.107452437 78.943138123
-0.104094207 0.067289047 0.992288530 94.211929321 0.020875785 0.997636676 -0.065461785 -6.055819988 -0.994348288 0.013900611 -0.105252899 78.811805725
-0.103134625 0.069871217 0.992210329 95.415039062 0.020782199 0.997463346 -0.068080947 -6.143029213 -0.994450271 0.013598804 -0.104325086 78.688179016
-0.102292567 0.068792313 0.992372870 96.637672424 0.018168211 0.997568846 -0.067279741 -6.226562977 -0.994588435 0.011147424 -0.103293695 78.571922302
-0.101366073 0.067470819 0.992558599 97.878250122 0.015398142 0.997684479 -0.066246703 -6.323169708 -0.994730055 0.008568391 -0.102170296 78.446380615
-0.101306528 0.068662263 0.992482960 99.119804382 0.012748800 0.997623146 -0.067716554 -6.408529758 -0.994773626 0.005792838 -0.101941109 78.325965881
-0.101218216 0.068085477 0.992531776 100.334632874 0.009836992 0.997675121 -0.067435145 -6.495276451 -0.994815648 0.002937860 -0.101652652 78.198448181
-0.102083236 0.064821169 0.992661774 101.576988220 0.007158273 0.997896731 -0.064426884 -6.592194557 -0.994750082 0.000528839 -0.102332547 78.073379517
-0.103582762 0.063840494 0.992569864 102.838661194 0.004656754 0.997958124 -0.063701116 -6.677270889 -0.994609833 -0.001976182 -0.103668563 77.951400757
-0.105723694 0.063555434 0.992362440 104.099632263 0.002492774 0.997969210 -0.063648961 -6.759584904 -0.994392395 -0.004255468 -0.105667427 77.837585449
-0.106630810 0.062856354 0.992309868 105.355628967 0.002661025 0.998014390 -0.062931731 -6.858411789 -0.994295120 -0.004069899 -0.106586330 77.698333740
-0.109160438 0.061344698 0.992129445 106.613441467 0.001900644 0.998104990 -0.061505061 -6.943912029 -0.994022369 -0.004828233 -0.109070167 77.568054199
-0.112208754 0.056431361 0.992081046 107.888458252 -0.001435662 0.998376012 -0.056951798 -7.032975674 -0.993683636 -0.007814785 -0.111945502 77.434379578
-0.117111124 0.056636758 0.991502583 109.145286560 -0.002361626 0.998353779 -0.057307068 -7.109574318 -0.993116021 -0.009052852 -0.116784580 77.298965454
-0.122000702 0.062276866 0.990574419 110.377021790 -0.007049093 0.997949958 -0.063608758 -7.197064400 -0.992505014 -0.014742964 -0.121311605 77.149597168
-0.129305482 0.064966932 0.989474297 111.596496582 -0.006391649 0.997776031 -0.066347279 -7.285862446 -0.991584241 -0.014903441 -0.128602669 77.003379822
-0.138120756 0.061155565 0.988525510 112.848411560 -0.004998032 0.998036087 -0.062442288 -7.376063824 -0.990402758 -0.013565257 -0.137543842 76.826606750
-0.148547277 0.059543531 0.987111032 114.076911926 -0.002865979 0.998155534 -0.060641035 -7.459486485 -0.988901198 -0.011837101 -0.148102611 76.641036987
-0.162225366 0.060081128 0.984923065 115.292289734 -0.002620309 0.998114884 -0.061317444 -7.551204205 -0.986750245 -0.012528046 -0.161762148 76.458618164
-0.175887793 0.060431235 0.982553601 116.509353638 -0.000192358 0.998111784 -0.061422572 -7.636637688 -0.984410226 -0.010992481 -0.175544083 76.239044189
-0.190380096 0.058182471 0.979984701 117.720481873 -0.000524443 0.998236060 -0.059367944 -7.719816208 -0.981710315 -0.011816420 -0.190013736 76.011245728
-0.205571249 0.060939983 0.976742864 118.921813965 0.003637750 0.998100042 -0.061506853 -7.804489613 -0.978635371 -0.009090897 -0.205402374 75.757431030
-0.221177295 0.064023055 0.973129749 120.103591919 0.003738402 0.997891009 -0.064802438 -7.892961979 -0.975226402 -0.010694877 -0.220950186 75.503463745
-0.236402184 0.068019345 0.969271481 121.267570496 0.003356558 0.997597933 -0.069188520 -7.979280949 -0.971649468 -0.013102899 -0.236062631 75.223854065
-0.252161771 0.065881819 0.965439856 122.436058044 -0.000003313 0.997679651 -0.068082757 -8.073990822 -0.967685044 -0.017171063 -0.251576453 74.929573059
-0.268532604 0.060202371 0.961387575 123.603195190 -0.005588198 0.997931004 -0.064051636 -8.164024353 -0.963254392 -0.022572370 -0.267640591 74.629890442
-0.284618795 0.055795327 0.957015693 124.780784607 -0.009910618 0.998080194 -0.061136890 -8.252274513 -0.958589554 -0.026885318 -0.283519417 74.305519104
-0.299864501 0.057387061 0.952254117 125.927749634 -0.011849836 0.997887969 -0.063868657 -8.334540367 -0.953908205 -0.030436000 -0.298551172 73.961517334
-0.313910484 0.059159171 0.947607636 127.077850342 -0.011985584 0.997730494 -0.066258758 -8.423550606 -0.949376881 -0.032156948 -0.312488943 73.583534241
-0.327885747 0.061583519 0.942708015 128.213348389 -0.010422237 0.997576594 -0.068792842 -8.511276245 -0.944659889 -0.032381319 -0.326449245 73.199844360
-0.342428625 0.061149020 0.937551856 129.348510742 -0.008545301 0.997636020 -0.068188876 -8.608022690 -0.939504981 -0.031361490 -0.341096550 72.798027039
-0.356488049 0.059177216 0.932424009 130.474258423 -0.008968141 0.997729421 -0.066750638 -8.698777199 -0.934256852 -0.032157917 -0.355147958 72.382797241
-0.370662659 0.057871372 0.926962972 131.586288452 -0.008831076 0.997792125 -0.065824591 -8.792496681 -0.928725541 -0.032584798 -0.369333267 71.938430786
-0.385445148 0.059475239 0.920812070 132.684951782 -0.010193642 0.997585177 -0.068701006 -8.881714821 -0.922674417 -0.035866905 -0.383908123 71.491539001
-0.400751710 0.061178427 0.914141774 133.770614624 -0.009655499 0.997430623 -0.070985369 -8.973965645 -0.916135788 -0.037274014 -0.399131358 71.037567139
-0.415075392 0.063428752 0.907573223 134.862289429 -0.008200605 0.997265339 -0.073447712 -9.062574387 -0.909750044 -0.037928987 -0.413420171 70.542716980
-0.429807723 0.065579459 0.900535643 135.935089111 -0.005590117 0.997146547 -0.075282991 -9.161916733 -0.902903140 -0.037391316 -0.428214729 70.036407471
-0.444840848 0.068734959 0.892968059 137.008377075 -0.005790288 0.996809065 -0.079612464 -9.261814117 -0.895590961 -0.040585421 -0.443023413 69.520736694
-0.459658802 0.071002536 0.885252714 138.070053101 -0.005194700 0.996566892 -0.082627892 -9.362133026 -0.888080359 -0.042579267 -0.457711995 68.973289490
-0.475049347 0.068251349 0.877308309 139.137100220 -0.006651228 0.996680379 -0.081139602 -9.464627266 -0.879934013 -0.044380490 -0.473018497 68.412025452
-0.490938574 0.064046405 0.868836761 140.204254150 -0.009288964 0.996852517 -0.078731857 -9.563989639 -0.871144652 -0.046723094 -0.488798410 67.822303772
-0.507185340 0.064149521 0.859446228 141.266036987 -0.009708540 0.996737421 -0.080126300 -9.666504860 -0.861782312 -0.048982847 -0.504907787 67.215087891
-0.522938907 0.063246205 0.850020468 142.313690186 -0.010984988 0.996660471 -0.080915079 -9.767447472 -0.852299273 -0.051651120 -0.520497859 66.583290100
-0.538412869 0.062213361 0.840381622 143.349197388 -0.011521960 0.996634305 -0.081162594 -9.871169090 -0.842602432 -0.053381827 -0.535883904 65.922393799
-0.554545999 0.061904810 0.829847157 144.418731689 -0.012506607 0.996496618 -0.082694016 -9.972406387 -0.832059085 -0.056236211 -0.551828921 65.245529175
-0.570063710 0.061190974 0.819318593 145.437042236 -0.013021823 0.996424496 -0.083478451 -10.078619957 -0.821497202 -0.058257062 -0.567228675 64.553611755
-0.584738970 0.059413072 0.809042931 146.443405151 -0.012405558 0.996542990 -0.082148530 -10.176490784 -0.811126590 -0.058072090 -0.581980348 63.831733704
-0.599548697 0.055611625 0.798403859 147.445861816 -0.012233933 0.996829569 -0.078619562 -10.289310455 -0.800244749 -0.056903876 -0.596967578 63.094257355
-0.614497244 0.053929586 0.787073553 148.442550659 -0.011863375 0.996916234 -0.077570006 -10.393092155 -0.788829803 -0.057003889 -0.611962557 62.320510864
-0.628538191 0.052663129 0.775993824 149.416107178 -0.012112162 0.996921360 -0.077467054 -10.495062828 -0.777684450 -0.058089957 -0.625965238 61.532405853
-0.643882930 0.053532541 0.763248980 150.387619019 -0.013620308 0.996589303 -0.081388719 -10.605563164 -0.765002668 -0.062800497 -0.640957832 60.744743347
-0.658972800 0.052828405 0.750309169 151.341384888 -0.015840534 0.996334672 -0.084062994 -10.712633133 -0.751999974 -0.067280523 -0.655720592 59.925201416
-0.674812734 0.049415674 0.736332655 152.291702271 -0.017801357 0.996375382 -0.083181344 -10.825636864 -0.737774312 -0.069239572 -0.671487212 59.085445404
-0.690978348 0.041966159 0.721656203 153.222869873 -0.020975823 0.996729016 -0.078046478 -10.939313889 -0.722571015 -0.069065765 -0.687837839 58.221145630
-0.707797647 0.039429333 0.705313921 154.147277832 -0.022020729 0.996724367 -0.077818386 -11.045445442 -0.706071913 -0.070611209 -0.704610825 57.322433472
-0.725229084 0.037052080 0.687509894 155.048828125 -0.023247086 0.996663809 -0.078235850 -11.149775505 -0.688115120 -0.072721504 -0.721948206 56.399852753
-0.742717803 0.033360481 0.668772936 155.928390503 -0.026381923 0.996524870 -0.079008654 -11.254854202 -0.669084668 -0.076324649 -0.739256561 55.460788727
-0.759367049 0.030747633 0.649935544 156.786773682 -0.026536869 0.996588111 -0.078152291 -11.370611191 -0.650121093 -0.076593526 -0.755960286 54.496627808
-0.775569499 0.032833833 0.630407691 157.614532471 -0.024589650 0.996317029 -0.082143500 -11.474961281 -0.630783021 -0.079209499 -0.771905780 53.506198883
-0.790412068 0.032994010 0.611686289 158.413253784 -0.020108957 0.996612787 -0.079741210 -11.593746185 -0.612245381 -0.075328782 -0.787071288 52.488254547
-0.805077612 0.034355678 0.592173576 159.193969727 -0.015984420 0.996702194 -0.079556197 -11.708031654 -0.592953920 -0.073514454 -0.801873624 51.451595306
-0.819362700 0.035636391 0.572166800 159.928207397 -0.014023535 0.996521473 -0.082148738 -11.822553635 -0.573103964 -0.075333409 -0.816012740 50.409595490
-0.833256543 0.036427893 0.551685214 160.678451538 -0.013760537 0.996151567 -0.086559795 -11.945606232 -0.552715361 -0.079717986 -0.829548538 49.328269958
-0.846256018 0.036837932 0.531501353 161.378051758 -0.011035217 0.996180713 -0.086614735 -12.063273430 -0.532662153 -0.079163469 -0.842617393 48.239467621
-0.857875764 0.035057280 0.512659907 162.056320190 -0.009625976 0.996398628 -0.084244780 -12.187473297 -0.513767064 -0.077206396 -0.854448736 47.119819641
-0.868473053 0.036752231 0.494372159 162.703048706 -0.006855520 0.996262372 -0.086106591 -12.303071022 -0.495688975 -0.078170434 -0.864975095 46.007213593
-0.877920806 0.039756764 0.477152228 163.319610596 -0.003855883 0.995927453 -0.090076104 -12.419767380 -0.478790134 -0.080919534 -0.874192119 44.887248993
-0.886986911 0.037124820 0.460299760 163.927322388 -0.005941471 0.995763361 -0.091760941 -12.540276527 -0.461756319 -0.084125608 -0.883008480 43.756134033
-0.895213544 0.034643438 0.444288731 164.515899658 -0.006576373 0.995838046 -0.090901524 -12.671493530 -0.445588797 -0.084298082 -0.891260028 42.604686737
-0.902375400 0.032668870 0.429711163 165.079238892 -0.007425665 0.995795786 -0.091299169 -12.797408104 -0.430887222 -0.085576996 -0.898338914 41.453739166
-0.908985496 0.030752938 0.415691674 165.622222900 -0.007739184 0.995857537 -0.090596840 -12.926243782 -0.416755885 -0.085568301 -0.904982090 40.290885925
-0.915324092 0.028214430 0.401728570 166.150802612 -0.008778540 0.995907903 -0.089946754 -13.050861359 -0.402622461 -0.085857026 -0.911330760 39.124736786
-0.920847237 0.022846282 0.389253795 166.661468506 -0.011730484 0.996206999 -0.086220399 -13.175887108 -0.389747173 -0.083961934 -0.917086482 37.926704407
-0.926069498 0.019426284 0.376852930 167.166061401 -0.013008143 0.996437013 -0.083330967 -13.289006233 -0.377128959 -0.082072414 -0.922517180 36.739433289
-0.930586159 0.020016620 0.365525246 167.657882690 -0.009948127 0.996752381 -0.079910241 -13.408241272 -0.365937680 -0.077999644 -0.927364886 35.549308777
-0.933835626 0.024010075 0.356895715 168.118530273 -0.005663935 0.996627033 -0.081867822 -13.518954277 -0.357657582 -0.078472525 -0.930549800 34.360885620
-0.936385036 0.029133048 0.349763364 168.580245972 -0.000090236 0.996529043 -0.083246052 -13.634812355 -0.350974560 -0.077981919 -0.933132112 33.158779144
-0.937976420 0.032633044 0.345159709 169.016235352 0.003000483 0.996287227 -0.086039893 -13.745220184 -0.346685886 -0.079667747 -0.934591830 31.957206726
-0.939767003 0.029551040 0.340535879 169.457885742 0.000725891 0.996426225 -0.084464699 -13.868119240 -0.341814905 -0.079129949 -0.936429918 30.754785538
-0.941600084 0.022135291 0.336004823 169.905944824 -0.005601713 0.996669352 -0.081356399 -13.978420258 -0.336686522 -0.078487389 -0.938340008 29.563327789
-0.943480909 0.016330102 0.331024140 170.351837158 -0.010763257 0.996748745 -0.079848975 -14.082760811 -0.331251919 -0.078898877 -0.940237761 28.345455170
-0.945144475 0.009655194 0.326509863 170.787109375 -0.017901281 0.996529937 -0.081286922 -14.193694115 -0.326161742 -0.082672834 -0.941691995 27.134029388
-0.946448982 0.007724005 0.322761118 171.221389771 -0.020364294 0.996294856 -0.083557613 -14.312818527 -0.322210670 -0.085655816 -0.942784846 25.925329208
-0.947294414 0.007643538 0.320273221 171.644195557 -0.021055730 0.996068418 -0.086049832 -14.425704956 -0.319671780 -0.088258117 -0.943408906 24.714288712
-0.947286665 0.008316063 0.320279449 172.054229736 -0.021026729 0.995894134 -0.088048927 -14.547830582 -0.319696695 -0.090141997 -0.943222404 23.494020462
-0.947369397 0.010759165 0.319961846 172.472824097 -0.018817499 0.995835602 -0.089202777 -14.674868584 -0.319589168 -0.090528853 -0.943221867 22.291522980
-0.946509361 0.011981767 0.322453916 172.873764038 -0.018636014 0.995612442 -0.091697954 -14.789819717 -0.322137892 -0.092802219 -0.942133129 21.067399979
-0.946264923 0.013198097 0.323123246 173.295181274 -0.017886411 0.995501459 -0.093041934 -14.921690941 -0.322897673 -0.093821831 -0.941772044 19.867134094
-0.945450068 0.014503107 0.325444013 173.710464478 -0.016777262 0.995515049 -0.093103953 -15.038634300 -0.325334698 -0.093485206 -0.940966427 18.681793213
-0.944781899 0.014151326 0.327394098 174.139770508 -0.017254245 0.995533109 -0.092822723 -15.172213554 -0.327245235 -0.093346156 -0.940317571 17.476007462
-0.943495870 0.012489769 0.331148684 174.569107056 -0.019617572 0.995431781 -0.093437836 -15.297249794 -0.330803007 -0.094654523 -0.938940823 16.282684326
-0.942078412 0.010962972 0.335213423 175.009613037 -0.020662375 0.995670021 -0.090632074 -15.428420067 -0.334755540 -0.092308812 -0.937772751 15.099879265
-0.940233886 0.008926091 0.340412170 175.462936401 -0.022125777 0.995942652 -0.087227434 -15.561070442 -0.339809597 -0.089546077 -0.936221600 13.908239365
-0.937975824 0.005175774 0.346662015 175.918502808 -0.026059901 0.996007442 -0.085381918 -15.670024872 -0.345719874 -0.089120150 -0.934096038 12.736124039
-0.935546756 0.007046523 0.353132576 176.373977661 -0.024672056 0.996055007 -0.085238777 -15.788219452 -0.352340132 -0.088457361 -0.931682229 11.569029808
-0.932206690 0.007697924 0.361844629 176.831527710 -0.024727840 0.996083021 -0.084896199 -15.909894943 -0.361080706 -0.088088445 -0.928364754 10.396308899
-0.928406417 0.010394723 0.371421069 177.296447754 -0.023863804 0.995876849 -0.087521054 -16.021791458 -0.370799392 -0.090118632 -0.924330235 9.242149353
-0.923535466 0.012639065 0.383304954 177.769195557 -0.022214631 0.996015728 -0.086366497 -16.141571045 -0.382869333 -0.088277511 -0.919574976 8.060057640
-0.919067681 0.013849992 0.393856257 178.263992310 -0.022375174 0.995936394 -0.087234937 -16.263553619 -0.393463880 -0.088987403 -0.915023267 6.935276508
-0.913958073 0.015405524 0.405516058 178.786285400 -0.022336500 0.995854497 -0.088174783 -16.383991241 -0.405193299 -0.089645870 -0.909825265 5.819813728
-0.907715738 0.017712729 0.419211656 179.321685791 -0.020768827 0.995987117 -0.087053508 -16.508941650 -0.419071317 -0.087726377 -0.903705359 4.665324211
-0.901511669 0.017353069 0.432406723 179.868286133 -0.021547016 0.996156394 -0.084899850 -16.622920990 -0.432217956 -0.085855260 -0.897672772 3.532054663
-0.895163894 0.019847674 0.445295036 180.435592651 -0.020198436 0.996175647 -0.085005850 -16.743923187 -0.445279241 -0.085088432 -0.891339600 2.401991367
-0.887955606 0.022473214 0.459379911 180.996261597 -0.018438330 0.996263146 -0.084378213 -16.852134705 -0.459559500 -0.083394311 -0.884223044 1.285458684
-0.881399632 0.023671696 0.471777856 181.602249146 -0.017075708 0.996494174 -0.081901342 -16.962074280 -0.472062558 -0.080243737 -0.877905369 0.210166156
-0.873968899 0.025237598 0.485326052 182.211395264 -0.015409637 0.996709406 -0.079579696 -17.069173813 -0.485737354 -0.077028871 -0.870704174 -0.879464447
-0.865802884 0.028084256 0.499596715 182.830032349 -0.012306494 0.996926606 -0.077368282 -17.182224274 -0.500234127 -0.073133960 -0.862796187 -1.950153589
-0.857101023 0.031251721 0.514199615 183.467971802 -0.009654657 0.997008324 -0.076688595 -17.280107498 -0.515057981 -0.070694290 -0.854235113 -2.998485804
-0.846341312 0.034583125 0.531517029 184.104400635 -0.005990876 0.997208714 -0.074422672 -17.391458511 -0.532607257 -0.066171244 -0.843771815 -4.047724724
-0.835980952 0.037158851 0.547498822 184.765853882 -0.003670560 0.997303724 -0.073291831 -17.492517471 -0.548746109 -0.063280202 -0.833590686 -5.048050880
-0.824941933 0.038840916 0.563881397 185.454177856 -0.002082952 0.997420371 -0.071750976 -17.602888107 -0.565213680 -0.060364921 -0.822732985 -6.043994427
-0.813716590 0.040776927 0.579829693 186.163772583 -0.000806078 0.997456133 -0.071278021 -17.704227448 -0.581261218 -0.058467496 -0.811613798 -7.021013260
-0.800787210 0.043137558 0.597393453 186.887557983 0.000848912 0.997483850 -0.070890002 -17.802248001 -0.598948359 -0.056260671 -0.798808873 -7.999955654
-0.787338197 0.043783959 0.614964604 187.637954712 0.002430175 0.997687697 -0.067921534 -17.901489258 -0.616516531 -0.051982760 -0.785624087 -8.958616257
-0.773406386 0.045225412 0.632295191 188.433319092 0.003627116 0.997751117 -0.066928342 -17.991830826 -0.633900106 -0.049469400 -0.771831214 -9.878964424
