1.000000000 -0.000000000 0.000000000 0.000000000 -0.000000000 1.000000000 0.000000000 -0.000000007 0.000000000 0.000000000 1.000000000 0.000000000
0.999996066 -0.002377533 -0.001465143 -0.003732287 0.002381870 0.999992847 0.002965341 -0.017474804 0.001458082 -0.002968819 0.999994576 1.521275043
0.999991357 -0.002897284 -0.002978055 -0.006443263 0.002909024 0.999988019 0.003945418 -0.037412766 0.002966588 -0.003954047 0.999987781 3.039559364
0.999989331 -0.001749144 -0.004270114 -0.026548915 0.001764318 0.999992132 0.003552352 -0.049524758 0.004263866 -0.003559848 0.999984622 4.554121494
0.999981880 -0.000972641 -0.005940069 -0.039474159 0.000993334 0.999993384 0.003481620 -0.068300307 0.005936644 -0.003487458 0.999976277 6.060975075
0.999971271 -0.001547365 -0.007412386 -0.051895957 0.001574377 0.999992132 0.003639782 -0.082233541 0.007406695 -0.003651347 0.999965906 7.557809830
0.999954700 -0.001828570 -0.009334474 -0.071801230 0.001867892 0.999989450 0.004205501 -0.099181779 0.009326686 -0.004222747 0.999947608 9.047328949
0.999929488 -0.003979496 -0.011181607 -0.093553647 0.004016314 0.999986649 0.003272193 -0.111825660 0.011168436 -0.003316872 0.999932170 10.541784286
0.999909878 -0.005203685 -0.012379005 -0.118488960 0.005248378 0.999979854 0.003580607 -0.127294570 0.012360121 -0.003645254 0.999916971 12.034277916
0.999894619 -0.004500630 -0.013801600 -0.145447090 0.004549582 0.999983490 0.003517435 -0.142808229 0.013785540 -0.003579856 0.999898612 13.521978378
0.999883950 -0.004622265 -0.014514759 -0.174944460 0.004674588 0.999982715 0.003572970 -0.161169842 0.014497994 -0.003640406 0.999888301 15.023413658
0.999877274 -0.003052007 -0.015365707 -0.206178695 0.003117433 0.999986231 0.004235714 -0.178752944 0.015352568 -0.004283096 0.999873042 16.498231888
0.999871373 -0.001903883 -0.015923617 -0.230935603 0.001982454 0.999985993 0.004919949 -0.191252559 0.015914025 -0.004950885 0.999861121 17.998941422
0.999861717 -0.000908286 -0.016603353 -0.264559358 0.001004852 0.999982715 0.005808664 -0.205417812 0.016597787 -0.005824545 0.999845266 19.463485718
0.999857247 -0.001045640 -0.016865239 -0.292822480 0.001147026 0.999981344 0.006002970 -0.223430112 0.016858652 -0.006021458 0.999839723 20.922035217
0.999848008 0.000230809 -0.017433953 -0.326334745 -0.000129011 0.999982953 0.005839956 -0.231322676 0.017435009 -0.005836818 0.999830961 22.386150360
0.999840081 0.000093507 -0.017880734 -0.341846228 0.000024257 0.999978364 0.006585741 -0.245119587 0.017880963 -0.006585123 0.999818385 23.846899033
0.999842882 0.001269242 -0.017676666 -0.378207505 -0.001131740 0.999969065 0.007786608 -0.255903751 0.017686000 -0.007765381 0.999813437 25.287248611
0.999839187 0.001725383 -0.017845787 -0.406965613 -0.001607980 0.999977052 0.006591038 -0.267559946 0.017856752 -0.006561283 0.999819040 26.728937149
0.999842882 0.001836527 -0.017630296 -0.446234912 -0.001758894 0.999988735 0.004417928 -0.273277134 0.017638214 -0.004386224 0.999834836 28.161708832
0.999851525 0.000131963 -0.017233530 -0.479509920 -0.000057580 0.999990642 0.004316648 -0.290153682 0.017233938 -0.004315014 0.999842167 29.593852997
0.999851704 -0.000478422 -0.017215619 -0.509259522 0.000600895 0.999974549 0.007109632 -0.306841433 0.017211778 -0.007118922 0.999826550 31.003963470
0.999856591 -0.002117306 -0.016800048 -0.542437375 0.002259782 0.999961615 0.008466246 -0.318616271 0.016781475 -0.008502996 0.999822974 32.424385071
0.999857366 -0.002564268 -0.016694082 -0.571442723 0.002694129 0.999966323 0.007761013 -0.327808648 0.016673617 -0.007804880 0.999830544 33.830184937
0.999868751 -0.002861824 -0.015939785 -0.604596019 0.002958258 0.999977469 0.006029614 -0.343257248 0.015922170 -0.006075978 0.999854743 35.221778870
0.999877095 -0.001420730 -0.015612021 -0.635347188 0.001500589 0.999985874 0.005104647 -0.354917318 0.015604550 -0.005127447 0.999865055 36.579238892
0.999890208 -0.001591414 -0.014730120 -0.662669301 0.001655951 0.999989033 0.004370133 -0.373140365 0.014723004 -0.004394046 0.999881983 37.954532623
0.999908507 -0.001025013 -0.013487059 -0.688198924 0.001101520 0.999983311 0.005666472 -0.390098900 0.013481024 -0.005680810 0.999893010 39.290023804
0.999932051 -0.000650249 -0.011644298 -0.717577040 0.000737343 0.999971747 0.007476823 -0.403654665 0.011639107 -0.007484901 0.999904275 40.623077393
0.999951720 -0.001168686 -0.009750056 -0.741844177 0.001252119 0.999962628 0.008555436 -0.418430060 0.009739692 -0.008567233 0.999915898 41.917221069
0.999970317 -0.000449377 -0.007694098 -0.754210770 0.000520617 0.999957025 0.009259497 -0.431857705 0.007689608 -0.009263225 0.999927580 43.203506470
0.999990702 -0.000470360 -0.004282218 -0.774302483 0.000508308 0.999960482 0.008865079 -0.442911685 0.004277880 -0.008867173 0.999951601 44.480583191
0.999998629 -0.001391832 -0.000879200 -0.781112075 0.001397936 0.999974668 0.006980833 -0.454711437 0.000869462 -0.006982050 0.999975264 45.726722717
0.999994695 -0.001699522 0.002733922 -0.779413640 0.001684897 0.999984264 0.005343047 -0.472506225 -0.002742960 -0.005338413 0.999981999 46.923610687
0.999974310 -0.001334036 0.007035668 -0.778502107 0.001292768 0.999981940 0.005866921 -0.484266281 -0.007043369 -0.005857674 0.999958098 48.139026642
0.999925435 -0.001723073 0.012084182 -0.767643571 0.001653355 0.999981940 0.005777029 -0.498036742 -0.012093919 -0.005756618 0.999910355 49.371593475
0.999824107 0.000095239 0.018753557 -0.758391201 -0.000185390 0.999988437 0.004805438 -0.509018123 -0.018752886 -0.004808069 0.999812603 50.556018829
0.999659300 0.001244345 0.026070850 -0.739791989 -0.001361854 0.999988973 0.004490032 -0.522041142 -0.026064979 -0.004524007 0.999650061 51.764354706
0.999398232 0.002737021 0.034577120 -0.699400365 -0.002939880 0.999978721 0.005817384 -0.532430232 -0.034560464 -0.005915537 0.999385118 52.945064545
0.998971105 0.005739496 0.044984739 -0.658483922 -0.006030588 0.999961734 0.006337870 -0.540455401 -0.044946644 -0.006602634 0.998967588 54.123001099
0.998288095 0.007188144 0.058043562 -0.608375549 -0.007570363 0.999951005 0.006367799 -0.557750106 -0.057994947 -0.006796308 0.998293757 55.244346619
0.997313917 0.008999926 0.072690688 -0.536019564 -0.009526282 0.999930859 0.006897572 -0.568849623 -0.072623581 -0.007571516 0.997330666 56.380447388
0.995923638 0.011855061 0.089418516 -0.457773328 -0.012641763 0.999886274 0.008236792 -0.581979394 -0.089310691 -0.009333626 0.995960057 57.498016357
0.994172454 0.011761455 0.107157506 -0.347146392 -0.012774027 0.999879956 0.008767867 -0.587448001 -0.107041523 -0.010085604 0.994203448 58.596675873
0.991924942 0.011629146 0.126291946 -0.217988685 -0.012783062 0.999883652 0.008330278 -0.602915943 -0.126180395 -0.009877409 0.991958141 59.706707001
0.989144266 0.011236835 0.146517500 -0.061544225 -0.012396147 0.999898612 0.007001762 -0.602697730 -0.146423981 -0.008742005 0.989183307 60.799556732
0.985817492 0.007776311 0.167640150 0.107594311 -0.009103487 0.999933004 0.007149757 -0.619820952 -0.167573363 -0.008574465 0.985822260 61.842395782
0.981938899 0.003089944 0.189173087 0.308130354 -0.004909440 0.999946117 0.009150318 -0.623895764 -0.189134628 -0.009913787 0.981901109 62.876834869
0.977162957 -0.002716037 0.212474197 0.527010441 0.000425041 0.999941230 0.010827407 -0.637178481 -0.212491140 -0.010489828 0.977106750 63.907421112
0.971689880 -0.007813266 0.236131057 0.779027104 0.005564318 0.999932647 0.010189042 -0.644868731 -0.236194745 -0.008586681 0.971667886 64.915176392
0.965082347 -0.013653629 0.261590600 1.046263933 0.011815514 0.999893248 0.008598263 -0.653588116 -0.261680096 -0.005207204 0.965140581 65.908950806
0.957556248 -0.017605944 0.287708491 1.349886417 0.015651703 0.999836206 0.009091393 -0.654756725 -0.287821412 -0.004202391 0.957674921 66.888305664
0.948934913 -0.019975830 0.314838886 1.660547495 0.017213985 0.999785066 0.011550636 -0.663308382 -0.315001965 -0.005541171 0.949074864 67.837684631
0.939236045 -0.024437387 0.342401057 2.006187677 0.020875871 0.999682844 0.014083681 -0.662433565 -0.342636645 -0.006079980 0.939448416 68.776145935
0.928249002 -0.027156444 0.370966703 2.374430418 0.023648035 0.999622285 0.014003738 -0.669610262 -0.371206820 -0.004226323 0.928540647 69.689483643
0.916102350 -0.026517134 0.400066555 2.768349648 0.024438046 0.999648273 0.010298430 -0.673443794 -0.400198936 0.000342429 0.916428268 70.594535828
0.902980864 -0.027556635 0.428796202 3.178136826 0.028112711 0.999592066 0.005037722 -0.679614782 -0.428760111 0.007505657 0.903387189 71.446113586
0.888741374 -0.029192872 0.457478404 3.624742031 0.031385954 0.999503374 0.002807513 -0.685518146 -0.457333207 0.011863244 0.889216304 72.301635742
0.873059213 -0.030321991 0.486670494 4.090408802 0.031255569 0.999492168 0.006202614 -0.697479784 -0.486611426 0.009795913 0.873563528 73.131423950
0.855314195 -0.029048281 0.517294645 4.584985256 0.026849283 0.999570549 0.011736508 -0.701284647 -0.517413437 0.003850590 0.855726898 73.953994751
0.835530579 -0.029404484 0.548656642 5.100360870 0.024927370 0.999567389 0.015609370 -0.709930241 -0.548878133 0.000634460 0.835902095 74.754035950
0.814324141 -0.023218067 0.579945743 5.636907101 0.020756219 0.999725342 0.010879294 -0.712632895 -0.580038965 0.003178208 0.814582467 75.519805908
0.792456925 -0.016453169 0.609705925 6.201788902 0.018038960 0.999831021 0.003534967 -0.715200305 -0.609661043 0.008197151 0.792619824 76.258415222
0.769859970 -0.014025758 0.638058662 6.793588161 0.016981615 0.999854684 0.001489286 -0.719725311 -0.637986779 0.009688726 0.769986391 76.969528198
0.746470392 -0.016321221 0.665218532 7.417496204 0.017557142 0.999834180 0.004829436 -0.727792084 -0.665187001 0.008074305 0.746633172 77.669456482
0.721980155 -0.016983110 0.691705287 8.046214104 0.018238954 0.999818385 0.005510823 -0.741945624 -0.691673338 0.008637277 0.722158790 78.332496643
0.696697950 -0.014445189 0.717219174 8.702392578 0.018334825 0.999829173 0.002326888 -0.744323492 -0.717130303 0.011528949 0.696843803 78.964134216
0.670333743 -0.012764392 0.741949975 9.367438316 0.018663671 0.999825716 0.000338679 -0.759223163 -0.741824985 0.013620479 0.670455158 79.566131592
0.643284142 -0.010489047 0.765555739 10.062613487 0.016931383 0.999856532 -0.000527911 -0.767227113 -0.765440285 0.013301512 0.643369377 80.147674561
0.615412176 -0.008813100 0.788156152 10.785143852 0.016678693 0.999859214 -0.001842798 -0.780665219 -0.788028955 0.014279495 0.615472555 80.709777832
0.586713374 -0.002487706 0.809790850 11.518119812 0.015110199 0.999854863 -0.007876125 -0.796887934 -0.809653640 0.016857129 0.586665869 81.241333008
0.556700408 0.007035095 0.830683589 12.287195206 0.014040545 0.999741554 -0.017876426 -0.808213234 -0.830594718 0.021615062 0.556457818 81.761810303
0.526090682 0.015342361 0.850290239 13.067830086 0.012923359 0.999577463 -0.026031980 -0.829848409 -0.850330412 0.024683783 0.525670171 82.240707397
0.494295329 0.020259639 0.869057894 13.871466637 0.010208311 0.999524176 -0.029107293 -0.858952940 -0.869234145 0.023259213 0.493853331 82.702407837
0.462006152 0.020005215 0.886651158 14.698417664 0.008072047 0.999609232 -0.026759945 -0.885512054 -0.886840105 0.019520350 0.461664200 83.130134583
0.428664774 0.018685369 0.903270304 15.555102348 0.003685994 0.999741673 -0.022430267 -0.916023374 -0.903456032 0.012944515 0.428485245 83.547576904
0.394355357 0.019768808 0.918745399 16.409112930 -0.000597013 0.999773920 -0.021256054 -0.947116613 -0.918957829 0.007833935 0.394278020 83.920555115
0.358926833 0.022922309 0.933084130 17.282648087 -0.007938265 0.999737263 -0.021506127 -0.973026752 -0.933331907 0.000312057 0.359014511 84.278251648
0.323301226 0.024515113 0.945978522 18.199302673 -0.012562986 0.999687493 -0.021613410 -1.005429864 -0.946212709 -0.004896671 0.323508173 84.602897644
0.287032217 0.023854112 0.957623899 19.106420517 -0.015097274 0.999678433 -0.020376513 -1.029133797 -0.957801938 -0.008608794 0.287300050 84.885192871
0.250718981 0.023517534 0.967774272 20.046363831 -0.015857544 0.999670506 -0.020184459 -1.057175040 -0.967930079 -0.010285893 0.251009315 85.132492065
0.214958102 0.022957893 0.976353407 20.991464615 -0.014846091 0.999684989 -0.020237932 -1.082930207 -0.976510406 -0.010144723 0.215231210 85.341583252
0.179720506 0.022092629 0.983469605 21.947933197 -0.012763641 0.999715984 -0.020125145 -1.102290869 -0.983634889 -0.008935750 0.179951459 85.510551453
0.145323366 0.020878499 0.989163876 22.914640427 -0.004335425 0.999781072 -0.020465661 -1.134278536 -0.989374697 -0.001314308 0.145382077 85.638237000
0.111502081 0.023900345 0.993476748 23.904104233 -0.002394683 0.999714315 -0.023781637 -1.172716022 -0.993761361 0.000272640 0.111527458 85.753364563
0.078689195 0.028993599 0.996477544 24.875040054 -0.001391852 0.999579191 -0.028973937 -1.200332046 -0.996898293 0.000892987 0.078696430 85.831916809
0.049772650 0.032910120 0.998218179 25.849803925 0.005339499 0.999433935 -0.033216432 -1.235040784 -0.998746276 0.006983257 0.049568746 85.864143372
0.024516340 0.031154644 0.999213815 26.891359329 0.007112927 0.999483526 -0.031337574 -1.271196127 -0.999674082 0.007875617 0.024282079 85.887985229
0.002163561 0.028161377 0.999601007 27.887071609 0.008526216 0.999566555 -0.028178861 -1.305694342 -0.999961317 0.008583780 0.001922513 85.886810303
-0.016465129 0.025587600 0.999536991 28.886091232 0.008674783 0.999638498 -0.025447305 -1.342249393 -0.999826849 0.008251772 -0.016681146 85.869049072
-0.033265606 0.028688861 0.999034643 29.913429260 0.010701392 0.999541044 -0.028347064 -1.382727146 -0.999389231 0.009748081 -0.033557344 85.836906433
-0.047860630 0.032933526 0.998310864 30.908924103 0.013438505 0.999387145 -0.032324765 -1.416496277 -0.998763561 0.011868723 -0.048273873 85.784339905
-0.060105756 0.037910908 0.997471750 31.894351959 0.018007778 0.999157131 -0.036889847 -1.460950017 -0.998029470 0.015744960 -0.060737781 85.725173950
-0.068962775 0.041248370 0.996766090 32.918407440 0.023344634 0.998938024 -0.039723102 -1.509699583 -0.997346103 0.020529725 -0.069852471 85.644020081
-0.074787103 0.046745453 0.996103287 33.916316986 0.026818682 0.998633623 -0.044850666 -1.555521131 -0.996838868 0.023359925 -0.075938575 85.563148499
-0.078535058 0.051504504 0.995579958 34.926479340 0.028821757 0.998364508 -0.049374983 -1.607749939 -0.996494591 0.024816697 -0.079891041 85.477699280
-0.081017137 0.055464536 0.995168209 35.934009552 0.031228608 0.998101532 -0.053085681 -1.666929483 -0.996223390 0.026776865 -0.082595393 85.390533447
-0.083917387 0.058330100 0.994764090 36.943885803 0.031909097 0.997930586 -0.055823956 -1.728019595 -0.995961666 0.027057420 -0.085604995 85.302726746
-0.086390898 0.062172767 0.994319439 37.951461792 0.032335069 0.997700036 -0.059574727 -1.788568616 -0.995736420 0.027004668 -0.088202566 85.216247559
-0.088137910 0.065680765 0.993940532 38.950019836 0.034283631 0.997432590 -0.062871426 -1.856857419 -0.995518088 0.028534537 -0.090163402 85.117225647
-0.090564720 0.066887535 0.993641853 39.965038300 0.036851067 0.997283697 -0.063773930 -1.927773714 -0.995208561 0.030841092 -0.092783608 85.023300171
-0.092334732 0.065929875 0.993542910 40.993652344 0.037101876 0.997340441 -0.062733807 -2.001600027 -0.995036542 0.031069795 -0.094535276 84.924621582
-0.094555154 0.065574944 0.993357539 42.030761719 0.036779251 0.997377217 -0.062339365 -2.070507288 -0.994839966 0.030640438 -0.096718952 84.822410583
-0.097039379 0.066837378 0.993033767 43.048969269 0.036520537 0.997309804 -0.063556403 -2.139310598 -0.994610250 0.030098654 -0.099219263 84.727607727
-0.099003680 0.068912610 0.992697954 44.066711426 0.036151338 0.997189760 -0.065618984 -2.217955351 -0.994430184 0.029390845 -0.101216733 84.611663818
-0.101501949 0.070792034 0.992313385 45.098659515 0.034607042 0.997112691 -0.067594528 -2.298280954 -0.994233251 0.027480060 -0.103658758 84.505546570
-0.104237944 0.074381068 0.991767049 46.111248016 0.032086708 0.996931791 -0.071395993 -2.376663446 -0.994034708 0.024380364 -0.106304765 84.409896851
-0.106516056 0.078600749 0.991199434 47.150417328 0.028334348 0.996705651 -0.075992532 -2.453609705 -0.993907213 0.019990560 -0.108392268 84.304374695
-0.109280318 0.081127167 0.990694702 48.192203522 0.025869766 0.996558428 -0.078753710 -2.535544634 -0.993674278 0.017022811 -0.111002967 84.192687988
-0.112195827 0.079717904 0.990483224 49.241348267 0.023828464 0.996706069 -0.077519588 -2.618244648 -0.993400395 0.014904324 -0.113725819 84.077842712
-0.114979230 0.075275175 0.990511715 50.292087555 0.021385033 0.997081220 -0.073292039 -2.708710909 -0.993137658 0.012755065 -0.116253376 83.958198547
-0.117358699 0.073785417 0.990344703 51.341991425 0.021663759 0.997188926 -0.071728103 -2.789978266 -0.992853284 0.013036671 -0.118627250 83.838508606
-0.119516052 0.074057221 0.990066409 52.384559631 0.020807195 0.997181952 -0.072077706 -2.876718998 -0.992614210 0.011986061 -0.120720163 83.720054626
-0.120885633 0.076707087 0.989698291 53.441749573 0.022006875 0.996971965 -0.074582845 -2.961012602 -0.992422462 0.012764176 -0.122207664 83.596748352
-0.121415339 0.079508469 0.989412308 54.509967804 0.022602478 0.996749759 -0.077324443 -3.043928385 -0.992344379 0.012974799 -0.122817792 83.462471008
-0.121707998 0.080323100 0.989310563 55.553932190 0.021508668 0.996699631 -0.078276962 -3.129126787 -0.992332876 0.011751819 -0.123033956 83.333183289
-0.122251548 0.078794107 0.989366531 56.614791870 0.018461544 0.996851742 -0.077109016 -3.219144344 -0.992327511 0.008838535 -0.123321325 83.216979980
-0.122338831 0.078310065 0.989394188 57.683387756 0.014878759 0.996914983 -0.077065572 -3.306809425 -0.992376924 0.005292842 -0.123126566 83.094749451
-0.121959642 0.079399928 0.989354074 58.738948822 0.011277372 0.996841729 -0.078610621 -3.398154020 -0.992470980 0.001569988 -0.122469865 82.967720032
-0.122195087 0.079649389 0.989305019 59.818054199 0.007252670 0.996819735 -0.079358585 -3.487056255 -0.992479563 -0.002522126 -0.122384153 82.842887878
-0.122478507 0.078920245 0.989328384 60.896453857 0.003377519 0.996860743 -0.079102986 -3.578172684 -0.992465436 -0.006346939 -0.122360572 82.714195251
-0.122833192 0.074070886 0.989659369 61.973239899 0.003183261 0.997235179 -0.074242823 -3.661506891 -0.992422223 -0.005969136 -0.122729376 82.593994141
-0.123254761 0.065394320 0.990218163 63.073749542 0.007103639 0.997859120 -0.065014727 -3.746471405 -0.992349684 -0.000979223 -0.123455420 82.459617615
-0.123238638 0.059785463 0.990574479 64.170417786 0.012684399 0.998197019 -0.058667425 -3.828328609 -0.992295980 0.005334750 -0.123774774 82.316398621
-0.122420475 0.062194414 0.990527630 65.272010803 0.020952633 0.997974157 -0.060072403 -3.898535490 -0.992257059 0.013400069 -0.123475604 82.166160583
-0.120988041 0.068205439 0.990307987 66.381538391 0.026547330 0.997502208 -0.065457575 -3.967966795 -0.992298841 0.018370450 -0.122496516 82.015449524
-0.119969085 0.073601358 0.990045607 67.464035034 0.030276407 0.997055411 -0.070453741 -4.049692154 -0.992315888 0.021522753 -0.121844217 81.881172180
-0.119689867 0.078125894 0.989732623 68.561431885 0.030848321 0.996710360 -0.074946150 -4.133054733 -0.992332041 0.021561293 -0.121706173 81.759277344
-0.119406074 0.075325318 0.989983916 69.709419250 0.028197857 0.996972978 -0.072456010 -4.217618465 -0.992444992 0.019263737 -0.121168643 81.615661621
-0.118830383 0.071227521 0.990356505 70.832489014 0.027211362 0.997282684 -0.068460621 -4.298071384 -0.992541671 0.018813748 -0.120445684 81.479644775
-0.118636154 0.069165096 0.990525961 71.967948914 0.025273718 0.997458220 -0.066622078 -4.384383678 -0.992616117 0.017130485 -0.120082654 81.345359802
-0.118491665 0.069517985 0.990518570 73.084236145 0.023278764 0.997466445 -0.067220874 -4.461900234 -0.992682159 0.015092934 -0.119809739 81.215377808
-0.118561052 0.074589372 0.990141273 74.220077515 0.024554988 0.997089803 -0.072172567 -4.548540115 -0.992643118 0.015756050 -0.120047539 81.085380554
-0.117402457 0.077529803 0.990053415 75.340110779 0.023989309 0.996878445 -0.075219564 -4.632164955 -0.992794693 0.014919737 -0.118895859 80.947647095
-0.116629861 0.076906942 0.990193248 76.484390259 0.024242405 0.996920764 -0.074574068 -4.715587616 -0.992879629 0.015307107 -0.118135132 80.811683655
-0.116632760 0.069550574 0.990736842 77.626701355 0.025665527 0.997422934 -0.066998519 -4.811373234 -0.992843390 0.017613558 -0.118117243 80.684646606
-0.117182158 0.068035968 0.990777135 78.777877808 0.024687892 0.997541845 -0.065580592 -4.895127296 -0.992803514 0.016775323 -0.118573777 80.554901123
-0.116967164 0.070930868 0.990599573 79.931541443 0.022140240 0.997384548 -0.068802446 -4.978636265 -0.992888987 0.013884484 -0.118231654 80.427040100
-0.116952792 0.074242204 0.990358651 81.080749512 0.021242080 0.997160792 -0.072243638 -5.058893204 -0.992910385 0.012588182 -0.118197784 80.303375244
-0.116578557 0.073810235 0.990435183 82.264129639 0.020418169 0.997201979 -0.071911223 -5.144867420 -0.992971539 0.011839562 -0.117759466 80.162796021
-0.116015255 0.070458107 0.990745306 83.450912476 0.019969055 0.997444570 -0.068596177 -5.230039120 -0.993046701 0.011826045 -0.117125772 80.020118713
-0.115538813 0.069617584 0.990860403 84.638000488 0.020551085 0.997494817 -0.067687385 -5.317895889 -0.993090332 0.012542735 -0.116680093 79.888351440
-0.114145830 0.069336489 0.991041362 85.814666748 0.022232100 0.997489929 -0.067227028 -5.411197662 -0.993215263 0.014359248 -0.115400821 79.750656128
-0.112933867 0.070062429 0.991129220 87.007522583 0.024238551 0.997408152 -0.067744449 -5.489204407 -0.993306875 0.016372895 -0.114339367 79.612472534
-0.112698898 0.068618089 0.991256952 88.197975159 0.024186134 0.997506440 -0.066300921 -5.588753223 -0.993334889 0.016502636 -0.114077471 79.497070312
-0.110378854 0.069599666 0.991449654 89.390388489 0.025725540 0.997410893 -0.067154102 -5.667445183 -0.993556559 0.018093185 -0.111883566 79.334815979
-0.109048642 0.068274923 0.991688907 90.591186523 0.025503479 0.997502208 -0.065870717 -5.746306896 -0.993709207 0.018108405 -0.110517502 79.203170776
-0.108209573 0.066866249 0.991876841 91.794380188 0.024510730 0.997611582 -0.064578839 -5.838532925 -0.993825853 0.017323578 -0.109590076 79.078170776
-0.106732473 0.066353127 0.992071271 93.008659363 0.025424257 0.997626662 -0.063989401 -5.920430660 -0.993962646 0.018392926 -0.108166151 78.949165344
-0.104326636 0.067203119 0.992270052 94.232124329 0.023183683 0.997607648 -0.065127105 -6.005771637 -0.994272828 0.016209982 -0.105635069 78.814399719
-0.103915058 0.069672398 0.992142856 95.428421021 0.023208553 0.997441590 -0.067613676 -6.091634750 -0.994315326 0.016000124 -0.105266191 78.694534302
-0.103380799 0.068244614 0.992297947 96.650596619 0.020444220 0.997578382 -0.066477828 -6.177078247 -0.994431734 0.013414226 -0.104525663 78.580513000
-0.102481537 0.066993609 0.992476344 97.882476807 0.017657185 0.997694850 -0.065522611 -6.272590160 -0.994578183 0.010809480 -0.103428215 78.460067749
-0.102314435 0.068161264 0.992414057 99.118492126 0.014902920 0.997642756 -0.066983938 -6.355545998 -0.994640470 0.007936442 -0.103089057 78.336227417
-0.102722384 0.067494482 0.992417574 100.332649231 0.011573160 0.997709036 -0.066656433 -6.445232391 -0.994642675 0.004638299 -0.103268161 78.216926575
-0.103662059 0.064429432 0.992523611 101.576309204 0.008915165 0.997919798 -0.063848600 -6.539333344 -0.994572580 0.002229834 -0.104020827 78.089553833
-0.104953267 0.063435592 0.992451787 102.830078125 0.006508662 0.997985840 -0.063101023 -6.621750832 -0.994455874 -0.000163126 -0.105154760 77.965034485
-0.107155472 0.062915854 0.992249608 104.090888977 0.004312705 0.998015761 -0.062815741 -6.705886841 -0.994232893 -0.002451772 -0.107214205 77.849815369
-0.108305499 0.062456112 0.992153823 105.338439941 0.004419530 0.998044908 -0.062344510 -6.800975323 -0.994107842 -0.002367400 -0.108369760 77.713554382
-0.110753372 0.061239090 0.991959393 106.594528198 0.003726653 0.998118401 -0.061203223 -6.883461475 -0.993840933 -0.003081775 -0.110773176 77.580459595
-0.114020854 0.056228887 0.991885841 107.861854553 0.000676635 0.998401225 -0.056520447 -6.970233917 -0.993478060 -0.005773365 -0.113876611 77.446250916
-0.118707538 0.056336883 0.991329730 109.118782043 -0.000288339 0.998387098 -0.056772478 -7.047769547 -0.992929161 -0.007025160 -0.118499838 77.306358337
-0.123776227 0.062217705 0.990357637 110.340034485 -0.004910026 0.997981787 -0.063310340 -7.132040024 -0.992298007 -0.012698995 -0.123220928 77.159317017
-0.130997747 0.065197475 0.989236474 111.559822083 -0.004371970 0.997787476 -0.066339999 -7.217297554 -0.991373062 -0.013015303 -0.130422875 77.009513855
-0.139722407 0.061088253 0.988304555 112.810890198 -0.002610312 0.998068929 -0.062060829 -7.310410023 -0.990187287 -0.011251070 -0.139293104 76.829025269
-0.150333300 0.059039481 0.986870944 114.039436340 -0.000398692 0.998211563 -0.059778668 -7.397533894 -0.988635361 -0.009380180 -0.150040880 76.643615723
-0.163717404 0.059880462 0.984688222 115.260543823 -0.000215445 0.998153925 -0.060735159 -7.484794140 -0.986507237 -0.010155547 -0.163402244 76.451736450
-0.177408084 0.060269158 0.982290149 116.477958679 0.002087567 0.998143852 -0.060864843 -7.568086624 -0.984135091 -0.008747318 -0.177204624 76.230056763
-0.192049995 0.057918102 0.979674518 117.687873840 0.001838748 0.998276532 -0.058657389 -7.652825832 -0.981383443 -0.009463778 -0.191825494 76.003364563
-0.207102209 0.060502976 0.976446629 118.887512207 0.006194149 0.998147011 -0.060533814 -7.739496708 -0.978299737 -0.006488433 -0.207093194 75.746498108
-0.222778484 0.063754939 0.972782135 120.067184448 0.006227416 0.997931957 -0.063977078 -7.824949265 -0.974849224 -0.008194800 -0.222714752 75.490539551
-0.238306597 0.067790553 0.968821168 121.230422974 0.005737318 0.997641742 -0.068395950 -7.909281254 -0.971172988 -0.010740772 -0.238133520 75.213218689
-0.253734380 0.065695241 0.965040445 122.401916504 0.002443681 0.997731268 -0.067278184 -8.002859116 -0.967270792 -0.014712536 -0.253319234 74.914627075
-0.269839287 0.060024414 0.961032748 123.563499451 -0.002970594 0.997998476 -0.063167326 -8.091726303 -0.962900758 -0.019899862 -0.269120902 74.608398438
-0.286113560 0.055533607 0.956585050 124.747329712 -0.007691300 0.998153865 -0.060247310 -8.179495811 -0.958164871 -0.024594955 -0.285158306 74.285942078
-0.301278770 0.057034604 0.951828837 125.893402100 -0.009635958 0.997976482 -0.062849857 -8.261547089 -0.953487515 -0.028107110 -0.300119579 73.938888550
-0.315336972 0.059104696 0.947137415 127.040969849 -0.009451586 0.997813404 -0.065413840 -8.346279144 -0.948932707 -0.029579351 -0.314088792 73.562240601
-0.329396367 0.061489590 0.942187428 128.175048828 -0.008015362 0.997659087 -0.067912042 -8.433371544 -0.944157779 -0.029921953 -0.328132391 73.178428650
-0.343651325 0.060979899 0.937115371 129.309677124 -0.005958410 0.997728050 -0.067109086 -8.530894279 -0.939078450 -0.028645847 -0.342507184 72.770782471
-0.357619822 0.058872875 0.932009697 130.429794312 -0.006371195 0.997833908 -0.065475516 -8.622371674 -0.933845520 -0.029353362 -0.356470138 72.352928162
-0.372203112 0.057694577 0.926356375 131.543273926 -0.006191522 0.997889578 -0.064637460 -8.712827682 -0.928130686 -0.029793818 -0.371060491 71.915931702
-0.386998147 0.059345547 0.920168698 132.642761230 -0.007561291 0.997688830 -0.067525230 -8.799852371 -0.922049522 -0.033089802 -0.385655105 71.464332581
-0.402191311 0.060993806 0.913521588 133.730911255 -0.007091761 0.997541010 -0.069725834 -8.891362190 -0.915528178 -0.034521610 -0.400769830 71.008056641
-0.416682750 0.063022979 0.906864583 134.822311401 -0.005794141 0.997389555 -0.071976312 -8.979592323 -0.909033537 -0.035245791 -0.415229887 70.514083862
-0.431078494 0.065398842 0.899941206 135.891632080 -0.002858573 0.997265935 -0.073840700 -9.076519966 -0.902309954 -0.034403697 -0.429712921 70.003288269
-0.446022391 0.068679355 0.892382860 136.963256836 -0.003005961 0.996931016 -0.078227974 -9.172890663 -0.895016789 -0.037573896 -0.444447070 69.483016968
-0.460929304 0.070794620 0.884608746 138.021316528 -0.002741764 0.996694565 -0.081193402 -9.272236824 -0.887432694 -0.039849795 -0.459211677 68.937934875
-0.476353228 0.068108656 0.876612186 139.089523315 -0.004227176 0.996806443 -0.079744250 -9.371829987 -0.879243970 -0.041692022 -0.474543989 68.374656677
-0.492365837 0.063585848 0.868062794 140.152816772 -0.007146963 0.996998966 -0.077084243 -9.472326279 -0.870359004 -0.044157650 -0.490433812 67.790786743
-0.508366525 0.063750789 0.858777881 141.211257935 -0.007714254 0.996878862 -0.078569174 -9.571793556 -0.861106217 -0.046566769 -0.506288052 67.180084229
-0.524386764 0.062823877 0.849159420 142.258590698 -0.008856501 0.996818006 -0.079217412 -9.670135498 -0.851434171 -0.049061146 -0.522161782 66.549728394
-0.539812267 0.062088877 0.839492559 143.292709351 -0.009407977 0.996768892 -0.079770572 -9.767450333 -0.841732919 -0.050959062 -0.537483931 65.886405945
-0.555741251 0.061104573 0.829106688 144.318878174 -0.010588355 0.996694088 -0.080552906 -9.877770424 -0.831287801 -0.053545460 -0.553257108 65.227142334
-0.571407199 0.060432922 0.818438590 145.341674805 -0.011045985 0.996628225 -0.081302278 -9.980844498 -0.820592284 -0.055497169 -0.568813086 64.529403687
-0.585833907 0.058280353 0.808332860 146.341873169 -0.010968905 0.996749341 -0.079814725 -10.081506729 -0.810356915 -0.055624697 -0.583290279 63.803180695
-0.600577533 0.054435350 0.797711372 147.342926025 -0.010870845 0.997031689 -0.076221243 -10.191740036 -0.799492717 -0.054448564 -0.598203063 63.064334869
-0.615473449 0.053197350 0.786360204 148.337509155 -0.009986577 0.997113109 -0.075271159 -10.288235664 -0.788094342 -0.054180443 -0.613165319 62.290493011
-0.629649341 0.051900495 0.775143802 149.310501099 -0.010256065 0.997123718 -0.075094365 -10.387807846 -0.776811659 -0.055233043 -0.627305925 61.503967285
-0.644723654 0.052653335 0.762600005 150.282455444 -0.012018754 0.996803403 -0.078984767 -10.492702484 -0.764321148 -0.060088854 -0.642030001 60.708160400
-0.659716606 0.052260045 0.749695063 151.236862183 -0.013757405 0.996572196 -0.081575677 -10.599409103 -0.751388490 -0.064130694 -0.656736314 59.883590698
-0.675555110 0.049024712 0.735677779 152.189926147 -0.015708147 0.996603489 -0.080836907 -10.705813408 -0.737142146 -0.066165924 -0.672490478 59.037548065
-0.691634417 0.041498207 0.721054614 153.114913940 -0.019091601 0.996948659 -0.075689100 -10.817059517 -0.721995413 -0.066115268 -0.688731790 58.175434113
-0.708596468 0.039066482 0.704531789 154.039215088 -0.020054657 0.996947765 -0.075451382 -10.919670105 -0.705329001 -0.067593709 -0.705650210 57.277889252
-0.725730836 0.036503121 0.687009811 154.932708740 -0.021555722 0.996894658 -0.075738966 -11.019749641 -0.687641144 -0.069775090 -0.722690225 56.351306915
-0.743327022 0.032740410 0.668126464 155.812942505 -0.024853252 0.996760249 -0.076495133 -11.121134758 -0.668466330 -0.073466010 -0.740105093 55.412940979
-0.759723008 0.030117543 0.649549007 156.664627075 -0.025045535 0.996830225 -0.075513534 -11.237017632 -0.649764299 -0.073637672 -0.756560564 54.444915771
-0.775948107 0.032116849 0.629978657 157.492095947 -0.023212597 0.996572733 -0.079397216 -11.338550568 -0.630369544 -0.076231547 -0.772543252 53.455078125
-0.790741563 0.032164235 0.611304522 158.292510986 -0.018778525 0.996874154 -0.076741889 -11.458990097 -0.611862004 -0.072162397 -0.787665844 52.432991028
-0.805522978 0.033347167 0.591625571 159.075073242 -0.014823891 0.996968806 -0.076377824 -11.571341515 -0.592379093 -0.070294276 -0.802586854 51.396144867
-0.819603801 0.034697093 0.571879148 159.805191040 -0.012952297 0.996787250 -0.079040103 -11.680862427 -0.572784305 -0.072188713 -0.816521287 50.351825714
-0.833534122 0.035820093 0.551305473 160.555541992 -0.012584299 0.996405959 -0.083766237 -11.796471596 -0.552324593 -0.076759815 -0.830087602 49.257980347
-0.846504509 0.036189456 0.531150043 161.254013062 -0.009946258 0.996437848 -0.083742976 -11.911279678 -0.532288611 -0.076171763 -0.843129158 48.168697357
-0.858116269 0.034423001 0.512300253 161.931808472 -0.008574184 0.996650457 -0.081329927 -12.029503822 -0.513383806 -0.074183099 -0.854946792 47.046188354
-0.868601501 0.036144800 0.494191140 162.575820923 -0.005772548 0.996530175 -0.083031513 -12.144343376 -0.495477587 -0.074974030 -0.865379035 45.930221558
-0.878021955 0.039110176 0.477019727 163.188903809 -0.002928745 0.996198118 -0.087067656 -12.254643440 -0.478611380 -0.077844389 -0.874569297 44.811504364
-0.887062013 0.036559321 0.460200399 163.791320801 -0.004950687 0.996048629 -0.088670991 -12.372351646 -0.461623728 -0.080934979 -0.883375943 43.681129456
-0.895369470 0.033850726 0.444035590 164.379089355 -0.005886638 0.996120036 -0.087808527 -12.497793198 -0.445285141 -0.081234947 -0.891696155 42.537204742
-0.902487397 0.031928085 0.429530978 164.940979004 -0.006756092 0.996076763 -0.088236056 -12.618816376 -0.430662930 -0.082533874 -0.898730993 41.381553650
-0.909121633 0.030047491 0.415445477 165.487533569 -0.007055413 0.996140778 -0.087486222 -12.746877670 -0.416470855 -0.082466766 -0.905401051 40.214698792
-0.915427029 0.027243337 0.401561171 166.018249512 -0.008409305 0.996194124 -0.086755782 -12.868528366 -0.402396470 -0.082795434 -0.911713719 39.039230347
-0.921051502 0.022546601 0.388787568 166.525939941 -0.010815375 0.996456742 -0.083408609 -12.982426643 -0.389290601 -0.081028514 -0.917544127 37.855258942
-0.926159859 0.019394776 0.376632035 167.040939331 -0.011591932 0.996740937 -0.079832688 -13.106041908 -0.376952857 -0.078303717 -0.922916651 36.648506165
-0.930617809 0.019940432 0.365448833 167.527069092 -0.008833694 0.996999919 -0.076895602 -13.212203026 -0.365885824 -0.074788675 -0.927649856 35.438102722
-0.934001148 0.023683602 0.356484324 168.000854492 -0.004541328 0.996932745 -0.078131251 -13.332974434 -0.357241333 -0.074593574 -0.931028783 34.252269745
-0.936115921 0.029144511 0.350481898 168.445968628 0.001097741 0.996797681 -0.079957247 -13.438622475 -0.351689875 -0.074464507 -0.933150172 33.056488037
-0.937862992 0.032414075 0.345488667 168.882675171 0.004147988 0.996603787 -0.082242191 -13.550583839 -0.346981078 -0.075698815 -0.934812188 31.860578537
-0.939649522 0.029167566 0.340892971 169.332168579 0.001626743 0.996729076 -0.080798373 -13.671071053 -0.342134655 -0.075367600 -0.936623514 30.654651642
-0.941719890 0.022279985 0.335659355 169.786651611 -0.003851985 0.997024655 -0.076986343 -13.781350136 -0.336375862 -0.073792532 -0.938832223 29.455411911
-0.943565965 0.016199656 0.330788076 170.229721069 -0.009367614 0.997097850 -0.075551733 -13.883358955 -0.331051975 -0.074386738 -0.940675974 28.245304108
-0.945179224 0.009364587 0.326417625 170.664779663 -0.016752316 0.996882021 -0.077107750 -13.991563797 -0.326121956 -0.078348905 -0.942075312 27.046743393
-0.946589708 0.006151541 0.322381914 171.104751587 -0.020472698 0.996653974 -0.079130374 -14.107551575 -0.321789980 -0.081504032 -0.943296492 25.836236954
-0.947277963 0.006334321 0.320350528 171.522979736 -0.020828694 0.996472478 -0.081293873 -14.217983246 -0.319735467 -0.083680376 -0.943804443 24.622129440
-0.947444856 0.007173211 0.319838613 171.937911987 -0.020639343 0.996295393 -0.083483584 -14.332074165 -0.319252610 -0.085697345 -0.943786919 23.402648926
-0.947372556 0.009708963 0.319985986 172.351272583 -0.018701723 0.996154547 -0.085594766 -14.444955826 -0.319586545 -0.087074429 -0.943547845 22.198797226
-0.946932316 0.010477714 0.321262032 172.767425537 -0.018583480 0.996012330 -0.087259695 -14.562026978 -0.320895195 -0.088599205 -0.942961454 20.976272583
-0.946694314 0.011585060 0.321924895 173.187667847 -0.018132245 0.995852232 -0.089159630 -14.682859421 -0.321622550 -0.090244137 -0.942557633 19.775876999
-0.945721567 0.012920030 0.324720860 173.594833374 -0.016844820 0.995917320 -0.088684775 -14.802445412 -0.324540883 -0.089340977 -0.941642940 18.574119568
-0.944935024 0.012439636 0.327021509 174.021163940 -0.017666053 0.995881319 -0.088928916 -14.926211357 -0.326780885 -0.089809254 -0.940823317 17.362981796
-0.943858862 0.010588377 0.330179304 174.456970215 -0.019971691 0.995828986 -0.089026392 -15.050082207 -0.329744816 -0.090622559 -0.939710557 16.175779343
-0.942311466 0.009418915 0.334605038 174.892150879 -0.020704761 0.996049941 -0.086346686 -15.174339294 -0.334096670 -0.088293388 -0.938394248 14.987504005
-0.940426588 0.006703111 0.339931041 175.341339111 -0.023152657 0.996222258 -0.083696857 -15.293851852 -0.339207888 -0.086581044 -0.936718643 13.790781021
-0.938302934 0.004200026 0.345789045 175.796539307 -0.025302608 0.996412158 -0.080761582 -15.407939911 -0.344887614 -0.084528178 -0.934830248 12.614390373
-0.935410440 0.006254021 0.353508651 176.235168457 -0.023858946 0.996447861 -0.080760986 -15.517746925 -0.352758080 -0.083979003 -0.931938469 11.440177917
-0.932307661 0.006733015 0.361603379 176.694213867 -0.023918586 0.996489942 -0.080222860 -15.637228012 -0.360874355 -0.083441429 -0.928874195 10.303191185
-0.928611219 0.009415781 0.370934486 177.160476685 -0.022908879 0.996316075 -0.082641378 -15.747161865 -0.370346129 -0.085239403 -0.924974620 9.152517319
-0.924418986 0.010656742 0.381229490 177.646835327 -0.022008115 0.996453106 -0.081220537 -15.862992287 -0.380742908 -0.083471954 -0.920905709 7.981254578
-0.919849098 0.012135454 0.392084569 178.139266968 -0.022130324 0.996324241 -0.082756139 -15.972729683 -0.391647577 -0.084800109 -0.916199267 6.859649658
-0.914643764 0.013625465 0.404030979 178.657684326 -0.022080392 0.996256173 -0.083583072 -16.089298248 -0.403657198 -0.085369892 -0.910918653 5.738108158
-0.908553779 0.016014848 0.417460710 179.186584473 -0.020127894 0.996426642 -0.082031414 -16.213768005 -0.417282611 -0.082932562 -0.904984772 4.590489388
-0.902361155 0.015524839 0.430700898 179.752868652 -0.021084845 0.996564090 -0.080096506 -16.319894791 -0.430464566 -0.081357256 -0.898933411 3.419832230
-0.896107852 0.018108908 0.443466693 180.317550659 -0.019571407 0.996583104 -0.080243073 -16.434804916 -0.443404585 -0.080585718 -0.892691612 2.290832043
-0.888994753 0.020277442 0.457467973 180.875839233 -0.017754314 0.996741593 -0.078682825 -16.549446106 -0.457572877 -0.078070648 -0.885738134 1.174177408
-0.882049322 0.022206748 0.470633537 181.479598999 -0.015981238 0.996903718 -0.076990314 -16.642158508 -0.470886052 -0.075430550 -0.878963351 0.072559655
-0.874625504 0.023663299 0.484221429 182.087402344 -0.014091919 0.997145057 -0.074182786 -16.748420715 -0.484594405 -0.071705766 -0.871794999 -1.018744349
-0.866325736 0.026667515 0.498767018 182.701629639 -0.010560550 0.997372627 -0.071669377 -16.858562469 -0.499367714 -0.067356296 -0.863767922 -2.096735001
-0.857732236 0.029751686 0.513235211 183.330291748 -0.007485996 0.997495353 -0.070334509 -16.956733704 -0.514042318 -0.064170249 -0.855361104 -3.129750252
-0.847372472 0.032236505 0.530019820 183.969650269 -0.005008162 0.997625947 -0.068683743 -17.060573578 -0.530975580 -0.060855146 -0.845199108 -4.166479588
-0.837083459 0.035000607 0.545954108 184.644302368 -0.002206365 0.997727215 -0.067346267 -17.160331726 -0.547070503 -0.057579033 -0.835103989 -5.182758808
-0.825973988 0.036704887 0.562511861 185.327941895 -0.001134582 0.997767568 -0.066772081 -17.251554489 -0.563706994 -0.055790216 -0.824088573 -6.189840317
-0.814317882 0.038903557 0.579113901 186.023025513 0.000850424 0.997830093 -0.065836161 -17.348623276 -0.580418468 -0.053119063 -0.812583983 -7.172954559
-0.801416993 0.041513726 0.596663594 186.741485596 0.003521553 0.997898638 -0.064700201 -17.444044113 -0.598095655 -0.049750660 -0.799879014 -8.148722649
-0.788473248 0.042187344 0.613620520 187.481597900 0.004273937 0.997996688 -0.063121989 -17.527700424 -0.615054190 -0.047147419 -0.787073970 -9.086000443
-0.773310900 0.044125158 0.632489681 188.247100830 0.006347278 0.998064041 -0.061868709 -17.612730026 -0.633995235 -0.043829158 -0.772093952 -10.035831451
