1.000000000 0.000000000 0.000000000 0.000000000 0.000000000 1.000000000 0.000000000 0.000000000 0.000000000 0.000000000 1.000000000 0.000000000
0.999934137 -0.002435617 0.011215854 0.015741941 0.002424563 0.999996543 0.000998995 -0.003482775 -0.011218249 -0.000971736 0.999936581 0.294562280
0.999827385 -0.004544324 0.018013667 0.024261793 0.004525151 0.999989152 0.001104989 -0.007616245 -0.018018493 -0.001023284 0.999837101 0.582578838
0.999777615 -0.007414049 0.019741002 0.039196838 0.007417662 0.999972463 -0.000109793 -0.011034938 -0.019739645 0.000256200 0.999805093 0.886903524
0.999814630 -0.008657901 0.017196978 0.048782554 0.008690005 0.999960661 -0.001793000 -0.010321336 -0.017180778 0.001942109 0.999850512 1.201879859
0.999880850 -0.011555140 0.010233991 0.052983347 0.011586482 0.999928355 -0.003008487 -0.016217034 -0.010198493 0.003126705 0.999943078 1.513085365
0.999909401 -0.013156887 -0.002844092 0.063954085 0.013140325 0.999897063 -0.005766378 -0.007292254 0.002919667 0.005728483 0.999979317 1.857392907
0.999726772 -0.012453998 -0.019781327 0.049638793 0.012334822 0.999905050 -0.006135273 -0.011734225 0.019855859 0.005889597 0.999785483 2.191368818
0.999228299 -0.007520842 -0.038552653 0.002575958 0.007312004 0.999957800 -0.005555100 -0.024667319 0.038592808 0.005268916 0.999241054 2.540103436
0.998284578 -0.004090675 -0.058405172 -0.040338345 0.003656934 0.999964893 -0.007531372 -0.020426650 0.058433931 0.007304868 0.998264551 2.887302876
0.996812940 -0.004038468 -0.079672880 -0.060477719 0.003386323 0.999959707 -0.008318698 -0.021385303 0.079703264 0.008022388 0.996786356 3.259526014
0.994892597 -0.005473237 -0.100790389 -0.111909032 0.004695294 0.999957383 -0.007954036 -0.024547957 0.100829616 0.007440171 0.994875848 3.633295536
0.992775619 -0.007270789 -0.119765162 -0.179652125 0.006527026 0.999956906 -0.006601276 -0.036799919 0.119807988 0.005771876 0.992780328 4.004120827
0.990253150 -0.006369120 -0.139134362 -0.226642773 0.005536056 0.999964356 -0.006373674 -0.038255472 0.139169976 0.005541295 0.990253031 4.419755459
0.987902522 -0.005332858 -0.154984549 -0.304024994 0.004494708 0.999973297 -0.005757879 -0.043781988 0.155011117 0.004991612 0.987900138 4.827694893
0.985662997 -0.004722752 -0.168660134 -0.386798143 0.003791375 0.999975681 -0.005843820 -0.052922912 0.168683633 0.005120583 0.985656977 5.246257782
0.983490646 -0.006037638 -0.180858269 -0.475004971 0.004880787 0.999964654 -0.006840807 -0.059337430 0.180893183 0.005845140 0.983485401 5.680098057
0.981660247 -0.009905757 -0.190381274 -0.567580462 0.008341087 0.999924481 -0.009018200 -0.067677625 0.190456241 0.007264823 0.981668830 6.119388580
0.980119765 -0.009359177 -0.198186025 -0.666868627 0.007312004 0.999912083 -0.011058876 -0.070729934 0.198272094 0.009389886 0.980102062 6.588378429
0.978550613 -0.008556838 -0.205828726 -0.772084594 0.006140889 0.999904513 -0.012373639 -0.086627319 0.205914959 0.010844258 0.978509784 7.062739849
0.976778388 -0.009370879 -0.214047283 -0.884372294 0.006337402 0.999869585 -0.014853822 -0.100086510 0.214158550 0.013152388 0.976710379 7.548157692
0.975030839 -0.013356836 -0.221667349 -1.001827002 0.009894586 0.999811113 -0.016722301 -0.109640248 0.221848845 0.014111451 0.974978924 8.042744637
0.972915649 -0.019593187 -0.230328679 -1.110210299 0.015716432 0.999702454 -0.018654207 -0.116440207 0.230625629 0.014529021 0.972934127 8.569603920
0.970822394 -0.019772917 -0.238983169 -1.234723091 0.015125445 0.999659419 -0.021265352 -0.131170660 0.239322245 0.017030155 0.970790744 9.066509247
0.968616784 -0.015994702 -0.248043954 -1.384642363 0.009831435 0.999611795 -0.026066363 -0.137969553 0.248364612 0.022809688 0.968397975 9.595214844
0.966424346 -0.012674400 -0.256638497 -1.544397950 0.005397999 0.999563634 -0.029037395 -0.157312155 0.256894559 0.026677113 0.966071129 10.131715775
0.964134276 -0.015333994 -0.264971703 -1.701334357 0.007503352 0.999505401 -0.030539760 -0.180322304 0.265308917 0.027456250 0.963772357 10.700505257
0.961621106 -0.018432058 -0.273760885 -1.860493541 0.009790296 0.999410689 -0.032899670 -0.198461980 0.274205983 0.028956816 0.961234868 11.271956444
0.959491909 -0.017734013 -0.281177640 -2.042666197 0.008205057 0.999352574 -0.035030678 -0.224470779 0.281616837 0.031304572 0.959016144 11.841767311
0.957119584 -0.017003872 -0.289193690 -2.231633902 0.005984177 0.999223411 -0.038946535 -0.251126975 0.289631337 0.035545904 0.956478000 12.431817055
0.954650164 -0.017810561 -0.297196597 -2.422783375 0.004883040 0.999011457 -0.044184092 -0.280725390 0.297689706 0.040729124 0.953793466 13.028123856
0.952831089 -0.019307930 -0.302886069 -2.623447418 0.003779158 0.998651743 -0.051771946 -0.314134091 0.303477347 0.048185263 0.951619506 13.639038086
0.951495051 -0.019899519 -0.307019532 -2.832406044 0.001451297 0.998185277 -0.060199771 -0.349760115 0.307660341 0.056834213 0.949797273 14.244766235
0.950310111 -0.019691417 -0.310681432 -3.049174070 -0.001842779 0.997624099 -0.068867482 -0.390225530 0.311299384 0.066017970 0.948015988 14.864785194
0.948891938 -0.019065928 -0.315024734 -3.272905350 -0.005731801 0.996967852 -0.077603363 -0.442162693 0.315549076 0.075442873 0.945905447 15.508172989
0.947525442 -0.019102754 -0.319108963 -3.499273300 -0.008438142 0.996370673 -0.084700778 -0.496257633 0.319568843 0.082948834 0.943925440 16.146839142
0.945940077 -0.016689966 -0.323911726 -3.735949755 -0.013666665 0.995737255 -0.091218263 -0.556786716 0.324053347 0.090713806 0.941679597 16.801874161
0.944234192 -0.016015461 -0.328884929 -3.980157852 -0.016945761 0.995129287 -0.097110629 -0.623558700 0.328838348 0.097268373 0.939363718 17.472875595
0.942771614 -0.013955553 -0.333146781 -4.233148575 -0.021459162 0.994513154 -0.102387533 -0.698462248 0.332747698 0.103677109 0.937299311 18.120393753
0.940785944 -0.011627484 -0.338801682 -4.480150223 -0.025648968 0.994105518 -0.105339311 -0.770768285 0.338029504 0.107791655 0.934942245 18.803413391
0.939030290 -0.010314880 -0.343679547 -4.751483917 -0.028280243 0.993846118 -0.107098065 -0.848164916 0.342669338 0.110287659 0.932960033 19.504085541
0.936679363 -0.010759905 -0.350022823 -5.021801472 -0.028159188 0.993976772 -0.105910875 -0.934594631 0.349054217 0.109060884 0.930734575 20.204481125
0.934331119 -0.010484305 -0.356251806 -5.301344395 -0.028587194 0.994142056 -0.104231864 -1.019860387 0.355257750 0.107571326 0.928558171 20.922307968
0.931680083 -0.010647681 -0.363123775 -5.587851524 -0.028476531 0.994354129 -0.102220207 -1.105232596 0.362162024 0.105577037 0.926116705 21.639520645
0.928266108 -0.009945305 -0.371783704 -5.885437965 -0.029198175 0.994608223 -0.099507764 -1.184322715 0.370768785 0.103225090 0.922970772 22.378641129
0.925148964 -0.007517489 -0.379529804 -6.203416348 -0.030403415 0.995124578 -0.093822747 -1.265826941 0.378384709 0.098339014 0.920409858 23.097635269
0.921632469 -0.004172675 -0.388041556 -6.529003620 -0.032922253 0.995496511 -0.088897966 -1.343179822 0.386664927 0.094706453 0.917344511 23.842569351
0.918034375 0.000066645 -0.396500856 -6.856176853 -0.036612634 0.995741785 -0.084603339 -1.428607106 0.394806832 0.092185698 0.914127648 24.573308945
0.913968682 0.000791181 -0.405783921 -7.214477062 -0.037703101 0.995837808 -0.082979076 -1.497523069 0.404029310 0.091139592 0.910194397 25.367795944
0.909807265 0.000095530 -0.415031075 -7.567072868 -0.037696347 0.995885611 -0.082406551 -1.568859100 0.413315564 0.090619236 0.906067491 26.130222321
0.906064034 0.000401868 -0.423140466 -7.944289207 -0.038490769 0.995931983 -0.081473812 -1.640419245 0.421386331 0.090107515 0.902393520 26.901954651
0.901887536 0.001617895 -0.431968153 -8.321353912 -0.040147286 0.995978713 -0.080091417 -1.709007740 0.430101544 0.089575775 0.898325622 27.687416077
0.897868752 0.000890412 -0.440262437 -8.706901550 -0.039207522 0.996186435 -0.077944838 -1.781964540 0.438514084 0.087245829 0.894479513 28.478517532
0.894093931 0.001414296 -0.447877288 -9.111829758 -0.038230028 0.996586442 -0.073171303 -1.861693144 0.446244925 0.082544371 0.891095936 29.258798599
0.890207946 0.002717430 -0.455546230 -9.537805557 -0.037746221 0.996983647 -0.067814738 -1.926665664 0.453987867 0.077564374 0.887625337 30.071907043
0.886274695 0.002734191 -0.463151902 -9.966849327 -0.036367964 0.997305870 -0.063705176 -1.992503643 0.461729884 0.073304191 0.883986473 30.879154205
0.882358551 0.001941567 -0.470573634 -10.394054413 -0.035216764 0.997459710 -0.061918408 -2.058616638 0.469258070 0.071206331 0.880185485 31.677722931
0.879469752 0.002114220 -0.475950092 -10.852225304 -0.035227012 0.997536540 -0.060661994 -2.122827053 0.474649370 0.070116691 0.877377689 32.494552612
0.876370072 0.002676394 -0.481631041 -11.316439629 -0.035082825 0.997682929 -0.058292236 -2.187403917 0.480359018 0.067982547 0.874433279 33.321372986
0.873291850 0.000294031 -0.487197399 -11.779816628 -0.032297663 0.997835100 -0.057290729 -2.239860535 0.486125767 0.065766864 0.871410608 34.153858185
0.870873690 0.000031315 -0.491507053 -12.292594910 -0.032189168 0.997856796 -0.056970600 -2.309574604 0.490451902 0.065435387 0.869008124 35.003326416
0.868272543 -0.001850796 -0.496084064 -12.746393204 -0.030999538 0.997836292 -0.057979774 -2.361712456 0.495117992 0.065720625 0.866336465 35.841918945
0.867017806 -0.001417793 -0.498275250 -13.254539490 -0.031786256 0.997801721 -0.058148429 -2.425931454 0.497262388 0.066254027 0.865066707 36.703186035
0.866613626 -0.000810553 -0.498979121 -13.765559196 -0.032296069 0.997810721 -0.057711814 -2.484698296 0.497933596 0.066128902 0.864690125 37.554183960
0.866495311 -0.000809879 -0.499184549 -14.280503273 -0.031081775 0.997970819 -0.055571530 -2.553787947 0.498216599 0.063668020 0.864711821 38.440093994
0.866149902 -0.001339087 -0.499782503 -14.800571442 -0.030480495 0.997993410 -0.055498283 -2.614511967 0.498854041 0.063303456 0.864371061 39.314575195
0.865288675 -0.003553020 -0.501261294 -15.324427605 -0.028313098 0.998032093 -0.055948924 -2.681098223 0.500473738 0.062604234 0.863485217 40.225570679
0.864283323 -0.006196097 -0.502967358 -15.860566139 -0.025715910 0.998072147 -0.056484740 -2.747480631 0.502347827 0.061753064 0.862457693 41.135452271
0.862539530 -0.006642663 -0.505946100 -16.408226013 -0.024554454 0.998186231 -0.054965936 -2.806813478 0.505393505 0.059833523 0.860812008 42.075164795
0.860639095 -0.005482701 -0.509185970 -16.959943771 -0.023681169 0.998429179 -0.050777186 -2.876089573 0.508664489 0.055758949 0.859157324 42.975402832
0.857891619 -0.005446966 -0.513801694 -17.517366409 -0.021624701 0.998675168 -0.046693895 -2.940546274 0.513375282 0.051169116 0.856637299 43.891830444
0.854043305 -0.005690581 -0.520170748 -18.094751358 -0.020301005 0.998813868 -0.044258099 -3.013145447 0.519805610 0.048358329 0.852914751 44.804153442
0.848826230 -0.008442380 -0.528604448 -18.674951553 -0.019391408 0.998702466 -0.047088824 -3.076045513 0.528316081 0.050220616 0.847561181 45.716499329
0.842854261 -0.012470000 -0.537997425 -19.245029449 -0.017382272 0.998578966 -0.050377570 -3.136585474 0.537861109 0.051812567 0.841439784 46.604660034
0.836645961 -0.012637119 -0.547598183 -19.836170197 -0.017162414 0.998638153 -0.049267460 -3.205915928 0.547475040 0.050617535 0.835289717 47.488136292
0.830842614 -0.009240228 -0.556430757 -20.437183380 -0.018147532 0.998880446 -0.043684907 -3.270570755 0.556211531 0.046393123 0.829744756 48.368545532
0.825716197 -0.004215007 -0.564070106 -21.059316635 -0.021907669 0.998977959 -0.039534487 -3.329180479 0.563660204 0.045001715 0.824780107 49.252502441
0.821759284 -0.004203314 -0.569819272 -21.675872803 -0.023347493 0.998884797 -0.041038699 -3.384736300 0.569356322 0.047027785 0.820744634 50.122032166
0.817932308 -0.007132417 -0.575270116 -22.293384552 -0.023044510 0.998714507 -0.045147654 -3.444526434 0.574852586 0.050184544 0.816716492 51.010131836
0.814882040 -0.009382788 -0.579550862 -22.920980453 -0.025607569 0.998310030 -0.052168123 -3.507886171 0.579060912 0.057351753 0.813264549 51.880184174
0.811546087 -0.010734456 -0.584189713 -23.549512863 -0.025258042 0.998251975 -0.053430852 -3.574096918 0.583742142 0.058117092 0.809856474 52.752239227
0.808133066 -0.009031746 -0.588930726 -24.187355042 -0.024954647 0.998459578 -0.049555071 -3.637651205 0.588471115 0.054743651 0.806662858 53.611801147
0.805307984 -0.006178044 -0.592824459 -24.830205917 -0.024546498 0.998740673 -0.043752838 -3.706618309 0.592348278 0.049786281 0.804142296 54.460681915
0.802422523 -0.004198043 -0.596741498 -25.466903687 -0.025250245 0.998840868 -0.040980127 -3.764354467 0.596221864 0.047951240 0.801386416 55.284641266
0.799450457 -0.003717076 -0.600720465 -26.124578476 -0.026788112 0.998765647 -0.041830193 -3.813483715 0.600134492 0.049533334 0.798363984 56.141647339
0.795544207 -0.005346912 -0.605872035 -26.784206390 -0.026226329 0.998719990 -0.043250497 -3.871654034 0.605327666 0.050297476 0.794385552 57.009090424
0.791379392 -0.008405633 -0.611267567 -27.447898865 -0.024934718 0.998629570 -0.046014111 -3.929964781 0.610816598 0.051656399 0.790085256 57.869827271
0.787214100 -0.009172072 -0.616611481 -28.103628159 -0.024623729 0.998624444 -0.046291053 -3.989652872 0.616187930 0.051624250 0.785905361 58.695083618
0.782958388 -0.009200730 -0.622006118 -28.768898010 -0.023895891 0.998707771 -0.044852179 -4.055445671 0.621614933 0.049980778 0.781726778 59.489013672
0.778183997 -0.008998331 -0.627971947 -29.454788208 -0.024173565 0.998727143 -0.044266876 -4.114236355 0.627571046 0.049628083 0.776975989 60.322406769
0.772597075 -0.009932282 -0.634819031 -30.152677536 -0.024177538 0.998692036 -0.045050286 -4.178590298 0.634436250 0.050154079 0.771346331 61.174911499
0.767444074 -0.011962027 -0.641004264 -30.873079300 -0.022484660 0.998708665 -0.045557112 -4.247310162 0.640721500 0.049375296 0.766184092 62.015384674
0.761991441 -0.013205677 -0.647452533 -31.587171555 -0.022108963 0.998678684 -0.046389606 -4.308633327 0.647209704 0.049662981 0.760692656 62.844619751
0.756268859 -0.014321814 -0.654104173 -32.316562653 -0.022572763 0.998594046 -0.047962945 -4.367086887 0.653871357 0.051037826 0.754882336 63.671451569
0.750171483 -0.016134389 -0.661046445 -33.047004700 -0.022259770 0.998519540 -0.049632136 -4.426078320 0.660868585 0.051947352 0.748701751 64.497421265
0.743653893 -0.017528601 -0.668334961 -33.781013489 -0.020523796 0.998586595 -0.049026933 -4.498601437 0.668249786 0.050175838 0.742242932 65.316390991
0.737074435 -0.017354850 -0.675588608 -34.536949158 -0.019702813 0.998693526 -0.047150891 -4.565522671 0.675524354 0.048064716 0.735769451 66.144615173
0.730678439 -0.017793147 -0.682489932 -35.296794891 -0.018925995 0.998748183 -0.046300597 -4.626831532 0.682459474 0.046747647 0.729427040 66.955886841
0.724100769 -0.019582694 -0.689416230 -36.055698395 -0.018053181 0.998716116 -0.047329716 -4.690494061 0.689457953 0.046717644 0.722817659 67.756278992
0.717256129 -0.022133404 -0.696457982 -36.837795258 -0.016770095 0.998657584 -0.049008202 -4.752669811 0.696607709 0.046831094 0.715922058 68.573516846
0.711265504 -0.021403993 -0.702597439 -37.644428253 -0.018163446 0.998642981 -0.048810281 -4.815837383 0.702688694 0.047478665 0.709911466 69.372413635
0.705531180 -0.021109024 -0.708364367 -38.467552185 -0.018017201 0.998698890 -0.047706041 -4.885177612 0.708449781 0.046420850 0.704232931 70.185592651
0.700230241 -0.021018645 -0.713607609 -39.285545349 -0.018761445 0.998679519 -0.047824908 -4.945122242 0.713670552 0.046876762 0.698911250 70.989135742
0.695490658 -0.021222930 -0.718221664 -40.117588043 -0.019664949 0.998627067 -0.048551284 -5.017783165 0.718266010 0.047890753 0.694118440 71.779037476
0.690488219 -0.023433827 -0.722964048 -40.957141876 -0.020525435 0.998437822 -0.051966339 -5.077747822 0.723052382 0.050721291 0.688928545 72.560653687
0.685223460 -0.026519753 -0.727849960 -41.799015045 -0.018914154 0.998351872 -0.054182138 -5.144730091 0.728087306 0.050893541 0.683592498 73.348937988
0.679997504 -0.026728461 -0.732727051 -42.648059845 -0.019244080 0.998340487 -0.054276735 -5.231218338 0.732961774 0.051008709 0.678354621 74.138565063
0.675340772 -0.026020722 -0.737046719 -43.518196106 -0.018911697 0.998437762 -0.052577276 -5.306909084 0.737263381 0.049446385 0.673793554 74.922073364
0.669684052 -0.026438378 -0.742175341 -44.392791748 -0.018259071 0.998477817 -0.052044228 -5.374203205 0.742421627 0.048404623 0.668181956 75.714050293
0.664320111 -0.027935876 -0.746925950 -45.265163422 -0.017408645 0.998451948 -0.052826568 -5.442247391 0.747245491 0.048096720 0.662805378 76.494613647
0.659274578 -0.028754545 -0.751352251 -46.155738831 -0.016389573 0.998481512 -0.052593309 -5.518868923 0.751723647 0.046987776 0.657802165 77.267700195
0.654567063 -0.030000512 -0.755408466 -47.047660828 -0.015049289 0.998497307 -0.052694932 -5.587494850 0.755854189 0.045860726 0.653131962 78.048202515
0.650377154 -0.031035507 -0.758977175 -47.966316223 -0.013657534 0.998525679 -0.052534260 -5.659035683 0.759488642 0.044532832 0.648994386 78.825897217
0.646476805 -0.033838037 -0.762182832 -48.872676849 -0.011252036 0.998484433 -0.053872813 -5.731240273 0.762850642 0.043403637 0.645116210 79.588432312
0.641833186 -0.038380243 -0.765883148 -49.790134430 -0.008168155 0.998347819 -0.056874771 -5.813066006 0.766800702 0.042759966 0.640459478 80.358444214
0.637255013 -0.042679347 -0.769470274 -50.709793091 -0.003565291 0.998291254 -0.058323793 -5.888716698 0.770644665 0.039910514 0.636014104 81.119941711
0.629941225 -0.045978118 -0.775280654 -51.629695892 0.000700863 0.998279333 -0.058633603 -5.968506813 0.776642501 0.036392350 0.628889501 81.880210876
0.621686459 -0.049519371 -0.781699419 -52.572837830 0.005176737 0.998237491 -0.059119646 -6.049732208 0.783249140 0.032707218 0.620846987 82.624626160
0.612260699 -0.050705582 -0.789028227 -53.524890900 0.008458955 0.998304427 -0.057590473 -6.134300232 0.790610552 0.028586037 0.611651599 83.370727539
0.603187561 -0.049124043 -0.796085060 -54.500701904 0.008482379 0.998440146 -0.055183735 -6.212696552 0.797554195 0.026533451 0.602663398 84.107345581
0.594671190 -0.048657656 -0.802495182 -55.467792511 0.007944074 0.998473763 -0.054653637 -6.298472881 0.803929687 0.026125867 0.594150186 84.804939270
0.585228682 -0.050254542 -0.809309483 -56.462764740 0.007086776 0.998356462 -0.056868926 -6.372324467 0.810837328 0.027545931 0.584622979 85.518196106
0.574751675 -0.052316424 -0.816653907 -57.465763092 0.007074045 0.998234689 -0.058970217 -6.452806950 0.818297267 0.028116181 0.574107170 86.235542297
0.564261436 -0.054094423 -0.823822081 -58.500511169 0.008141496 0.998167336 -0.059966028 -6.543137074 0.825556040 0.027129376 0.563667655 86.967567444
0.553932488 -0.055087004 -0.830737174 -59.543292999 0.011103523 0.998208702 -0.058788415 -6.624432564 0.832487524 0.023340704 0.553551912 87.680725098
0.543817043 -0.055136301 -0.837390721 -60.612003326 0.012472400 0.998260200 -0.057628624 -6.714683533 0.839111209 0.020895148 0.543558478 88.366653442
0.532791793 -0.055932872 -0.844395816 -61.696495056 0.012412274 0.998222470 -0.058290537 -6.796751022 0.846155345 0.020575851 0.532539010 89.067039490
0.522296250 -0.057212841 -0.850842774 -62.767158508 0.011908338 0.998138905 -0.059807397 -6.880530357 0.852681041 0.021105053 0.522005498 89.732444763
0.512548208 -0.057681199 -0.856718779 -63.836986542 0.010688729 0.998092413 -0.060804874 -6.965332508 0.858591855 0.022008201 0.512187123 90.353988647
0.502751172 -0.057960495 -0.862485826 -64.927268982 0.008858600 0.998042643 -0.061906371 -7.065163612 0.864385784 0.023483085 0.502280533 90.973396301
0.492867231 -0.058278579 -0.868150651 -66.028221130 0.007873431 0.998012304 -0.062526219 -7.146616936 0.870068967 0.023981798 0.492346346 91.602714539
0.484389812 -0.055523798 -0.873088539 -67.138305664 0.006508419 0.998185039 -0.059868399 -7.245148659 0.874827981 0.023317220 0.483872086 92.203430176
0.476619065 -0.053723015 -0.877466917 -68.256042480 0.006838204 0.998327374 -0.057408366 -7.335138321 0.879083276 0.021361623 0.476189256 92.804252625
0.468836069 -0.054160837 -0.881623089 -69.370025635 0.006716856 0.998308063 -0.057757214 -7.421510220 0.883259594 0.021156931 0.468406647 93.395225525
0.460587293 -0.057371162 -0.885758340 -70.481147766 0.008795292 0.998154879 -0.060077686 -7.504835129 0.887570858 0.019880513 0.460242093 93.989852905
0.453472376 -0.060985915 -0.889181376 -71.620292664 0.011843249 0.997980356 -0.062408153 -7.595217228 0.891191661 0.017769577 0.453278869 94.568679810
0.447559625 -0.063179582 -0.892019451 -72.766662598 0.012332792 0.997842312 -0.064486936 -7.696885586 0.894169033 0.017860660 0.447373152 95.139259338
0.442151934 -0.066701449 -0.894456565 -73.915946960 0.014287694 0.997628272 -0.067332417 -7.797436714 0.896826327 0.016991436 0.442056298 95.702049255
0.437202632 -0.067735299 -0.896808624 -75.069602966 0.017171495 0.997606754 -0.066977240 -7.898624420 0.899199069 0.013883083 0.437319487 96.266563416
0.432854772 -0.065392621 -0.899088681 -76.221755981 0.018785575 0.997803271 -0.063528277 -7.995440006 0.901267946 0.010608619 0.433132380 96.822235107
0.428849190 -0.063652217 -0.901130736 -77.371620178 0.022183109 0.997955918 -0.059934568 -8.095799446 0.903103709 0.005713010 0.429384530 97.371276855
0.425263077 -0.062585250 -0.902903259 -78.504402161 0.022876065 0.998030841 -0.058404546 -8.188209534 0.904780626 0.004182423 0.425857425 97.909217834
0.422501981 -0.062532105 -0.904202282 -79.636352539 0.024659270 0.998040974 -0.057499308 -8.277000427 0.906026423 0.001996607 0.423216373 98.434600830
0.420670807 -0.060773063 -0.905175507 -80.763610840 0.025449574 0.998151541 -0.055188004 -8.379798889 0.906856358 0.000179651 0.421439916 98.942337036
0.418757468 -0.060089253 -0.906107843 -81.895416260 0.027309073 0.998190463 -0.053574894 -8.461485863 0.907687366 -0.002310080 0.419640630 99.445663452
0.416353643 -0.061312404 -0.907133102 -83.032218933 0.029993922 0.998106897 -0.053694706 -8.543179512 0.908707857 -0.004852491 0.417404413 99.973205566
0.414335877 -0.061577868 -0.908038497 -84.123718262 0.031706285 0.998079538 -0.053216409 -8.624685287 0.909571528 -0.006741057 0.415492594 100.473976135
0.411765903 -0.060544711 -0.909276187 -85.230178833 0.035175871 0.998102844 -0.050529886 -8.706538200 0.910610497 -0.011178093 0.413114399 100.987579346
0.409713954 -0.060425211 -0.910210550 -86.321174622 0.037294272 0.998079002 -0.049471136 -8.781957626 0.911451340 -0.013676623 0.411180466 101.479988098
0.408149481 -0.062551282 -0.910769641 -87.424263000 0.039612997 0.997923672 -0.050784942 -8.852653503 0.912055194 -0.015350464 0.409779876 101.973564148
0.406191438 -0.062639318 -0.911638498 -88.468055725 0.040957306 0.997893155 -0.050316919 -8.949303627 0.912869632 -0.016899958 0.407901198 102.461914062
0.405339241 -0.063644610 -0.911948144 -89.530464172 0.040735643 0.997840106 -0.051532980 -9.030224800 0.913258314 -0.016260458 0.407056332 102.936325073
0.405442268 -0.064363748 -0.911851943 -90.588935852 0.040386416 0.997805357 -0.052473586 -9.109649658 0.913228095 -0.015551423 0.407151878 103.418441772
0.408790320 -0.064126343 -0.910372555 -91.641563416 0.037537120 0.997865617 -0.053433791 -9.189832687 0.911855996 -0.012329544 0.410324931 103.866386414
0.413637221 -0.064180978 -0.908176720 -92.679748535 0.035406265 0.997891545 -0.054395039 -9.271303177 0.909753025 -0.009655335 0.415037543 104.328643799
0.419087470 -0.064523831 -0.905650198 -93.720466614 0.033616740 0.997890353 -0.055539496 -9.355566978 0.907323360 -0.007169098 0.420372456 104.790969849
0.424932122 -0.064230971 -0.902943552 -94.757171631 0.032920271 0.997916162 -0.055494316 -9.438662529 0.904626429 -0.006143827 0.426161140 105.275802612
0.431736410 -0.063346833 -0.899772644 -95.765960693 0.031810999 0.997979641 -0.054997083 -9.513458252 0.901438713 -0.004878426 0.432879269 105.761230469
0.440000594 -0.061425298 -0.895894170 -96.774314880 0.030655317 0.998103738 -0.053377349 -9.595905304 0.897474110 -0.003977859 0.441049278 106.241813660
0.449363351 -0.061050862 -0.891260505 -97.753585815 0.029931797 0.998130918 -0.053280160 -9.673676491 0.892847538 -0.002734884 0.450350761 106.726768494
0.458913714 -0.060814667 -0.886397064 -98.742134094 0.028953146 0.998148382 -0.053491905 -9.743427277 0.888008952 -0.001115820 0.459824771 107.231132507
0.468222648 -0.061144050 -0.881492436 -99.718093872 0.028052226 0.998128772 -0.054333918 -9.828109741 0.883165121 0.000712545 0.469061702 107.753837585
0.478617936 -0.063835785 -0.875699639 -100.690650940 0.027378820 0.997953653 -0.057783686 -9.891118050 0.877596319 0.003680687 0.479386181 108.281127930
0.490369141 -0.064893134 -0.869095445 -101.647491455 0.025398364 0.997864485 -0.060177468 -9.965671539 0.871144652 0.007435570 0.490970105 108.812049866
0.502547085 -0.063143075 -0.862240911 -102.599212646 0.023611505 0.997959793 -0.059320245 -10.049202919 0.864227355 0.009452414 0.503012657 109.363906860
0.514904976 -0.061162990 -0.855062544 -103.521316528 0.022375409 0.998070598 -0.057918292 -10.118970871 0.856955171 0.010690042 0.515280008 109.920059204
0.528616607 -0.058931142 -0.846812606 -104.466163635 0.022059491 0.998204052 -0.055696253 -10.199084282 0.848573983 0.010761715 0.528967321 110.481399536
0.541046798 -0.058696747 -0.838941634 -105.386787415 0.022420019 0.998213589 -0.055381209 -10.271267891 0.840693533 0.011154738 0.541396260 111.057510376
0.552082002 -0.057662401 -0.831793547 -106.281967163 0.021857612 0.998263836 -0.054695174 -10.363169670 0.833503246 0.012015198 0.552383840 111.660240173
0.563785911 -0.060268160 -0.823719084 -107.151390076 0.022814315 0.998089910 -0.057411131 -10.423255920 0.825605690 0.013575006 0.564084053 112.241775513
0.574700475 -0.061734185 -0.816032052 -108.005950928 0.025449408 0.998016477 -0.057578564 -10.505846024 0.817967951 0.012322896 0.575131714 112.843139648
0.585795820 -0.061297923 -0.808137298 -108.866691589 0.025496103 0.998035908 -0.057220507 -10.587047577 0.810057521 0.012915184 0.586208224 113.459060669
0.596626282 -0.058881048 -0.800356269 -109.719139099 0.024094673 0.998169422 -0.055472486 -10.659835815 0.802157462 0.013812019 0.596952796 114.082481384
0.606658161 -0.056013905 -0.792986989 -110.531768799 0.023989037 0.998350084 -0.052167747 -10.729772568 0.794600844 0.012624990 0.607000947 114.704338074
0.616880596 -0.055017579 -0.785131454 -111.337677002 0.023501037 0.998396635 -0.051497143 -10.797363281 0.786705852 0.013316189 0.617184460 115.328483582
0.626918733 -0.054406624 -0.777182639 -112.134742737 0.022400199 0.998404980 -0.051824041 -10.883366585 0.778762579 0.015080413 0.627137482 115.966873169
0.636536658 -0.054080807 -0.769347966 -112.903121948 0.020864677 0.998380899 -0.052917685 -10.949301720 0.770964265 0.017631849 0.636634409 116.596183777
0.645991087 -0.053663056 -0.761456430 -113.672691345 0.020679675 0.998390138 -0.052816920 -11.015240669 0.763064861 0.018372586 0.646060705 117.234039307
0.654754519 -0.050593298 -0.754146457 -114.406150818 0.019478425 0.998555303 -0.050078627 -11.093978882 0.755590677 0.018099619 0.654794097 117.892257690
0.663156152 -0.050819818 -0.746753812 -115.101860046 0.021754857 0.998579502 -0.048638202 -11.139069557 0.748164833 0.016009200 0.663319767 118.523178101
0.671163082 -0.050440997 -0.739591599 -115.817016602 0.022208342 0.998602629 -0.047952276 -11.201499939 0.740976930 0.015758697 0.671345532 119.177230835
0.679078579 -0.049308874 -0.732407629 -116.517715454 0.020757442 0.998632252 -0.047986254 -11.262487411 0.733772039 0.017383531 0.679173410 119.818077087
0.686871111 -0.048095625 -0.725186110 -117.201072693 0.019907819 0.998678744 -0.047378134 -11.321765900 0.726506710 0.018105788 0.686920822 120.456245422
0.694024384 -0.045694493 -0.718499959 -117.880310059 0.019377148 0.998807847 -0.044804182 -11.376323700 0.719690800 0.017172713 0.694082379 121.112129211
0.701367855 -0.042699058 -0.711519420 -118.547096252 0.018343046 0.998954833 -0.041867029 -11.435591698 0.712563515 0.016312758 0.701417983 121.767433167
0.708837867 -0.041076407 -0.704174459 -119.189773560 0.017427016 0.999018073 -0.040733010 -11.492865562 0.705156147 0.016601436 0.708857656 122.423652649
0.716278017 -0.040384717 -0.696645439 -119.827140808 0.016792551 0.999032438 -0.040648371 -11.542614937 0.697612941 0.017417083 0.716263115 123.084175110
0.724574924 -0.036985535 -0.688202977 -120.445976257 0.013727536 0.999135435 -0.039242677 -11.592800140 0.689059436 0.018986933 0.724456131 123.722061157
0.733545363 -0.034353968 -0.678771794 -121.051155090 0.013091829 0.999250531 -0.036425747 -11.638441086 0.679514527 0.017833568 0.733445406 124.377426147
0.743126988 -0.030414935 -0.668458700 -121.647697449 0.011598545 0.999401867 -0.032578751 -11.693956375 0.669049859 0.016457006 0.743035436 125.031257629
0.753099024 -0.028248494 -0.657300413 -122.220214844 0.009801758 0.999448657 -0.031722516 -11.736561775 0.657834172 0.017447501 0.752960801 125.685951233
0.763490319 -0.027379110 -0.645238578 -122.780570984 0.008287410 0.999433994 -0.032602295 -11.782911301 0.645765960 0.019544180 0.763285160 126.331420898
0.773359895 -0.028655998 -0.633319259 -123.317588806 0.008681054 0.999362946 -0.034617875 -11.819977760 0.633907795 0.021274192 0.773115993 126.991539001
0.783387184 -0.027666545 -0.620917916 -123.855270386 0.008359674 0.999387443 -0.033983134 -11.862624168 0.621477723 0.021431280 0.783138633 127.671577454
0.793678701 -0.025861673 -0.607787192 -124.372802734 0.007844861 0.999448001 -0.032282829 -11.904674530 0.608286619 0.020854194 0.793443441 128.352050781
0.803798735 -0.023329984 -0.594443679 -124.875251770 0.007343846 0.999543726 -0.029298587 -11.945140839 0.594856083 0.019184666 0.803603232 129.034667969
0.813800335 -0.022501931 -0.580708683 -125.389083862 0.008281022 0.999597609 -0.027128536 -11.972332954 0.581085384 0.017268354 0.813659310 129.726913452
0.822934866 -0.021025695 -0.567746580 -125.866310120 0.008848678 0.999668121 -0.024195362 -12.009948730 0.568066776 0.014887403 0.822847843 130.429412842
0.831228614 -0.020139769 -0.555565834 -126.348602295 0.009400773 0.999709964 -0.022175116 -12.038637161 0.555851102 0.013209845 0.831176877 131.140090942
0.838414133 -0.020314928 -0.544655144 -126.798843384 0.010842809 0.999728978 -0.020597737 -12.076518059 0.544926107 0.011363839 0.838407040 131.855957031
0.845169306 -0.020436089 -0.534107924 -127.249038696 0.011203290 0.999726593 -0.020523623 -12.092067719 0.534381211 0.011362170 0.845167220 132.560928345
0.851669312 -0.019479632 -0.523717344 -127.691001892 0.010411307 0.999740601 -0.020254415 -12.134533882 0.523976147 0.011797478 0.851651192 133.298233032
0.858664155 -0.017446157 -0.512241721 -128.138748169 0.008818208 0.999775469 -0.019268954 -12.166807175 0.512462735 0.012028507 0.858625233 134.029312134
0.864809930 -0.016123854 -0.501840532 -128.564132690 0.007789880 0.999794841 -0.018698726 -12.194512367 0.502039075 0.012261564 0.864758074 134.773056030
0.870730996 -0.016744044 -0.491474509 -128.989349365 0.008592085 0.999785662 -0.018839344 -12.223890305 0.491684586 0.012181211 0.870688200 135.518432617
0.875910521 -0.018382553 -0.482123137 -129.394866943 0.010067730 0.999752700 -0.019828079 -12.250180244 0.482368410 0.012513738 0.875879049 136.269638062
0.880335689 -0.019092491 -0.473966748 -129.800918579 0.010783176 0.999736905 -0.020243306 -12.275290489 0.474228531 0.012710038 0.880310059 137.029144287
0.883856654 -0.017909355 -0.467414916 -130.211288452 0.009892369 0.999758899 -0.019600581 -12.301777840 0.467653304 0.012700262 0.883820713 137.808410645
0.887046814 -0.016307138 -0.461391330 -130.623260498 0.009815627 0.999816298 -0.016465893 -12.322086334 0.461575031 0.010077173 0.887043953 138.602554321
0.890243113 -0.011725155 -0.455334634 -131.039184570 0.007064241 0.999903798 -0.011936571 -12.349813461 0.455430776 0.007409856 0.890240371 139.400299072
0.893735886 -0.009077544 -0.448501676 -131.453414917 0.005553845 0.999942541 -0.009171317 -12.366186142 0.448559225 0.005705828 0.893734932 140.208831787
0.897004366 -0.006587157 -0.441972464 -131.864715576 0.003938721 0.999968350 -0.006909703 -12.385893822 0.442003965 0.004457228 0.897001982 141.038314819
0.900355279 -0.004914116 -0.435127825 -132.271286011 0.003149592 0.999983668 -0.004776259 -12.392347336 0.435144216 0.002929856 0.900356054 141.871490479
0.903624356 -0.003914159 -0.428307861 -132.686386108 0.003359019 0.999992251 -0.002051881 -12.408144951 0.428312540 0.000415436 0.903630555 142.732833862
0.907289386 -0.003542012 -0.420491725 -133.089630127 0.003946450 0.999992192 0.000091769 -12.424598694 0.420488089 -0.001742710 0.907296419 143.589843750
0.910990536 -0.003272582 -0.412414104 -133.507720947 0.004116511 0.999990880 0.001157938 -12.439505577 0.412406504 -0.002752578 0.910995781 144.490768433
0.914530456 -0.004197383 -0.404495329 -133.905807495 0.005082891 0.999986410 0.001115296 -12.441708565 0.404485196 -0.003075978 0.914539397 145.403045654
0.918448329 -0.007097598 -0.395477265 -134.307449341 0.007927129 0.999968469 0.000463446 -12.447670937 0.395461500 -0.003560650 0.918475628 146.337966919
0.922658205 -0.008370037 -0.385527879 -134.700653076 0.008876950 0.999960482 -0.000465119 -12.458551407 0.385516524 -0.002993166 0.922696054 147.266387939
0.927117705 -0.009667133 -0.374645442 -135.074996948 0.009224346 0.999953032 -0.002975139 -12.465602875 0.374656588 -0.000697555 0.927163363 148.195648193
0.932312369 -0.007703017 -0.361571819 -135.439895630 0.006906394 0.999970019 -0.003495487 -12.478993416 0.361587882 0.000761728 0.932337701 149.149368286
0.938442111 -0.004373273 -0.345408797 -135.805587769 0.003869782 0.999990225 -0.002147205 -12.489646912 0.345414817 0.000678372 0.938449860 150.132141113
0.944903910 0.000211757 -0.327347875 -136.145935059 0.000188657 0.999999225 0.001191452 -12.500196457 0.327347815 -0.001187564 0.944903135 151.140228271
0.951729238 0.002208784 -0.306930870 -136.498123169 -0.001645203 0.999996424 0.002094900 -12.502466202 0.306934327 -0.001488815 0.951729536 152.152389526
0.958188355 0.005169662 -0.286091596 -136.807785034 -0.004374196 0.999984562 0.003419458 -12.522762299 0.286104828 -0.002025064 0.958196104 153.197769165
0.964359879 0.006242551 -0.264520735 -137.096694946 -0.005107621 0.999974608 0.004978090 -12.517150879 0.264545023 -0.003449598 0.964367151 154.248321533
0.970045567 0.006938553 -0.242823869 -137.367980957 -0.005253513 0.999957442 0.007586201 -12.533906937 0.242866144 -0.006083282 0.970040679 155.299896240
0.975292206 0.009519680 -0.220713392 -137.626373291 -0.007228342 0.999911249 0.011186868 -12.536300659 0.220800295 -0.009315073 0.975274503 156.389419556
0.980167568 0.012006099 -0.197806418 -137.872604370 -0.009134104 0.999839246 0.015425265 -12.531724930 0.197959810 -0.013312561 0.980119646 157.501083374
0.984362602 0.013931369 -0.175601855 -138.074295044 -0.010726543 0.999758482 0.019186553 -12.539264679 0.175826684 -0.017002925 0.984274268 158.625274658
0.988023698 0.015620471 -0.153509110 -138.249206543 -0.012900189 0.999741852 0.018700812 -12.528260231 0.153761595 -0.016496545 0.987970173 159.752716064
0.991125643 0.014695426 -0.132113159 -138.398757935 -0.012618136 0.999783397 0.016547071 -12.518313408 0.132327706 -0.014733201 0.991096497 160.902206421
0.993770540 0.015286288 -0.110392079 -138.559234619 -0.013661870 0.999787211 0.015456467 -12.498198509 0.110604845 -0.013852022 0.993767917 162.097167969
0.995784640 0.013713093 -0.090691045 -138.650268555 -0.012159930 0.999770105 0.017656315 -12.499352455 0.090912320 -0.016479092 0.995722473 163.285507202
0.997431517 0.014789362 -0.070082977 -138.752990723 -0.013464991 0.999722421 0.019332098 -12.490848541 0.070349418 -0.018338777 0.997353852 164.468368530
0.998656571 0.015167447 -0.049546041 -138.824829102 -0.014199436 0.999702454 0.019831551 -12.470697403 0.049832094 -0.019101385 0.998574972 165.696243286
0.999424636 0.016768387 -0.029481729 -138.866546631 -0.016166937 0.999658644 0.020522224 -12.462062836 0.029815791 -0.020033784 0.999354601 166.923141479
0.999809384 0.017423932 -0.008819582 -138.882095337 -0.017233349 0.999625802 0.021243000 -12.454817772 0.009186419 -0.021086959 0.999735415 168.161346436
0.999733150 0.019989096 0.011575606 -138.878173828 -0.020228248 0.999576390 0.020925310 -12.445931435 -0.011152424 -0.021153884 0.999714017 169.415557861
0.999275506 0.020703483 0.031932093 -138.855117798 -0.021331482 0.999583244 0.019453030 -12.428725243 -0.031516038 -0.020120099 0.999300718 170.695922852
0.998439908 0.021607662 0.051486067 -138.795471191 -0.022513973 0.999600410 0.017088458 -12.416989326 -0.051096261 -0.018220954 0.998527467 171.967910767
0.997244120 0.023450192 0.070386276 -138.713012695 -0.024549423 0.999589145 0.014792854 -12.413647652 -0.070010446 -0.016480029 0.997410119 173.262863159
0.995658994 0.023702193 0.090007626 -138.615570068 -0.024961572 0.999605298 0.012891987 -12.407404900 -0.089666523 -0.015082755 0.995857656 174.562011719
0.993771255 0.023999406 0.108824030 -138.471786499 -0.025261056 0.999628484 0.010229534 -12.407338142 -0.108538106 -0.012914822 0.994008362 175.873397827
0.991507173 0.025252769 0.127576798 -138.318222046 -0.026055677 0.999649763 0.004628315 -12.414740562 -0.127415240 -0.007913108 0.991817832 177.201232910
0.989039481 0.026762806 0.145205721 -138.132507324 -0.026728017 0.999640286 -0.002190809 -12.424435616 -0.145212129 -0.001714264 0.989399076 178.511962891
0.986229062 0.029012704 0.162819922 -137.931793213 -0.028214501 0.999575853 -0.007213105 -12.439243317 -0.162960112 0.002519893 0.986629426 179.837341309
0.983069539 0.031488698 0.180506751 -137.707946777 -0.029953683 0.999488294 -0.011224116 -12.466842651 -0.180767819 0.005627245 0.983509719 181.177398682
0.979629517 0.033345755 0.198025391 -137.447738647 -0.031163776 0.999414444 -0.014125847 -12.495362282 -0.198380485 0.007666877 0.980095088 182.515975952
0.975931704 0.033111446 0.215548024 -137.165481567 -0.030866986 0.999428630 -0.013771647 -12.531334877 -0.215880826 0.006786869 0.976396143 183.874603271
0.972076595 0.031885035 0.232487366 -136.848419189 -0.029311057 0.999464869 -0.014518558 -12.563826561 -0.232825890 0.007298701 0.972491026 185.235534668
0.967791855 0.032458793 0.249650389 -136.505645752 -0.028483149 0.999403596 -0.019522011 -12.607666969 -0.250135154 0.011782416 0.968139231 186.597702026
0.963374734 0.033852670 0.266013443 -136.138671875 -0.028495818 0.999306440 -0.023972595 -12.643935204 -0.266640455 0.015514318 0.963671148 187.954559326
0.958553195 0.035925277 0.282639593 -135.743759155 -0.030338142 0.999248624 -0.024121018 -12.691730499 -0.283293724 0.014546516 0.958922863 189.327987671
0.953084052 0.038538180 0.300242931 -135.327407837 -0.032584704 0.999160886 -0.024812883 -12.741003036 -0.300947279 0.013865434 0.953539968 190.704086304
0.947251022 0.042107258 0.317714185 -134.884399414 -0.035062805 0.998996675 -0.027860664 -12.792636871 -0.318568587 0.015251096 0.947777092 192.079223633
0.941223621 0.042812131 0.335060060 -134.418487549 -0.034134120 0.998912871 -0.031748775 -12.850813866 -0.336055040 0.018445721 0.941661716 193.447708130
0.934940040 0.043922510 0.352076560 -133.917800903 -0.034016445 0.998833239 -0.034276437 -12.909396172 -0.353171349 0.020070026 0.935343385 194.811676025
0.928085089 0.044880465 0.369653702 -133.390472412 -0.032549087 0.998688042 -0.039532300 -12.980185509 -0.370942950 0.024657445 0.928328216 196.186920166
0.920010328 0.048228052 0.388915271 -132.850845337 -0.033133268 0.998417795 -0.045430973 -13.060008049 -0.390491009 0.028910935 0.920152664 197.540435791
0.910568058 0.051715355 0.410111219 -132.263275146 -0.034581140 0.998195410 -0.049092893 -13.145964622 -0.411909938 0.030520307 0.910713196 198.898269653
0.899225652 0.054752931 0.434045285 -131.664123535 -0.036594462 0.998074114 -0.050088808 -13.238354683 -0.435951859 0.029157491 0.899497449 200.230667114
