1.000000000 0.000000000 -0.000000000 0.000000000 0.000000000 1.000000000 0.000000000 0.000000000 -0.000000000 0.000000000 1.000000000 0.000000000
0.999991596 -0.002384685 -0.003342773 -0.003518875 0.002377347 0.999994755 -0.002197478 -0.005322349 0.003347995 0.002189512 0.999992013 0.664916813
0.999971271 -0.001099808 -0.007500219 -0.012692679 0.001072878 0.999992967 -0.003593609 -0.010515687 0.007504118 0.003585459 0.999965429 1.358883739
0.999934852 -0.001437976 -0.011333999 -0.022257991 0.001378919 0.999985576 -0.005216718 -0.013154831 0.011341338 0.005200748 0.999922156 2.066323757
0.999876499 0.000398186 -0.015718244 -0.053786866 -0.000493678 0.999981403 -0.006071846 -0.013109186 0.015715538 0.006078856 0.999858022 2.782005548
0.999800980 -0.000130266 -0.019950500 -0.072685532 0.000005031 0.999980330 -0.006277216 -0.022732209 0.019950924 0.006275867 0.999781311 3.524428606
0.999691486 0.001429382 -0.024797279 -0.093824863 -0.001618841 0.999969661 -0.007621890 -0.028192425 0.024785632 0.007659683 0.999663413 4.289361954
0.999587357 0.004225330 -0.028412817 -0.155929118 -0.004445555 0.999960601 -0.007692215 -0.050172467 0.028379196 0.007815353 0.999566615 5.033844471
0.999463320 0.004532305 -0.032442834 -0.192181543 -0.004736967 0.999969423 -0.006234331 -0.056278016 0.032413587 0.006384666 0.999454141 5.815770149
0.999300838 0.003888547 -0.037183464 -0.223969132 -0.004032157 0.999984741 -0.003787987 -0.061663058 0.037168168 0.003935269 0.999301255 6.616571903
0.999124527 0.002963589 -0.041732740 -0.229722142 -0.002997832 0.999995172 -0.000757980 -0.074072257 0.041730288 0.000882424 0.999128520 7.427391529
0.999014199 0.004305440 -0.044181813 -0.276068926 -0.004366893 0.999989569 -0.001294500 -0.082915224 0.044175778 0.001486161 0.999022722 8.242449760
0.998932898 0.003536114 -0.046049125 -0.324517965 -0.003610353 0.999992251 -0.001529106 -0.088902846 0.046043359 0.001693728 0.998937964 9.061855316
0.998836994 0.001120037 -0.048203088 -0.361426532 -0.001241743 0.999996126 -0.002494992 -0.089785479 0.048200101 0.002551946 0.998834431 9.905161858
0.998705983 0.000479103 -0.050853975 -0.396732837 -0.000555383 0.999998689 -0.001485872 -0.100122191 0.050853189 0.001512193 0.998704970 10.743190765
0.998620808 -0.001293454 -0.052486531 -0.442531794 0.001198605 0.999997556 -0.001838561 -0.106331132 0.052488778 0.001773114 0.998619914 11.595578194
0.998529732 0.000981051 -0.054196563 -0.495214820 -0.001184788 0.999992311 -0.003727229 -0.121046208 0.054192483 0.003785960 0.998523295 12.447557449
0.998441756 0.001719096 -0.055777874 -0.548064053 -0.002106907 0.999973953 -0.006894724 -0.122955427 0.055764563 0.007001499 0.998419404 13.315875053
0.998340905 0.005638699 -0.057302017 -0.606308877 -0.006142302 0.999943972 -0.008616266 -0.134737656 0.057250224 0.008953938 0.998319685 14.178437233
0.998287678 0.006711220 -0.058108848 -0.664710939 -0.007231703 0.999935567 -0.008751377 -0.143138453 0.058046367 0.009156617 0.998271883 15.062406540
0.998216808 0.005825885 -0.059406854 -0.723996282 -0.006227414 0.999958932 -0.006576082 -0.164613098 0.059366111 0.006934307 0.998212159 15.964563370
0.998127222 0.006773687 -0.060794935 -0.787371218 -0.007129069 0.999958694 -0.005630594 -0.171052828 0.060754281 0.006053460 0.998134375 16.868196487
0.998031318 0.006075745 -0.062422529 -0.828104258 -0.006422632 0.999965012 -0.005357910 -0.186848477 0.062387791 0.005748281 0.998035431 17.764896393
0.997922897 0.005960630 -0.064142197 -0.888165295 -0.006378790 0.999959707 -0.006316454 -0.197731361 0.064101964 0.006712484 0.997920811 18.674215317
0.997872233 0.004491999 -0.065045215 -0.952284813 -0.004964236 0.999962449 -0.007100345 -0.210506409 0.065010883 0.007408137 0.997857094 19.593597412
0.997811675 0.004320055 -0.065978445 -1.008573055 -0.004673914 0.999975562 -0.005209825 -0.227137491 0.065954320 0.005506800 0.997807443 20.496597290
0.997795343 0.005504696 -0.066136107 -1.075205088 -0.005622030 0.999983013 -0.001588137 -0.240007952 0.066126235 0.001956455 0.997809350 21.421064377
0.997851670 0.006219944 -0.065216750 -1.138461351 -0.006085915 0.999978960 0.002253613 -0.253800005 0.065229394 -0.001851868 0.997868538 22.342069626
0.997989237 0.004373023 -0.063233122 -1.198765516 -0.004061481 0.999979019 0.005054565 -0.260963619 0.063253887 -0.004787581 0.997985899 23.282306671
0.998084962 0.004719182 -0.061679076 -1.260730624 -0.004375481 0.999974191 0.005706280 -0.264596105 0.061704408 -0.005425476 0.998079717 24.221210480
0.998160779 0.005003821 -0.060415201 -1.319499731 -0.004832048 0.999983907 0.002988961 -0.271872938 0.060429171 -0.002691534 0.998168826 25.156461716
0.998201132 0.005797391 -0.059673190 -1.373856783 -0.005922414 0.999980569 -0.001918484 -0.280579478 0.059660919 0.002268443 0.998216152 26.100080490
0.998288989 0.004786910 -0.058276717 -1.435287952 -0.005079549 0.999975145 -0.004874425 -0.287733972 0.058251943 0.005162104 0.998288572 27.047632217
0.998327315 0.002517249 -0.057760019 -1.490287304 -0.002735036 0.999989390 -0.003691781 -0.299741834 0.057750121 0.003843582 0.998323739 28.014175415
0.998314679 0.001082876 -0.058022037 -1.542482018 -0.001010500 0.999998689 0.001276721 -0.311682224 0.058023345 -0.001215939 0.998314500 28.971405029
0.998269618 -0.002710081 -0.058739480 -1.601407886 0.002981158 0.999985397 0.004527742 -0.320482016 0.058726348 -0.004695018 0.998263121 29.943328857
0.998141885 -0.010050544 -0.060097810 -1.645833254 0.010305657 0.999939084 0.003936485 -0.328122914 0.060054578 -0.004548518 0.998184741 30.906158447
0.998053670 -0.011918049 -0.061211947 -1.713644147 0.011939872 0.999928832 -0.000009265 -0.335100949 0.061207697 -0.000721616 0.998124778 31.896020889
0.997940779 -0.012289391 -0.062953524 -1.761973262 0.012081699 0.999920249 -0.003678712 -0.347099841 0.062993713 0.002910551 0.998009682 32.845893860
0.997829437 -0.010829063 -0.064955093 -1.832058311 0.010557253 0.999934018 -0.004526386 -0.356119752 0.064999826 0.003830814 0.997877896 33.827388763
0.997776091 -0.010870307 -0.065763868 -1.897173285 0.010679445 0.999937773 -0.003253055 -0.364814907 0.065795124 0.002543499 0.997829914 34.819301605
0.997727692 -0.008313895 -0.066861175 -1.971855998 0.008312081 0.999965429 -0.000305320 -0.380655199 0.066861399 -0.000251129 0.997762322 35.815700531
0.997632861 -0.007537849 -0.068349957 -2.035618305 0.007626399 0.999970317 0.001034696 -0.397444278 0.068340130 -0.001553511 0.997660875 36.795932770
0.997576356 -0.006308553 -0.069293000 -2.106096983 0.006567046 0.999972284 0.003503263 -0.405777305 0.069268987 -0.003949824 0.997590184 37.768314362
0.997603476 -0.006095168 -0.068921797 -2.177772522 0.006574586 0.999955833 0.006731293 -0.417398006 0.068877712 -0.007168294 0.997599363 38.761726379
0.997568905 -0.000613938 -0.069685079 -2.256593466 0.001222409 0.999961555 0.008689393 -0.413979143 0.069677047 -0.008753452 0.997531235 39.750240326
0.997577131 0.000104886 -0.069569767 -2.340642214 0.000452569 0.999967933 0.007997069 -0.422762036 0.069568366 -0.008009179 0.997545063 40.742198944
0.997557223 -0.000055037 -0.069853842 -2.393990755 0.000504353 0.999979258 0.006414620 -0.429616243 0.069852047 -0.006434181 0.997536600 41.735832214
0.997567415 0.002418664 -0.069667339 -2.478061914 -0.002134040 0.999989033 0.004159596 -0.435343802 0.069676645 -0.004000805 0.997561574 42.730518341
0.997491777 0.002193686 -0.070748307 -2.546602488 -0.001900686 0.999989271 0.004208492 -0.443957031 0.070756793 -0.004063465 0.997485340 43.709960938
0.997400641 0.000274565 -0.072054707 -2.617761374 0.000118197 0.999985158 0.005446572 -0.452300191 0.072055154 -0.005440932 0.997385800 44.696098328
0.997338295 0.000943243 -0.072906807 -2.687995672 -0.000458772 0.999977708 0.006661528 -0.464849174 0.072911464 -0.006610350 0.997316539 45.670955658
0.997320414 0.003025966 -0.073093660 -2.765618086 -0.002804855 0.999991119 0.003127502 -0.474276751 0.073102474 -0.002914104 0.997320116 46.642002106
0.997262836 0.003652858 -0.073847368 -2.847387552 -0.003750736 0.999992311 -0.001186778 -0.481006414 0.073842458 0.001460511 0.997268856 47.605953217
0.997189164 0.004725768 -0.074775442 -2.920548439 -0.004933620 0.999984384 -0.002595208 -0.486639887 0.074762017 0.002956827 0.997196972 48.568679810
0.997199297 0.002629200 -0.074743591 -2.997032881 -0.002528285 0.999995708 0.001444736 -0.510206759 0.074747063 -0.001251717 0.997201741 49.554550171
0.997214496 0.000897518 -0.074581489 -3.073682785 -0.000572564 0.999990225 0.004378302 -0.519600034 0.074584678 -0.004323404 0.997205317 50.522483826
0.997202456 -0.000767876 -0.074743636 -3.148849726 0.001172610 0.999984920 0.005371231 -0.536872268 0.074738368 -0.005443850 0.997188330 51.479461670
0.997149467 -0.004229661 -0.075332761 -3.213509321 0.004546793 0.999981523 0.004038734 -0.541290760 0.075314291 -0.004369744 0.997150242 52.440898895
0.997122169 -0.006880428 -0.075498335 -3.288243532 0.007111894 0.999970794 0.002797404 -0.552543938 0.075476877 -0.003326289 0.997141957 53.393787384
0.997047305 -0.008351413 -0.076334514 -3.366513252 0.008660164 0.999955535 0.003714594 -0.558948755 0.076300085 -0.004364695 0.997075319 54.337158203
0.996887267 -0.011510734 -0.077994719 -3.423045874 0.012170055 0.999894023 0.007983332 -0.567411005 0.077894561 -0.008907682 0.996921837 55.281261444
0.996858478 -0.012105786 -0.078271650 -3.503002644 0.013125761 0.999835312 0.012529884 -0.567404389 0.078107074 -0.013517897 0.996853352 56.224769592
0.996847928 -0.010221435 -0.078674324 -3.588806391 0.011418319 0.999825537 0.014778333 -0.568872869 0.078509554 -0.015630079 0.996790886 57.160888672
0.996685028 -0.009835742 -0.080758639 -3.658514261 0.010745822 0.999883413 0.010842240 -0.573734760 0.080642581 -0.011674117 0.996674776 58.106079102
0.996604919 -0.007679656 -0.081972741 -3.727602720 0.007986059 0.999962270 0.003410661 -0.582227767 0.081943452 -0.004053721 0.996628761 59.034786224
0.996568084 -0.005629060 -0.082585044 -3.812704563 0.005510710 0.999983430 -0.001660929 -0.588596404 0.082593024 0.001200128 0.996582687 59.945671082
0.996493101 -0.000702512 -0.083673082 -3.896213293 0.000658095 0.999999583 -0.000558429 -0.602509737 0.083673447 0.000501405 0.996493101 60.846694946
0.996381998 0.001855023 -0.084966704 -3.982448101 -0.001702190 0.999996781 0.001871153 -0.615175545 0.084969915 -0.001719754 0.996382058 61.747951508
0.996311009 0.004459800 -0.085698843 -4.065824509 -0.004177445 0.999985218 0.003473795 -0.628557682 0.085713074 -0.003102978 0.996315062 62.632141113
0.996164083 0.004944354 -0.087365046 -4.138982773 -0.004666973 0.999983370 0.003378938 -0.643221080 0.087380305 -0.002958246 0.996170700 63.511703491
0.996049643 0.006529307 -0.088557713 -4.227384567 -0.006189552 0.999972343 0.004110604 -0.648950756 0.088582121 -0.003546233 0.996062577 64.367027283
0.995926023 0.007486420 -0.089862734 -4.308919430 -0.007087430 0.999963582 0.004758273 -0.660586894 0.089895077 -0.004101992 0.995942771 65.211311340
0.995783925 0.007300647 -0.091437913 -4.383651733 -0.006861573 0.999963343 0.005115341 -0.670986533 0.091471910 -0.004466367 0.995797694 66.037429810
0.995691776 0.006719241 -0.092481486 -4.464338303 -0.006193361 0.999962926 0.005972169 -0.673925936 0.092518188 -0.005373667 0.995696545 66.850517273
0.995514333 0.009852265 -0.094097741 -4.541097641 -0.009059936 0.999919772 0.008843821 -0.683796525 0.094177350 -0.007951628 0.995523632 67.648735046
0.995402575 0.011561245 -0.095079534 -4.624284744 -0.010369756 0.999861419 0.013016082 -0.692048311 0.095216855 -0.011970291 0.995384634 68.428199768
0.995182693 0.014426629 -0.096970774 -4.707980156 -0.013051222 0.999805152 0.014803128 -0.694957435 0.097165465 -0.013466230 0.995177090 69.209190369
0.995029986 0.017190356 -0.098079987 -4.795251369 -0.016232179 0.999812484 0.010558990 -0.702349186 0.098243110 -0.008914460 0.995122492 69.960914612
0.994885325 0.017298482 -0.099517331 -4.869475842 -0.017042026 0.999848962 0.003426566 -0.711104274 0.099561557 -0.001713064 0.995029986 70.684852600
0.994747460 0.016417949 -0.101034731 -4.942488194 -0.016754813 0.999856532 -0.002486402 -0.720999479 0.100979410 0.004166160 0.994879723 71.390243530
0.994696021 0.016673421 -0.101496935 -5.015305042 -0.017122570 0.999847114 -0.003555598 -0.727790177 0.101422124 0.005274627 0.994829535 72.079231262
0.994572163 0.019743718 -0.102159858 -5.097670555 -0.019850312 0.999802947 -0.000026760 -0.739817798 0.102139220 0.002054520 0.994767904 72.764389038
0.994438648 0.020057950 -0.103390276 -5.173664093 -0.019922476 0.999798775 0.002342900 -0.758607209 0.103416465 -0.000270080 0.994638085 73.419075012
0.994412482 0.017074021 -0.104174346 -5.242525101 -0.017264988 0.999850512 -0.000931623 -0.769618750 0.104142867 0.002724987 0.994558513 74.049354553
0.994499028 0.008855917 -0.104370676 -5.289741993 -0.009540392 0.999936104 -0.006060711 -0.782858074 0.104310334 0.007023108 0.994520009 74.665237427
0.994613826 0.004824778 -0.103537567 -5.343649864 -0.005996080 0.999921501 -0.011004560 -0.789792001 0.103476338 0.011566107 0.994564652 75.262565613
0.994904935 0.006922656 -0.100579470 -5.401099205 -0.008080968 0.999905646 -0.011113523 -0.805307865 0.100493029 0.011869679 0.994866967 75.842567444
0.995277822 0.012189697 -0.096297905 -5.468274117 -0.013052314 0.999880135 -0.008332931 -0.815101504 0.096184775 0.009550492 0.995317638 76.402992249
0.995778441 0.010781594 -0.091153935 -5.527082443 -0.011259176 0.999925435 -0.004726673 -0.835061610 0.091096178 0.005733038 0.995825648 76.954376221
0.996312320 0.007013110 -0.085512988 -5.555684090 -0.007044737 0.999975204 -0.000068104 -0.857796431 0.085510381 0.000670269 0.996337056 77.468437195
0.997013569 0.002625019 -0.077182025 -5.597305775 -0.002404623 0.999992728 0.002948323 -0.863028824 0.077189207 -0.002753924 0.997012675 78.016799927
0.997714639 0.006355136 -0.067268722 -5.613223553 -0.006199882 0.999977648 0.002516486 -0.866163850 0.067283213 -0.002093676 0.997731745 78.555763245
0.998575151 0.011676929 -0.052070942 -5.644515038 -0.011589747 0.999930918 0.001975943 -0.873411477 0.052090418 -0.001369638 0.998641491 79.058166504
0.999279082 0.016562689 -0.034161657 -5.657287121 -0.016485101 0.999860883 0.002551664 -0.880178213 0.034199171 -0.001986665 0.999413133 79.557029724
0.999810815 0.015293986 -0.012015204 -5.651245117 -0.015257117 0.999878645 0.003154354 -0.886305213 0.012061981 -0.002970440 0.999922931 80.041519165
0.999833643 0.011673237 0.014016698 -5.618218422 -0.011733271 0.999922335 0.004208377 -0.895040870 -0.013966485 -0.004372139 0.999892950 80.510719299
0.998996973 0.010739343 0.043472644 -5.582609177 -0.011013356 0.999920905 0.006068475 -0.908301175 -0.043404035 -0.006541167 0.999036193 80.958084106
0.996999145 0.009991453 0.076765768 -5.527768612 -0.010620586 0.999913275 0.007791590 -0.918832123 -0.076681241 -0.008583504 0.997018814 81.405776978
0.993461490 0.009702534 0.113755561 -5.448625088 -0.010682174 0.999910891 0.008005382 -0.921507716 -0.113667749 -0.009168194 0.993476570 81.855239868
0.987789452 0.009700981 0.155492663 -5.354913235 -0.011036668 0.999909282 0.007728996 -0.925316095 -0.155403569 -0.009350741 0.987806916 82.275260925
0.979823947 0.009413554 0.199640885 -5.221040726 -0.011052891 0.999913752 0.007098470 -0.923186362 -0.199556842 -0.009161861 0.979843497 82.685462952
0.968244135 0.012379421 0.249699801 -5.121235371 -0.013956700 0.999892235 0.004547086 -0.920271575 -0.249616623 -0.007887674 0.968312621 83.018501282
0.952903986 0.013370870 0.302976996 -4.967424393 -0.014459027 0.999894500 0.001348639 -0.926873326 -0.302927017 -0.005665875 0.952996910 83.402236938
0.933565855 0.013596284 0.358147919 -4.780109406 -0.014151037 0.999899209 -0.001072156 -0.930071533 -0.358126462 -0.004067235 0.933664322 83.768547058
0.909020126 0.014097672 0.416513562 -4.594970703 -0.014286968 0.999894381 -0.002662677 -0.940068960 -0.416507125 -0.003530289 0.909125626 84.120948792
0.880554616 0.013618950 0.473748952 -4.383889675 -0.013196203 0.999903977 -0.004216717 -0.951629043 -0.473760933 -0.002538637 0.880649865 84.425003052
0.847317517 0.012641031 0.530936062 -4.136682034 -0.010869811 0.999920011 -0.006459984 -0.957859695 -0.530975342 -0.000297515 0.847387314 84.737045288
0.810266972 0.013169657 0.585913002 -3.869636536 -0.009551513 0.999911368 -0.009266253 -0.952304244 -0.585983217 0.001911784 0.810320973 85.052970886
0.770131588 0.011592511 0.637779534 -3.595522165 -0.008703421 0.999932647 -0.007665581 -0.971340835 -0.637825489 0.000352645 0.770180821 85.331138611
0.728100955 0.011328495 0.685376167 -3.296558619 -0.010060019 0.999932230 -0.005840616 -0.975676894 -0.685395956 -0.002642337 0.728165746 85.574829102
0.681573331 0.011140526 0.731664956 -2.991580725 -0.007995158 0.999937773 -0.007777532 -0.957016051 -0.731706083 -0.000548816 0.681620121 85.842338562
0.639801979 0.007312651 0.768504977 -2.670078516 -0.003053858 0.999970973 -0.006972726 -0.986658156 -0.768533707 0.002114259 0.639805853 85.941223145
0.592966437 0.004722145 0.805213332 -2.339977026 0.002898253 0.999963760 -0.007998552 -0.992629230 -0.805221856 0.007076586 0.592931390 86.125602722
0.546021461 0.006228139 0.837748051 -2.009620190 0.000837185 0.999967694 -0.007979797 -1.010078669 -0.837770820 0.005058491 0.545998693 86.299888611
0.499472201 0.009621559 0.866276443 -1.671648979 -0.002041970 0.999948561 -0.009928884 -1.010552168 -0.866327465 0.003190292 0.499466240 86.450347900
0.453819007 0.011606711 0.891018271 -1.334078193 -0.002961437 0.999929190 -0.011517085 -1.022330403 -0.891088903 0.002587978 0.453821331 86.590148926
0.410541475 0.009932580 0.911787868 -0.968054771 0.004334668 0.999908030 -0.012844247 -1.018495083 -0.911831617 0.009225395 0.410460770 86.727577209
0.371828258 0.002295838 0.928298771 -0.596345842 0.018772900 0.999773800 -0.009992057 -1.027974725 -0.928111672 0.021142187 0.371701121 86.809669495
0.335613281 -0.001040168 0.941999257 -0.225850552 0.022392472 0.999725580 -0.006874029 -1.032657146 -0.941733599 0.023400709 0.335544646 86.915115356
0.302406281 0.002007009 0.953177035 0.112296879 0.019579526 0.999773681 -0.008316950 -1.053784847 -0.952977955 0.021177854 0.302298576 87.003852844
0.272210121 0.009752719 0.962188423 0.480437875 0.010253042 0.999862373 -0.013035242 -1.061926007 -0.962183118 0.013413684 0.272072732 87.100006104
0.243872076 0.014590491 0.969697654 0.859239042 0.005314705 0.999851644 -0.016380811 -1.076329589 -0.969792783 0.009148479 0.243758395 87.183952332
0.218122140 0.016348509 0.975784540 1.248827815 0.006684170 0.999811172 -0.018245202 -1.089837313 -0.975898564 0.010501994 0.217971712 87.251289368
0.194471076 0.017707864 0.980748415 1.657626033 0.014219518 0.999680877 -0.020869268 -1.100916386 -0.980805099 0.018004239 0.194157332 87.311073303
0.174575612 0.023525508 0.984362721 2.068157196 0.021113181 0.999395132 -0.027629172 -1.103959918 -0.984417379 0.025606407 0.173973352 87.352302551
0.155145556 0.029995896 0.987436116 2.476293325 0.024002731 0.999129534 -0.034122407 -1.101196170 -0.987600029 0.028995106 0.154290512 87.401557922
0.137572840 0.030851875 0.990011036 2.913532972 0.021547323 0.999185085 -0.034132004 -1.114326835 -0.990257323 0.026027724 0.136795953 87.457107544
0.122265995 0.026677188 0.992138743 3.379170656 0.019423384 0.999382913 -0.029265611 -1.136316180 -0.992307305 0.022848880 0.121672407 87.509544373
0.107617810 0.023154713 0.993922651 3.843824148 0.019682663 0.999483228 -0.025415411 -1.157553077 -0.993997514 0.022298196 0.107106432 87.553024292
0.094625138 0.020713171 0.995297492 4.325882435 0.022341715 0.999487519 -0.022924451 -1.170356512 -0.995262265 0.024405882 0.094113879 87.583374023
0.082823254 0.019800844 0.996367574 4.819076538 0.025912270 0.999421895 -0.022015503 -1.186422467 -0.996227324 0.027641540 0.082262278 87.612724304
0.072482340 0.020442871 0.997160137 5.328344822 0.029057795 0.999322236 -0.022599373 -1.202820182 -0.996946454 0.030613331 0.071839184 87.643753052
0.065142281 0.021160953 0.997651577 5.863394260 0.032056764 0.999214709 -0.023287274 -1.211336851 -0.997360945 0.033498466 0.064412773 87.666236877
0.059675205 0.021481663 0.997986615 6.412044525 0.034027044 0.999143600 -0.023541231 -1.226346731 -0.997637808 0.035363361 0.058893137 87.692405701
0.053837374 0.022599678 0.998293936 6.976821899 0.035282679 0.999076426 -0.024520166 -1.242259622 -0.997926235 0.036542583 0.052990273 87.723114014
0.048281528 0.023174785 0.998564899 7.572482586 0.035408944 0.999062717 -0.024898393 -1.256287932 -0.998205960 0.036560260 0.047415677 87.742614746
0.044002980 0.023165643 0.998762846 8.173354149 0.038110148 0.998964489 -0.024849357 -1.271614194 -0.998304307 0.039156448 0.043074563 87.762245178
0.040929075 0.023214065 0.998892367 8.796548843 0.039578531 0.998907804 -0.024836127 -1.290956974 -0.998377860 0.040551215 0.039965589 87.786659241
0.037955090 0.022685507 0.999021947 9.434397697 0.040523421 0.998885036 -0.024221970 -1.310120940 -0.998457432 0.041403133 0.036993470 87.807334900
0.034186494 0.022259405 0.999167740 10.122142792 0.040417094 0.998903394 -0.023636388 -1.328200459 -0.998597801 0.041191496 0.033249341 87.864204407
0.033567254 0.021886956 0.999196887 10.799163818 0.045007724 0.998712778 -0.023388354 -1.347571492 -0.998422444 0.045756657 0.032538962 87.880142212
0.035628814 0.020975765 0.999144912 11.407089233 0.050616533 0.998458743 -0.022766305 -1.372760415 -0.998082459 0.051384397 0.034512177 87.866226196
0.038223419 0.020931451 0.999049962 12.110977173 0.052414887 0.998362303 -0.022922423 -1.389905095 -0.997893631 0.053241264 0.037063710 87.889106750
0.041905385 0.020758204 0.998905897 12.838263512 0.054848798 0.998228669 -0.023045108 -1.411452055 -0.997614980 0.055754505 0.040692594 87.921005249
0.046724394 0.021208748 0.998682618 13.580944061 0.055140764 0.998195350 -0.023778217 -1.407817841 -0.997384667 0.056179140 0.045470618 87.945037842
0.050293252 0.019620162 0.998541772 14.331209183 0.056693524 0.998138666 -0.022467712 -1.427374125 -0.997124016 0.057740830 0.049087312 87.990356445
0.054113030 0.017990638 0.998372674 15.099081993 0.056090936 0.998204172 -0.021027800 -1.449825048 -0.996958137 0.057137534 0.053006746 88.039749146
0.058520749 0.015656361 0.998163402 15.885972977 0.053631939 0.998383641 -0.018804174 -1.471916080 -0.996844471 0.054633871 0.057586487 88.092163086
0.062630653 0.014405644 0.997932851 16.662734985 0.052413657 0.998468518 -0.017702883 -1.498692155 -0.996659517 0.053414050 0.061779689 88.131172180
0.066871934 0.015463152 0.997641802 17.465650558 0.049737640 0.998585224 -0.018811690 -1.518619895 -0.996521115 0.050878320 0.066008218 88.192932129
0.069594145 0.019592330 0.997383058 18.263820648 0.047402900 0.998612761 -0.022924108 -1.546525240 -0.996448517 0.048874229 0.068568870 88.257522583
0.071614526 0.024423109 0.997133315 19.064186096 0.041785423 0.998749137 -0.027463730 -1.579660296 -0.996556759 0.043632437 0.070504390 88.310462952
0.071731627 0.027347695 0.997048974 19.875743866 0.039064221 0.998780072 -0.030205615 -1.608272672 -0.996658742 0.041115649 0.070575804 88.369422913
0.071826003 0.026965341 0.997052610 20.693052292 0.036953736 0.998876214 -0.029676748 -1.637970924 -0.996732414 0.038976390 0.070748806 88.440628052
0.071609467 0.025334913 0.997110963 21.503484726 0.033933528 0.999036849 -0.027820850 -1.670119524 -0.996855378 0.035827730 0.070680782 88.505989075
0.071272157 0.024187228 0.997163594 22.333793640 0.034650277 0.999042571 -0.026709432 -1.703418374 -0.996854901 0.036455639 0.070365824 88.574981689
0.071519442 0.023579808 0.997160494 23.151647568 0.032463610 0.999135792 -0.025954911 -1.734820604 -0.996910810 0.034227706 0.070692129 88.636337280
0.071288377 0.023937298 0.997168541 23.968545914 0.030696213 0.999185801 -0.026180221 -1.766642451 -0.996983409 0.032475647 0.070495546 88.707923889
0.071299255 0.024699086 0.997149229 24.777193069 0.027808610 0.999255538 -0.026739668 -1.796446323 -0.997067273 0.029635850 0.070559315 88.773628235
0.070570067 0.025907420 0.997170389 25.582220078 0.024608955 0.999313116 -0.027704677 -1.834063888 -0.997203350 0.026494442 0.069884025 88.829093933
0.066442356 0.025914568 0.997453749 26.396059036 0.021090480 0.999402761 -0.027370086 -1.865241170 -0.997567415 0.022855308 0.065856107 88.908454895
0.063850477 0.024647547 0.997655094 27.212621689 0.019490955 0.999473631 -0.025939900 -1.890105128 -0.997769117 0.021101527 0.063336462 88.948928833
0.058975965 0.022273209 0.998010933 28.024730682 0.017753627 0.999569535 -0.023357119 -1.919739008 -0.998101532 0.019095819 0.058555152 89.001525879
0.052813079 0.020457702 0.998394847 28.829387665 0.015388684 0.999654770 -0.021297548 -1.948292017 -0.998485804 0.016488774 0.052480035 89.045906067
0.045378629 0.021185631 0.998745263 29.626678467 0.015830589 0.999634326 -0.021923764 -1.969246507 -0.998844445 0.016805595 0.045026660 89.078880310
0.036981113 0.021032415 0.999094605 30.425106049 0.014758212 0.999658048 -0.021590544 -2.010885954 -0.999206960 0.015543293 0.036658064 89.103149414
0.027273238 0.021616401 0.999394238 31.225908279 0.015550729 0.999635994 -0.022046005 -2.033428669 -0.999506950 0.016142577 0.026927162 89.120849609
0.016666519 0.020454261 0.999651909 32.027904510 0.017083608 0.999638975 -0.020738818 -2.064947128 -0.999715090 0.017423304 0.016311070 89.138786316
0.005894355 0.019891515 0.999784768 32.809333801 0.015411829 0.999681532 -0.019980323 -2.089452744 -0.999863803 0.015526284 0.005585914 89.141548157
-0.005193217 0.019193674 0.999802232 33.597171783 0.016854677 0.999675393 -0.019103689 -2.114014626 -0.999844491 0.016752137 -0.005515034 89.134910583
-0.016104905 0.019618565 0.999677837 34.378593445 0.016997434 0.999668419 -0.019344546 -2.139996529 -0.999725819 0.016680416 -0.016433027 89.119926453
-0.027332608 0.020326892 0.999419749 35.156852722 0.017186455 0.999655068 -0.019861653 -2.164362907 -0.999478638 0.016633611 -0.027672525 89.099769592
-0.037565909 0.021239411 0.999068379 35.927452087 0.016824732 0.999645829 -0.020619057 -2.193974972 -0.999152482 0.016034486 -0.037909951 89.060386658
-0.047744978 0.022183174 0.998613298 36.694519043 0.017241448 0.999622762 -0.021381263 -2.218651533 -0.998710811 0.016196690 -0.048109435 89.021949768
-0.057231061 0.022829060 0.998099923 37.446281433 0.018934838 0.999583483 -0.021777270 -2.249902964 -0.998181462 0.017652525 -0.057639483 88.971786499
-0.067234382 0.023475276 0.997461140 38.212970734 0.018921291 0.999573350 -0.022249598 -2.273681641 -0.997557759 0.017377310 -0.067649893 88.928855896
-0.076614767 0.024015473 0.996771574 38.953330994 0.019493543 0.999554873 -0.022584205 -2.300825357 -0.996870160 0.017700326 -0.077048823 88.872421265
-0.085185528 0.023146225 0.996096253 39.686508179 0.020803673 0.999553502 -0.021447452 -2.327578783 -0.996147871 0.018895449 -0.085629024 88.804244995
-0.092273310 0.022094801 0.995488465 40.417209625 0.022947256 0.999535382 -0.020057606 -2.354486704 -0.995469272 0.020992946 -0.092737466 88.723388672
-0.097827107 0.020431656 0.994993567 41.140697479 0.025608813 0.999509811 -0.018006550 -2.379973412 -0.994873822 0.023719078 -0.098302394 88.655761719
-0.101300962 0.018923683 0.994675815 41.849807739 0.028913742 0.999452591 -0.016069895 -2.403248072 -0.994435608 0.027131904 -0.101792678 88.573059082
-0.104095027 0.017750792 0.994408906 42.555286407 0.030576792 0.999425232 -0.014639547 -2.423341990 -0.994097233 0.028881932 -0.104577966 88.498741150
-0.105730221 0.016494453 0.994257987 43.240470886 0.030455381 0.999447167 -0.013341884 -2.448585749 -0.993928432 0.028869867 -0.106174104 88.425155640
-0.106444009 0.017454354 0.994165480 43.919742584 0.031782024 0.999394774 -0.014143303 -2.462971449 -0.993810654 0.030091118 -0.106934294 88.347320557
-0.105270378 0.018219288 0.994276702 44.563194275 0.032448642 0.999362707 -0.014876939 -2.485028505 -0.993914127 0.030696826 -0.105794482 88.284713745
-0.102365330 0.020002659 0.994545698 45.187553406 0.033418778 0.999302626 -0.016658645 -2.503968239 -0.994185388 0.031531237 -0.102962390 88.218551636
-0.097195171 0.020351024 0.995057404 45.815837860 0.033363558 0.999295712 -0.017178826 -2.529468060 -0.994705975 0.031528961 -0.097805694 88.154228210
-0.089244135 0.020797387 0.995792627 46.389041901 0.032252811 0.999318063 -0.017980479 -2.555924654 -0.995487452 0.030512456 -0.089854032 88.107582092
-0.078170747 0.021268714 0.996713102 46.993812561 0.031708051 0.999319732 -0.018837515 -2.569387436 -0.996435583 0.030131293 -0.078791946 88.071441650
-0.064556897 0.021237427 0.997688115 47.547870636 0.031026468 0.999332905 -0.019264828 -2.595636606 -0.997431576 0.029711066 -0.065172754 88.045600891
-0.047560282 0.022304807 0.998619378 48.107711792 0.030077569 0.999329329 -0.020888187 -2.624019384 -0.998415470 0.029042600 -0.048199259 88.033699036
-0.026246423 0.024941271 0.999344349 48.618026733 0.028121224 0.999311507 -0.024201881 -2.643203020 -0.999259889 0.027467573 -0.026929731 88.035415649
-0.001284590 0.028048765 0.999605715 49.143318176 0.026057225 0.999268174 -0.028005799 -2.666921616 -0.999659657 0.026010979 -0.002014519 88.049392700
0.026288783 0.029874271 0.999207914 49.656200409 0.023983050 0.999246836 -0.030506419 -2.687568903 -0.999366641 0.024766034 0.025552504 88.094497681
0.059095521 0.029327739 0.997821510 50.163784027 0.021104965 0.999308228 -0.030621370 -2.710669279 -0.998029232 0.022868572 0.058435678 88.150108337
0.098588079 0.026818622 0.994766891 50.624641418 0.020692918 0.999365509 -0.028993398 -2.732037783 -0.994913161 0.023443038 0.097970560 88.187301636
0.140011534 0.022994800 0.989882827 51.153575897 0.019273682 0.999477565 -0.025943803 -2.754922152 -0.989962220 0.022711121 0.139495209 88.296875000
0.185265273 0.019236393 0.982500315 51.642227173 0.016262982 0.999611318 -0.022638047 -2.770067453 -0.982553959 0.020172428 0.184880450 88.414825439
0.233998552 0.016025485 0.972104847 52.128238678 0.011890031 0.999742150 -0.019343186 -2.787182093 -0.972164154 0.016084639 0.233747691 88.557785034
0.285760283 0.014392595 0.958193004 52.598693848 0.007763022 0.999819636 -0.017333003 -2.808932304 -0.958269715 0.012391560 0.285597026 88.727691650
0.340001166 0.013936202 0.940321743 53.039299011 0.005993440 0.999837756 -0.016985379 -2.828364611 -0.940405846 0.011410812 0.339862496 88.926010132
0.395075142 0.015404640 0.918519616 53.447132111 0.009268795 0.999741614 -0.020753535 -2.832793474 -0.918601990 0.016712777 0.394830227 89.167221069
0.455807656 0.018185828 0.889892519 53.868442535 0.010118331 0.999620736 -0.025610896 -2.854229689 -0.890020728 0.020677868 0.455450773 89.404418945
0.515891552 0.021631554 0.856380820 54.266288757 0.010298676 0.999452233 -0.031449452 -2.874637842 -0.856592059 0.025044089 0.515386164 89.673873901
0.574689984 0.026943216 0.817927599 54.617893219 0.007238463 0.999251425 -0.038002040 -2.867051363 -0.818339229 0.027759930 0.574064732 89.950714111
0.628690839 0.029923502 0.777079403 54.948791504 0.002903921 0.999162078 -0.040824778 -2.881992817 -0.777649939 0.027922738 0.628077090 90.294174194
0.681930721 0.030344214 0.730787098 55.275199890 0.000945883 0.999101579 -0.042367987 -2.905994415 -0.731416225 0.029583270 0.681289375 90.637611389
0.729059279 0.029304422 0.683822989 55.529094696 -0.000421515 0.999102056 -0.042365924 -2.920944214 -0.684450507 0.030599028 0.728416860 90.988945007
0.772813499 0.027056880 0.634056330 55.769840240 -0.004179842 0.999286056 -0.037547648 -2.936071873 -0.634619594 0.026367068 0.772374749 91.380607605
0.815853775 0.021617152 0.577854097 56.049728394 -0.004522172 0.999508917 -0.031006275 -2.951180458 -0.578240633 0.022683429 0.815550923 91.775680542
0.852230906 0.019558787 0.522800148 56.267601013 -0.007754005 0.999663413 -0.024758980 -2.965676069 -0.523108423 0.017046575 0.852095723 92.200843811
0.883012652 0.016076855 0.469073862 56.450286865 -0.009022334 0.999810040 -0.017282909 -2.982609987 -0.469262570 0.011028884 0.882989883 92.630996704
0.908278406 0.016394848 0.418044955 56.601490021 -0.012719045 0.999852061 -0.011577670 -3.003825665 -0.418172985 0.005198616 0.908352554 93.040969849
0.927453339 0.018867398 0.373462647 56.710762024 -0.016946273 0.999820888 -0.008426921 -3.018561840 -0.373554736 0.001486776 0.927606940 93.458892822
0.942471206 0.025306914 0.333328158 56.828460693 -0.024820771 0.999675512 -0.005717617 -3.030256271 -0.333364695 -0.002884772 0.942793548 93.913536072
0.953973353 0.029497433 0.298437148 56.930068970 -0.028929655 0.999561429 -0.006320844 -3.040091038 -0.298492730 -0.002603768 0.954408348 94.368675232
0.962949932 0.032406829 0.267726183 57.036415100 -0.031972103 0.999470830 -0.005984277 -3.049144745 -0.267778426 -0.002797209 0.963476479 94.830665588
0.969001055 0.027075799 0.245568693 57.145717621 -0.026279593 0.999633312 -0.006519238 -3.045894623 -0.245655164 -0.000136297 0.969357312 95.307456970
0.972912848 0.023136873 0.230011627 57.247150421 -0.022597395 0.999732196 -0.004979663 -3.063830853 -0.230065227 -0.000352884 0.973175108 95.788192749
0.975541711 0.027779294 0.218052119 57.327487946 -0.027307704 0.999613643 -0.005176550 -3.075109482 -0.218111664 -0.000904562 0.975923479 96.278366089
0.977493286 0.033101395 0.208353624 57.419471741 -0.032940172 0.999448299 -0.004244399 -3.080062628 -0.208379135 -0.002714331 0.978044331 96.780715942
0.978667617 0.039084844 0.201697990 57.517414093 -0.038474917 0.999235451 -0.006945015 -3.067847490 -0.201815262 -0.000963455 0.979423165 97.264297485
0.978961647 0.044726793 0.199081868 57.607086182 -0.043511700 0.998997927 -0.010476535 -3.077251673 -0.199350983 0.001593735 0.979926884 97.785438538
0.979055464 0.046146031 0.198295385 57.712757111 -0.044338416 0.998924792 -0.013548658 -3.085497141 -0.198707387 0.004472782 0.980048716 98.320068359
0.978579938 0.044880502 0.200915560 57.821109772 -0.042362422 0.998960793 -0.016817223 -3.103540182 -0.201461539 0.007945728 0.979464233 98.860412598
0.977891505 0.042939767 0.204656616 57.940876007 -0.039011415 0.998969555 -0.023192929 -3.112361670 -0.205441624 0.014696224 0.978559077 99.410453796
0.977150083 0.043144982 0.208125740 58.069557190 -0.038167160 0.998882473 -0.027876055 -3.124930859 -0.209095836 0.019295519 0.977704763 99.955787659
0.976030171 0.047312107 0.212430745 58.191215515 -0.042334594 0.998713195 -0.027921537 -3.134365797 -0.213478416 0.018259089 0.976777136 100.536399841
0.974570572 0.050794546 0.218247861 58.313030243 -0.046720106 0.998624623 -0.023792410 -3.154400110 -0.219156206 0.012990821 0.975603342 101.132217407
0.973712027 0.047449049 0.222785980 58.461212158 -0.044299964 0.998835385 -0.019114235 -3.173030138 -0.223433465 0.008742349 0.974680007 101.735694885
0.972979248 0.043594118 0.226740092 58.603527069 -0.041634161 0.999042809 -0.013421568 -3.193034172 -0.227108121 0.003618774 0.973862827 102.357566833
0.972195745 0.041333850 0.230493188 58.748100281 -0.040417593 0.999145091 -0.008697409 -3.209675789 -0.230655611 -0.000860397 0.973035097 102.985313416
0.971635580 0.036622647 0.233630151 58.903568268 -0.035743572 0.999329031 -0.007997028 -3.223805428 -0.233766198 -0.000580578 0.972292662 103.612648010
0.971679986 0.033170085 0.233960956 59.061542511 -0.031416882 0.999443471 -0.011217550 -3.236574888 -0.234202817 0.003549547 0.972181261 104.257637024
0.971780002 0.032154504 0.233687267 59.219593048 -0.028670141 0.999421597 -0.018292964 -3.250960588 -0.234140292 0.011076890 0.972139657 104.906524658
0.971961081 0.034254797 0.232633218 59.373176575 -0.029309783 0.999265671 -0.024681216 -3.269091129 -0.233307824 0.017170751 0.972251296 105.563987732
0.972458720 0.037722036 0.230002165 59.525459290 -0.031977400 0.999077618 -0.028654238 -3.282184601 -0.230870947 0.020510187 0.972768128 106.244583130
0.973090947 0.036275953 0.227547780 59.686744690 -0.031545728 0.999204516 -0.024391510 -3.297677517 -0.228251621 0.016556993 0.973461390 106.943855286
0.973515630 0.032083821 0.226358056 59.848987579 -0.029064385 0.999438584 -0.016660240 -3.321689367 -0.226765543 0.009640044 0.973901629 107.652976990
0.974120557 0.031943720 0.223760024 60.006694794 -0.030376785 0.999483943 -0.010442340 -3.346726418 -0.223978102 0.003374984 0.974588335 108.370147705
0.974314034 0.036418613 0.222229034 60.162010193 -0.034753859 0.999330938 -0.011398437 -3.359441280 -0.222495437 0.003382342 0.974927783 109.084800720
0.974602282 0.042031545 0.219962910 60.312877655 -0.039449748 0.999091625 -0.016118838 -3.372086048 -0.220440581 0.007031976 0.975374997 109.822319031
0.975393772 0.042939942 0.216247946 60.472068787 -0.039242458 0.999001443 -0.021365298 -3.390015125 -0.216949418 0.012353479 0.976104677 110.561912537
0.976364970 0.041311860 0.212143108 60.636768341 -0.036996204 0.999020636 -0.024274129 -3.408682823 -0.212938130 0.015851920 0.976937056 111.316658020
0.977234781 0.039500356 0.208451286 60.797359467 -0.035560299 0.999111593 -0.022616774 -3.430462837 -0.209159464 0.014689307 0.977771223 112.093223572
0.978100598 0.035330951 0.205112100 60.960552216 -0.031764179 0.999281883 -0.020657089 -3.452874184 -0.205694675 0.013689495 0.978520393 112.872039795
0.978532553 0.034156784 0.203241751 61.123970032 -0.031175658 0.999354482 -0.017852327 -3.474867105 -0.203720361 0.011132888 0.978965819 113.665229797
0.978879511 0.031096779 0.202059165 61.287467957 -0.028525243 0.999470949 -0.015626855 -3.492738485 -0.202438235 0.009533024 0.979248583 114.469032288
0.979073524 0.025956543 0.201844424 61.449192047 -0.023549726 0.999620199 -0.014316805 -3.513790607 -0.202139348 0.009263825 0.979312956 115.253318787
0.979149461 0.026926348 0.201348677 61.608501434 -0.024881613 0.999609947 -0.012679648 -3.534165382 -0.201611549 0.007405390 0.979437530 116.055686951
0.978976130 0.032033119 0.201443866 61.772960663 -0.029664146 0.999450862 -0.014768585 -3.551349640 -0.201806337 0.008482431 0.979388714 116.861434937
0.978731632 0.037853297 0.201622248 61.931938171 -0.034896914 0.999225259 -0.018198680 -3.564684153 -0.202154905 0.010775631 0.979294240 117.656539917
0.978105426 0.046443328 0.202861190 62.085891724 -0.043384831 0.998868048 -0.019500140 -3.593416929 -0.203537211 0.010272095 0.979013324 118.512069702
0.977118731 0.052533191 0.206104368 62.240547180 -0.049617417 0.998581886 -0.019294007 -3.612340212 -0.206825659 0.008626170 0.978339791 119.339408875
0.976368785 0.054995526 0.208996177 62.407207489 -0.052564207 0.998469889 -0.017174147 -3.639074802 -0.209620863 0.005782584 0.977765679 120.174354553
0.975768685 0.056163006 0.211473569 62.582977295 -0.053607445 0.998403370 -0.017803017 -3.669583797 -0.212135792 0.006035070 0.977221608 120.999092102
0.975497246 0.053918205 0.213302791 62.756607056 -0.050628468 0.998499691 -0.020859526 -3.684136868 -0.214107484 0.009549216 0.976763487 121.827713013
0.975432932 0.048243664 0.214948878 62.940917969 -0.045161534 0.998794556 -0.019229989 -3.715135813 -0.215617508 0.009050143 0.976436019 122.658966064
0.975853503 0.041061699 0.214531869 63.147369385 -0.037523415 0.999084592 -0.020541230 -3.750749350 -0.215178981 0.011995259 0.976500928 123.497627258
0.975659311 0.040236682 0.215569243 63.331222534 -0.036661655 0.999116123 -0.020558793 -3.778052568 -0.216205969 0.012155248 0.976272106 124.338661194
0.975008190 0.042827338 0.218002006 63.505516052 -0.039884776 0.999044120 -0.017882502 -3.799317360 -0.218559533 0.008740622 0.975784481 125.170654297
0.974634409 0.045354050 0.219159216 63.685234070 -0.043761626 0.998968422 -0.012117561 -3.825998306 -0.219482735 0.002219426 0.975613832 126.024093628
0.974109709 0.049639590 0.220558584 63.846603394 -0.049135096 0.998761833 -0.007776387 -3.854699135 -0.220671549 -0.003262118 0.975342691 126.840438843
0.974008620 0.048466496 0.221265271 64.043640137 -0.046481237 0.998818636 -0.014173554 -3.876022100 -0.221690834 0.003520478 0.975110590 127.681770325
0.974369884 0.043644965 0.220677435 64.237945557 -0.038259625 0.998857856 -0.028621385 -3.902216911 -0.221674562 0.019444780 0.974926770 128.479843140
