1.000000000 0.000000000 0.000000000 0.000000000 0.000000000 1.000000000 0.000000000 0.000000000 0.000000000 0.000000000 1.000000000 0.000000000
0.999038577 -0.000343498 0.043837383 0.045263298 0.000446688 0.999997139 -0.002344153 -0.019670289 -0.043836448 0.002361482 0.999035954 1.026007295
0.996023953 -0.004522935 0.088970713 0.139115006 0.005190144 0.999960124 -0.007269286 -0.039162628 -0.088934287 0.007702155 0.996007740 2.049243927
0.990866780 -0.003728571 0.134792373 0.270706475 0.005304434 0.999921679 -0.011333797 -0.062687837 -0.134739548 0.011945280 0.990809083 3.050302505
0.983481765 -0.000917633 0.181004450 0.453957587 0.003384932 0.999905467 -0.013322725 -0.094517596 -0.180975139 0.013715349 0.983392060 4.081536770
0.973881245 -0.003279761 0.227034241 0.686780095 0.006450012 0.999891758 -0.013223289 -0.125991195 -0.226966292 0.014342287 0.973797023 5.086878300
0.962170422 -0.003747687 0.272422463 0.960002661 0.008015317 0.999861956 -0.014554346 -0.155317888 -0.272330374 0.016187314 0.962067604 6.090201855
0.948597550 -0.006326539 0.316421598 1.283779025 0.012403674 0.999775231 -0.017195348 -0.187873706 -0.316241682 0.020236259 0.948462784 7.061692238
0.933401704 -0.007958972 0.358744711 1.658665538 0.015862767 0.999691784 -0.019093843 -0.217950195 -0.358482212 0.023512913 0.933240414 8.019658089
0.916065276 -0.008038151 0.400948673 2.066530466 0.017429382 0.999652386 -0.019780820 -0.253723890 -0.400650322 0.025108809 0.915886939 8.938641548
0.896478951 -0.008233909 0.443009883 2.513218880 0.018286794 0.999662995 -0.018425308 -0.287832648 -0.442708880 0.024619129 0.896327317 9.845483780
0.874683797 -0.008161544 0.484625161 3.010154724 0.018960739 0.999669075 -0.017386241 -0.325178593 -0.484322906 0.024396319 0.874549091 10.744827271
0.850669980 -0.008429262 0.525632441 3.543587685 0.019869421 0.999672592 -0.016124988 -0.362520695 -0.525324464 0.024161054 0.850558877 11.608743668
0.825183690 -0.008585976 0.564799190 4.126089573 0.021537473 0.999635577 -0.016270429 -0.401767224 -0.564453721 0.025590442 0.825067937 12.452594757
0.797724009 -0.010531532 0.602930725 4.731273651 0.025083970 0.999561548 -0.015728457 -0.429505259 -0.602500737 0.027670862 0.797638416 13.249353409
0.768972278 -0.008832620 0.639221132 5.390930176 0.025124284 0.999549568 -0.016412525 -0.464770287 -0.638788283 0.028680746 0.768847823 14.050962448
0.738501549 -0.011708104 0.674150109 6.069400311 0.029425634 0.999456167 -0.014876717 -0.500964701 -0.673609316 0.030823773 0.738444507 14.785977364
0.706492901 -0.011439628 0.707627714 6.801441193 0.030751951 0.999421179 -0.014545832 -0.528619349 -0.707051694 0.032037459 0.706435859 15.502729416
0.672453940 -0.010144103 0.740069449 7.547675133 0.032024857 0.999368370 -0.015400644 -0.560529113 -0.739445806 0.034056839 0.672354102 16.178071976
0.636926055 -0.011652280 0.770836771 8.328743935 0.036687516 0.999211073 -0.015209641 -0.591938436 -0.770051479 0.037967507 0.636851013 16.818990707
0.600073338 -0.009685892 0.799886286 9.127056122 0.036715847 0.999206364 -0.015444693 -0.617549717 -0.799101830 0.038636457 0.599952817 17.410776138
0.562470078 -0.008656505 0.826772273 9.946988106 0.039789476 0.999070048 -0.016609088 -0.649717510 -0.825859606 0.042238962 0.562291443 17.960578918
0.523661315 -0.006769582 0.851899624 10.799545288 0.044409905 0.998825669 -0.019361570 -0.674783528 -0.850768209 0.047971688 0.523346961 18.475950241
0.484646618 -0.005253559 0.874694228 11.665747643 0.045341987 0.998788416 -0.019123990 -0.696967244 -0.873534083 0.048928756 0.484297574 18.961240768
0.446452498 -0.007588122 0.894775093 12.546649933 0.051053841 0.998551130 -0.017005380 -0.728508115 -0.893349707 0.053273808 0.446193039 19.390874863
0.409566164 -0.008193129 0.912243664 13.468263626 0.055203740 0.998349786 -0.015818110 -0.752506077 -0.910608590 0.056837823 0.409342498 19.783599854
0.374230236 -0.005815106 0.927317560 14.405562401 0.056707166 0.998252451 -0.016624941 -0.782311857 -0.925600350 0.058807109 0.373906076 20.160102844
0.340856969 -0.006604069 0.940091968 15.363063812 0.057212170 0.998267531 -0.013731143 -0.803351164 -0.938372672 0.058465060 0.340644300 20.500234604
0.307163537 -0.008123015 0.951622009 16.360399246 0.059506070 0.998170674 -0.010686954 -0.826377332 -0.949794471 0.059909936 0.307085097 20.822231293
0.274600148 -0.008061479 0.961524665 17.334756851 0.060287546 0.998141825 -0.008848933 -0.847811937 -0.959666729 0.060397878 0.274575889 21.094608307
0.242361948 -0.005347047 0.970171154 18.338642120 0.057830002 0.998286307 -0.008944719 -0.872410893 -0.968460858 0.058272857 0.242255852 21.346527100
0.211350679 -0.003535736 0.977403879 19.374353409 0.057774581 0.998290122 -0.008881700 -0.884743035 -0.975701272 0.058346253 0.211193606 21.572584152
0.180683076 -0.003352561 0.983535647 20.404890060 0.059413038 0.998205245 -0.007512068 -0.906036675 -0.981745243 0.059792154 0.180557981 21.761524200
0.150297895 -0.003424725 0.988634825 21.485561371 0.061438370 0.998093486 -0.005882720 -0.914926589 -0.986729860 0.061624270 0.150221765 21.912834167
0.119631164 -0.004207172 0.992809594 22.574319839 0.059764381 0.998208106 -0.002971416 -0.931325972 -0.991017938 0.059690114 0.119668238 22.047410965
0.090589002 -0.004512895 0.995878160 23.656581879 0.060517952 0.998166621 -0.000981687 -0.943155766 -0.994047880 0.060357444 0.090696014 22.136335373
0.063607186 -0.004221292 0.997966111 24.772811890 0.063149050 0.998004079 0.000196533 -0.949406862 -0.995975018 0.063008122 0.063746810 22.194433212
0.038693927 -0.003625974 0.999244511 25.892028809 0.067402996 0.997725248 0.001010402 -0.957824528 -0.996975243 0.067312956 0.038850322 22.223760605
0.015623203 -0.003122362 0.999873042 27.055677414 0.071565680 0.997433841 0.001996518 -0.958685756 -0.997313440 0.071525410 0.015806565 22.237340927
-0.004689394 -0.003155108 0.999983966 28.217823029 0.077350430 0.996997714 0.003508418 -0.956412315 -0.996992946 0.077365652 -0.004431266 22.227581024
-0.021773556 -0.003622475 0.999756336 29.394969940 0.081912398 0.996624947 0.005395087 -0.953824043 -0.996401668 0.082009912 -0.021403342 22.175420761
-0.037531991 -0.003301049 0.999289930 30.595537186 0.084874712 0.996370554 0.006479186 -0.951609373 -0.995684505 0.085057631 -0.037115589 22.121292114
-0.051966567 -0.004168509 0.998640120 31.787666321 0.087066174 0.996164620 0.008688867 -0.951743782 -0.994846225 0.087399304 -0.051404320 22.060707092
-0.064818978 -0.005141623 0.997883737 32.994190216 0.087488495 0.996106744 0.010815406 -0.949410796 -0.994054437 0.088004388 -0.064116791 21.966987610
-0.077038608 -0.005026942 0.997015417 34.193164825 0.087148510 0.996125877 0.011756357 -0.948508024 -0.993212044 0.087794110 -0.076302066 21.879024506
-0.088004157 -0.002223453 0.996117651 35.420722961 0.087164104 0.996144533 0.009924212 -0.940694809 -0.992299139 0.087699071 -0.087471031 21.770000458
-0.098410107 0.001057538 0.995145380 36.652336121 0.087320283 0.996151447 0.007576514 -0.937341988 -0.991307557 0.087641992 -0.098123729 21.654851913
-0.107620537 0.003307392 0.994186580 37.898445129 0.088283211 0.996075809 0.006242967 -0.936460733 -0.990264595 0.088441841 -0.107490212 21.520442963
-0.114964463 0.004371046 0.993360102 39.208786011 0.088428855 0.996065259 0.005851181 -0.936501682 -0.989425778 0.088514365 -0.114898659 21.363018036
-0.120869897 0.005128608 0.992655098 40.495094299 0.088012777 0.996103764 0.005570383 -0.931250751 -0.988758922 0.088039629 -0.120850362 21.211694717
-0.125994861 0.006782651 0.992007852 41.819622040 0.089248620 0.995999098 0.004525525 -0.925642133 -0.988008082 0.089105509 -0.126096129 21.045396805
-0.130721375 0.008393552 0.991383612 43.151691437 0.087961331 0.996118784 0.003164722 -0.920729697 -0.987509370 0.087617137 -0.130952343 20.874509811
-0.135242537 0.009398622 0.990768015 44.520000458 0.088676505 0.996056974 0.002655794 -0.914086461 -0.986836255 0.088217027 -0.135542721 20.701257706
-0.137972727 0.008671026 0.990398049 45.918514252 0.088205248 0.996095896 0.003566994 -0.909332514 -0.986500561 0.087850451 -0.138198897 20.506368637
-0.140819609 0.007190913 0.990009069 47.350700378 0.089008547 0.996016085 0.005426096 -0.901940644 -0.986026049 0.088883385 -0.140898645 20.306804657
-0.142909005 0.005087392 0.989722729 48.780651093 0.088797182 0.996019900 0.007701931 -0.913562357 -0.985744417 0.088985257 -0.142792001 20.095375061
-0.145337269 0.005869403 0.989364803 50.219585419 0.091277644 0.995797217 0.007501083 -0.906714499 -0.985162675 0.091397062 -0.145262182 19.902658463
-0.146273002 0.005705340 0.989227772 51.701900482 0.091087371 0.995812953 0.007725394 -0.898695767 -0.985041797 0.091236182 -0.146180227 19.671064377
-0.147128269 0.006980901 0.989092767 53.174114227 0.093313888 0.995613098 0.006853587 -0.891268373 -0.984705925 0.093304455 -0.147134244 19.459337234
-0.147042185 0.006997298 0.989105463 54.663558960 0.092894591 0.995652974 0.006766259 -0.885301232 -0.984758437 0.092877477 -0.147053003 19.232849121
-0.146449864 0.008463522 0.989181876 56.173618317 0.092584357 0.995691240 0.005188033 -0.880893409 -0.984875917 0.092342533 -0.146602452 19.011629105
-0.145522609 0.008711905 0.989316523 57.710460663 0.093031108 0.995651066 0.004916639 -0.868049860 -0.984971285 0.092752695 -0.145700231 18.787887573
-0.144091323 0.006755379 0.989541292 59.268680573 0.091859385 0.995750248 0.006578271 -0.880306244 -0.985291600 0.091846526 -0.144099534 18.571876526
-0.143110782 0.007537250 0.989677966 60.857376099 0.092519380 0.995694041 0.005795551 -0.871254265 -0.985372722 0.092393808 -0.143191874 18.346651077
-0.142250314 0.008090603 0.989797592 62.447952271 0.091955878 0.995750129 0.005076328 -0.865016580 -0.985550046 0.091739818 -0.142389774 18.129928589
-0.141197965 0.008401878 0.989945769 64.055145264 0.093059689 0.995648861 0.004823008 -0.867996573 -0.985597849 0.092805028 -0.141365454 17.899818420
-0.140186086 0.008299859 0.990090311 65.676002502 0.092495784 0.995701730 0.004749503 -0.862272263 -0.985795319 0.092244998 -0.140351236 17.666833878
-0.139036313 0.006640264 0.990265012 67.329200745 0.094326809 0.995519578 0.006568281 -0.857019186 -0.985784590 0.094321758 -0.139039725 17.429899216
-0.138802230 0.004729282 0.990308821 69.015815735 0.096260615 0.995317936 0.008738744 -0.854349315 -0.985630691 0.096540712 -0.138607606 17.197877884
-0.138633534 0.005622169 0.990327775 70.711120605 0.097365163 0.995216787 0.007979985 -0.852040350 -0.985545993 0.097529732 -0.138517812 16.970510483
-0.137174770 0.007961007 0.990514874 72.395988464 0.099960431 0.994974256 0.005846508 -0.839320719 -0.985490203 0.099814273 -0.137281179 16.723255157
-0.136163309 0.007937011 0.990654647 74.102180481 0.099164128 0.995055079 0.005657628 -0.833898246 -0.985710859 0.099007770 -0.136277080 16.486576080
-0.136120960 0.007462281 0.990664065 75.828361511 0.099557854 0.995012581 0.006184588 -0.833929121 -0.985677004 0.099470235 -0.136185020 16.253545761
-0.135410860 0.006565386 0.990767777 77.557762146 0.099188417 0.995044291 0.006962620 -0.824448407 -0.985812128 0.099215515 -0.135391012 16.011402130
-0.135263279 0.006498749 0.990788341 79.271339417 0.100515500 0.994909465 0.007196685 -0.826595128 -0.985697925 0.100563027 -0.135227978 15.783952713
-0.135077760 0.006572803 0.990813196 81.031486511 0.101706542 0.994787931 0.007266504 -0.814893961 -0.985601187 0.101753719 -0.135042205 15.547801018
-0.135071367 0.007459365 0.990807712 82.789810181 0.101965189 0.994767308 0.006411180 -0.810229480 -0.985575378 0.101893887 -0.135125190 15.306223869
-0.135393560 0.008628662 0.990754306 84.561531067 0.101807818 0.994790256 0.005248947 -0.800264835 -0.985547364 0.101577222 -0.135566667 15.071280479
-0.136589080 0.009071980 0.990586281 86.346374512 0.100742683 0.994901061 0.004779622 -0.805511951 -0.985491872 0.100447156 -0.136806548 14.825547218
-0.138868928 0.009573022 0.990264475 88.135498047 0.100174651 0.994960010 0.004429498 -0.812722325 -0.985231102 0.099814512 -0.139128014 14.614915848
-0.139632374 0.008578293 0.990166187 89.931587219 0.099030547 0.995069981 0.005344424 -0.818083167 -0.985238850 0.098802961 -0.139793500 14.364161491
-0.140834674 0.008305663 0.989998281 91.761398315 0.098861769 0.995084703 0.005715488 -0.817072868 -0.985084713 0.098677903 -0.140963525 14.112089157
-0.141092867 0.007582976 0.989967346 93.617813110 0.096545190 0.995309711 0.006135985 -0.809903502 -0.985277534 0.096442327 -0.141163155 13.847284317
-0.143061742 0.008361258 0.989678442 95.425003052 0.096161038 0.995350659 0.005491262 -0.812853873 -0.985031128 0.095954090 -0.143200636 13.600795746
-0.145638362 0.009161079 0.989295483 97.297729492 0.095483616 0.995419264 0.004838763 -0.811177313 -0.984719396 0.095166236 -0.145845965 13.327155113
-0.149899140 0.010333329 0.988647282 99.156692505 0.096064799 0.995366395 0.004161834 -0.807200789 -0.984023273 0.095598072 -0.150197238 13.053570747
-0.154635906 0.009241036 0.987928331 101.040664673 0.094108723 0.995547175 0.005418104 -0.811972439 -0.983479202 0.093810506 -0.154817000 12.773844719
-0.159436077 0.008459928 0.987172008 102.935485840 0.092741705 0.995669305 0.006445765 -0.816023588 -0.982842386 0.092579678 -0.159530178 12.478047371
-0.164197698 0.008949918 0.986386836 104.837585449 0.091286995 0.995805502 0.006160602 -0.823362291 -0.982194364 0.091055840 -0.164325997 12.169748306
-0.167918369 0.011069904 0.985738695 106.759948730 0.091561913 0.995789587 0.004414594 -0.811616242 -0.981539547 0.090997450 -0.168224961 11.823661804
-0.172340304 0.012600166 0.984956801 108.686531067 0.091498688 0.995799839 0.003270873 -0.824761629 -0.980778694 0.090685949 -0.172769353 11.489639282
-0.176717058 0.012404327 0.984183490 110.624504089 0.090651229 0.995875716 0.003725374 -0.840401709 -0.980078280 0.089875780 -0.177112713 11.139887810
-0.181288913 0.012155647 0.983354688 112.562881470 0.088767782 0.996044099 0.004052508 -0.843659341 -0.979415357 0.088024877 -0.181650773 10.783953667
-0.186021999 0.011881190 0.982473671 114.527839661 0.087442733 0.996159315 0.004509754 -0.844877958 -0.978646755 0.086749114 -0.186346456 10.412670135
-0.191776156 0.011019086 0.981376767 116.439949036 0.086081639 0.996272147 0.005635344 -0.850562334 -0.977656305 0.085559264 -0.192009777 10.061372757
-0.196710974 0.011128319 0.980398297 118.413108826 0.086820349 0.996205211 0.006112233 -0.849571705 -0.976609945 0.086320870 -0.196930677 9.662099838
-0.202082977 0.012091701 0.979293764 120.370826721 0.086906001 0.996200442 0.005633100 -0.860526919 -0.975504875 0.086244866 -0.202366024 9.267184258
-0.207288772 0.013264135 0.978189886 122.330078125 0.086705580 0.996222079 0.004865177 -0.864752531 -0.974429846 0.085823014 -0.207655728 8.857234001
-0.213502005 0.013563139 0.976848483 124.330696106 0.088026032 0.996103466 0.005408659 -0.861127138 -0.972968817 0.087142855 -0.213863969 8.424901962
-0.219423071 0.013438130 0.975537181 126.320114136 0.086717732 0.996216118 0.005782035 -0.859322548 -0.971768200 0.085865088 -0.219758138 7.989678383
-0.224842474 0.014432315 0.974288225 128.300201416 0.086129680 0.996270776 0.005118728 -0.857394516 -0.970581055 0.085066043 -0.225247025 7.536621094
-0.230297670 0.015099821 0.973003089 130.293823242 0.085225791 0.996350527 0.004709734 -0.859158456 -0.969381034 0.084009595 -0.230744094 7.081838131
-0.234693497 0.014444537 0.971962035 132.240737915 0.086672574 0.996218026 0.006123270 -0.864365876 -0.968197644 0.085679553 -0.235057846 6.615923405
-0.238267288 0.014252613 0.971095026 134.235137939 0.088906020 0.996013939 0.007195585 -0.863402128 -0.967121720 0.088050663 -0.238584742 6.116681099
-0.241787061 0.015430028 0.970206618 136.239242554 0.090525843 0.995871365 0.006721925 -0.857571304 -0.966097355 0.089454040 -0.242185637 5.611624718
-0.245120406 0.016013473 0.969360411 138.244064331 0.091151826 0.995815158 0.006598905 -0.861647487 -0.965198040 0.089976512 -0.245554253 5.107865810
-0.248385832 0.015984051 0.968529224 140.266952515 0.090671912 0.995857477 0.006818351 -0.862437725 -0.964408159 0.089511953 -0.248806179 4.596861839
-0.252514452 0.016492559 0.967452586 142.292526245 0.089014061 0.996010780 0.006254129 -0.862666547 -0.963489950 0.087696135 -0.252975196 4.074963093
-0.256811082 0.017048368 0.966311216 144.307205200 0.087969571 0.996106267 0.005805144 -0.874424338 -0.962449610 0.086496800 -0.257310867 3.550911665
-0.261063099 0.016513143 0.965180457 146.340621948 0.087218411 0.996167660 0.006547633 -0.881159365 -0.961373508 0.085890859 -0.261502892 3.009406805
-0.265613258 0.016943932 0.963930726 148.377090454 0.087401882 0.996151567 0.006573479 -0.881104052 -0.960109591 0.085995376 -0.266072005 2.451670408
-0.270311892 0.017204061 0.962619007 150.436096191 0.086739600 0.996209383 0.006552847 -0.886865377 -0.958857477 0.085268497 -0.270779580 1.883856654
-0.275184542 0.017439419 0.961233258 152.485183716 0.086222313 0.996254027 0.006609168 -0.885589838 -0.957517207 0.084698483 -0.275657356 1.315457225
-0.279666245 0.016882265 0.959948838 154.530868530 0.086014621 0.996265292 0.007538078 -0.887501717 -0.956236541 0.084677771 -0.280073911 0.734210432
-0.284394741 0.016853139 0.958559096 156.584701538 0.086393818 0.996227980 0.008116741 -0.888105929 -0.954806626 0.085121930 -0.284777999 0.141352475
-0.288742036 0.017774094 0.957241952 158.670730591 0.087349787 0.996146739 0.007851676 -0.889078379 -0.953413904 0.085881993 -0.289182007 -0.470630705
-0.292421401 0.018707152 0.956106544 160.735183716 0.087731585 0.996117115 0.007342352 -0.891202748 -0.952256739 0.086027794 -0.292927116 -1.096920609
-0.295857906 0.020303618 0.955016136 162.779281616 0.087771073 0.996122539 0.006013383 -0.894779801 -0.951191008 0.085601911 -0.296492845 -1.721966147
-0.299669653 0.021663820 0.953797042 164.855667114 0.088592105 0.996054351 0.005210777 -0.897024214 -0.949920833 0.086060397 -0.300406516 -2.353801489
-0.303196520 0.022361247 0.952665627 166.939956665 0.087864995 0.996121824 0.004582760 -0.900442243 -0.948868513 0.085095458 -0.303985417 -3.003953218
-0.306793571 0.022489427 0.951510310 169.030273438 0.088369191 0.996075451 0.004949952 -0.910638213 -0.947664738 0.085602798 -0.307576895 -3.665910721
-0.311317712 0.022703350 0.950034678 171.127792358 0.087811083 0.996124744 0.004970113 -0.906191647 -0.946240187 0.084970862 -0.312104881 -4.327947140
-0.315105557 0.023630178 0.948762417 173.220397949 0.089965887 0.995931923 0.005074723 -0.910295784 -0.944782853 0.086955346 -0.315949589 -5.025888920
-0.318124890 0.024125814 0.947741747 175.300094604 0.092273533 0.995717943 0.005626017 -0.908954620 -0.943547606 0.089241281 -0.318988770 -5.721992016
-0.320702046 0.023753295 0.946882248 177.369781494 0.093156189 0.995629787 0.006575154 -0.915329278 -0.942587912 0.090316609 -0.321513325 -6.420833111
-0.323247045 0.023227537 0.946029484 179.478393555 0.092320137 0.995704055 0.007097514 -0.907032430 -0.941800535 0.089631811 -0.324002802 -7.137208462
-0.326299727 0.023898901 0.944964349 181.594375610 0.091430545 0.995790958 0.006386961 -0.909231246 -0.940834165 0.088482656 -0.327111393 -7.860214233
-0.329038262 0.025760764 0.943965137 183.706253052 0.090936594 0.995846570 0.004521199 -0.917484879 -0.939927876 0.087328613 -0.330014169 -8.590223312
-0.332387388 0.027661970 0.942737162 185.838348389 0.090388916 0.995902956 0.002647076 -0.921129107 -0.938801587 0.086092845 -0.333525926 -9.334892273
-0.335620522 0.028801346 0.941556871 187.968383789 0.089811437 0.995957613 0.001548120 -0.935230434 -0.937706113 0.085082166 -0.336850494 -10.080398560
-0.338360250 0.029898016 0.940541625 190.109039307 0.087984502 0.996121824 -0.000012350 -0.938728273 -0.936894417 0.082748890 -0.339678526 -10.848217010
-0.342566848 0.029834820 0.939019620 192.219589233 0.088996939 0.996031582 0.000821057 -0.970461726 -0.935268581 0.083851144 -0.343862623 -11.554267883
-0.346636444 0.028905347 0.937554061 194.392196655 0.088627815 0.996062636 0.002058652 -0.985136926 -0.933803141 0.083806977 -0.347833455 -12.336720467
-0.350105137 0.028668221 0.936271608 196.540985107 0.088639379 0.996060252 0.002646476 -0.988592267 -0.932507038 0.083917066 -0.351266921 -13.136983871
-0.353835553 0.028398806 0.934876382 198.695983887 0.088574827 0.996064186 0.003266627 -1.004414678 -0.931104064 0.083962373 -0.354958296 -13.947498322
-0.357701212 0.028915413 0.933388293 200.867202759 0.087805659 0.996133685 0.002790452 -1.006493688 -0.929698884 0.082954913 -0.358857185 -14.764852524
-0.361459225 0.029468477 0.931922138 203.024749756 0.087189145 0.996189058 0.002316873 -1.024951935 -0.928302348 0.082090944 -0.362651080 -15.594713211
-0.364851594 0.030042199 0.930580854 205.194778442 0.086915553 0.996213853 0.001915817 -1.035642743 -0.926999927 0.081580929 -0.366081387 -16.433824539
-0.367720038 0.030708788 0.929429352 207.301605225 0.087985426 0.996120095 0.001898335 -1.057731509 -0.925764859 0.082474284 -0.368995249 -17.255559921
-0.370274603 0.030453919 0.928422987 209.453186035 0.088984981 0.996029079 0.002817576 -1.073241472 -0.924650431 0.083659001 -0.371514171 -18.117256165
-0.372632712 0.030164165 0.927488446 211.621429443 0.090744428 0.995865881 0.004070011 -1.087282181 -0.923531353 0.085681044 -0.373829454 -18.993875504
-0.375268310 0.031039545 0.926396370 213.801055908 0.092089705 0.995742857 0.003941021 -1.099358201 -0.922330320 0.086790517 -0.376529187 -19.876741409
-0.378268331 0.032012507 0.925142288 215.990997314 0.091937929 0.995759785 0.003135126 -1.109658837 -0.921119094 0.086241581 -0.379607588 -20.762313843
-0.380883932 0.032284878 0.924059033 218.172515869 0.091390759 0.995810926 0.002878217 -1.123008251 -0.920095205 0.085546732 -0.382238984 -21.653841019
-0.383815259 0.033468332 0.922803164 220.344635010 0.091156840 0.995834887 0.001797189 -1.143937945 -0.918899417 0.084809609 -0.385267496 -22.551555634
-0.386871517 0.034759793 0.921478212 222.525665283 0.091096133 0.995841801 0.000680689 -1.158260226 -0.917622983 0.084206440 -0.388429374 -23.454710007
-0.389455140 0.034611579 0.920394897 224.683746338 0.088857226 0.996044338 0.000142581 -1.180226445 -0.916749358 0.081839263 -0.390990019 -24.357393265
-0.392905027 0.035785448 0.918882489 226.859573364 0.089609444 0.995976865 -0.000471736 -1.198467970 -0.915202498 0.082155213 -0.394531071 -25.272745132
-0.395350277 0.035278343 0.917852640 229.005142212 0.090957992 0.995854318 0.000902298 -1.221976638 -0.914015770 0.083842762 -0.396920115 -26.199995041
-0.398432970 0.034462437 0.916549802 231.171371460 0.091452233 0.995806754 0.002312653 -1.243527174 -0.912626803 0.084741972 -0.399913907 -27.128541946
-0.401169270 0.034043849 0.915371120 233.275970459 0.090460882 0.995896518 0.002606566 -1.262469053 -0.911526144 0.083850950 -0.402602702 -28.049282074
-0.403630406 0.034333561 0.914277673 235.392959595 0.089459077 0.995988250 0.002091893 -1.282319784 -0.910538077 0.082634769 -0.405082613 -28.985786438
-0.407340705 0.033859521 0.912648320 237.573776245 0.087955706 0.996121705 0.002300712 -1.294759154 -0.909030914 0.081209801 -0.408739060 -29.945602417
-0.411168963 0.033031400 0.910960436 239.732391357 0.086948529 0.996208012 0.003122427 -1.314496756 -0.907402873 0.080490522 -0.412481844 -30.902191162
-0.414524227 0.033340782 0.909427345 241.877105713 0.086625926 0.996236503 0.002961466 -1.333561897 -0.905905962 0.080007590 -0.415852338 -31.875661850
-0.418425053 0.033033919 0.907650411 244.025497437 0.086060412 0.996284068 0.003413950 -1.355662346 -0.904164851 0.079541266 -0.419713140 -32.855052948
-0.422501504 0.032371067 0.905783892 246.193542480 0.084539719 0.996412694 0.003823444 -1.369277954 -0.902410924 0.078190118 -0.423722565 -33.838756561
-0.426317960 0.032623541 0.903984845 248.285202026 0.084171750 0.996444285 0.003735004 -1.381378770 -0.900648713 0.077682294 -0.427548021 -34.820739746
-0.429735333 0.033416130 0.902336359 250.420944214 0.084560946 0.996412575 0.003371887 -1.404263496 -0.898986638 0.077751450 -0.431019396 -35.825855255
-0.433339030 0.033711117 0.900600255 252.509140015 0.084717199 0.996398985 0.003466078 -1.423882246 -0.897240281 0.077798329 -0.434634507 -36.817031860
-0.437500894 0.034098424 0.898571134 254.648742676 0.084879123 0.996385038 0.003516171 -1.429018855 -0.895203054 0.077808261 -0.438813627 -37.837440491
-0.441000640 0.034539651 0.896841884 256.794494629 0.083739862 0.996483684 0.002799964 -1.442771673 -0.893591583 0.076336198 -0.442342341 -38.889205933
-0.444934100 0.034195643 0.894910216 258.945220947 0.084201746 0.996441483 0.003788396 -1.467162371 -0.891596138 0.077038601 -0.446230173 -39.943321228
-0.447770029 0.035465870 0.893445134 261.012023926 0.085048139 0.996372104 0.003072159 -1.473632693 -0.890094817 0.077361465 -0.449161887 -40.986473083
-0.451441348 0.036803577 0.891541481 263.125946045 0.086525410 0.996246040 0.002687177 -1.488536716 -0.888095737 0.078354083 -0.452931166 -42.035793304
-0.454845369 0.038965262 0.889717579 265.257354736 0.088727906 0.996054351 0.001737586 -1.501456141 -0.886139393 0.079733118 -0.456508040 -43.129192352
-0.457571745 0.039739851 0.888284206 267.382080078 0.090322271 0.995910645 0.001971859 -1.520361781 -0.884573340 0.081134103 -0.459289968 -44.223438263
-0.460166901 0.041986939 0.886838973 269.492187500 0.092396311 0.995721996 0.000801057 -1.532061338 -0.883011520 0.082309276 -0.462077767 -45.322601318
-0.462682426 0.044456035 0.885408700 271.606170654 0.094225906 0.995550573 -0.000747183 -1.553149700 -0.881502330 0.083082728 -0.464812696 -46.411701202
-0.465433538 0.045295343 0.883922994 273.748840332 0.095430881 0.995435774 -0.000760089 -1.568415642 -0.879923046 0.083999783 -0.467631817 -47.529727936
-0.468601495 0.046416257 0.882189333 275.911743164 0.096044689 0.995376050 -0.001354526 -1.588358998 -0.878173113 0.084094867 -0.470892757 -48.660713196
-0.471884280 0.046285145 0.880444705 278.073944092 0.095031634 0.995473266 -0.001398942 -1.603775382 -0.876523912 0.083009958 -0.474146783 -49.810821533
-0.475276381 0.047761835 0.878539264 280.230865479 0.096254386 0.995354772 -0.002040350 -1.622287154 -0.874555588 0.083593532 -0.477665812 -50.963230133
-0.478427351 0.048002861 0.876814127 282.390258789 0.095375374 0.995438337 -0.002456287 -1.637653828 -0.872932315 0.082451321 -0.480823159 -52.134777069
-0.480770737 0.047830004 0.875540853 284.525695801 0.093973570 0.995570779 -0.002785029 -1.656540275 -0.871796131 0.080938749 -0.483136058 -53.301387787
-0.483214915 0.048813928 0.874139845 286.693328857 0.095768340 0.995400131 -0.002645685 -1.674608350 -0.870248139 0.082436487 -0.485666990 -54.492305756
-0.485169291 0.048612241 0.873067915 288.875793457 0.097439803 0.995240629 -0.001266879 -1.698977113 -0.868974209 0.084456913 -0.487597018 -55.694595337
-0.487041920 0.049356606 0.871982872 291.071044922 0.098708078 0.995115578 -0.001193335 -1.703292251 -0.867782772 0.085490540 -0.489534944 -56.925605774
-0.488740355 0.048788738 0.871064007 293.232299805 0.098338529 0.995152891 -0.000562809 -1.722852707 -0.866869330 0.085384086 -0.491169184 -58.130527496
-0.491453916 0.048238799 0.869566619 295.433258057 0.097801432 0.995205879 0.000065957 -1.725978494 -0.865394711 0.085077263 -0.493815631 -59.358993530
-0.494209707 0.048858158 0.867968738 297.656921387 0.099466264 0.995040655 0.000623660 -1.733185768 -0.863633871 0.086641811 -0.496618450 -60.608184814
-0.496215045 0.048706684 0.866832316 299.854370117 0.099678382 0.995019019 0.001151129 -1.739941001 -0.862458527 0.086975649 -0.498598397 -61.865898132
-0.498709053 0.048960201 0.865385592 302.051513672 0.098749459 0.995112121 0.000608233 -1.759906292 -0.861125886 0.085759692 -0.501106203 -63.108612061
-0.501467407 0.051915493 0.863617599 304.240142822 0.098524503 0.995131195 -0.002612172 -1.771540523 -0.859548569 0.083777562 -0.504140615 -64.359176636
-0.504998326 0.050791904 0.861624599 306.443542480 0.096480280 0.995332599 -0.002126742 -1.791149259 -0.857711077 0.082055785 -0.507541656 -65.644042969
-0.509736001 0.048522297 0.858961463 308.629638672 0.094283901 0.995545328 -0.000286682 -1.819936275 -0.855148971 0.080840103 -0.512040138 -66.915229797
-0.514916182 0.045767918 0.856017888 310.832885742 0.091568612 0.995797038 0.001839453 -1.835688710 -0.852335811 0.079331517 -0.516942978 -68.207252502
-0.518999398 0.044621285 0.853609145 313.054718018 0.090528473 0.995889544 0.002983063 -1.837992430 -0.849967182 0.078824155 -0.520905495 -69.552108765
-0.523087800 0.045578133 0.851059198 315.307922363 0.092084803 0.995745778 0.003271462 -1.851427078 -0.847289503 0.080080874 -0.525059640 -70.920349121
-0.527096570 0.047346815 0.848485529 317.535766602 0.094875820 0.995483279 0.003389265 -1.855093837 -0.844492614 0.082287215 -0.529207766 -72.303497314
-0.530556202 0.048479788 0.846262217 319.771057129 0.096064076 0.995369971 0.003204759 -1.856605649 -0.842188597 0.082995690 -0.532757044 -73.700210571
-0.533856273 0.048684377 0.844172537 321.990478516 0.097626366 0.995213568 0.004344010 -1.876473308 -0.839920521 0.084732570 -0.536053896 -75.113739014
-0.537776113 0.047322236 0.841758490 324.198608398 0.097902782 0.995174110 0.006600362 -1.884058475 -0.837383986 0.085960023 -0.539813757 -76.530212402
-0.541348279 0.045769636 0.839551747 326.427886963 0.096160069 0.995335758 0.007742154 -1.881372571 -0.835281432 0.084922552 -0.543224573 -77.974212646
-0.545555651 0.045239609 0.836852610 328.650268555 0.095121942 0.995431840 0.008199024 -1.889796734 -0.832658768 0.084076069 -0.547366917 -79.398696899
-0.549635053 0.045088310 0.834187210 330.868713379 0.095358148 0.995402038 0.009028154 -1.893950939 -0.829944551 0.084508732 -0.551407456 -80.848091125
-0.553062081 0.045787428 0.831880808 333.058776855 0.096692137 0.995268881 0.009503712 -1.888745546 -0.827510118 0.085692488 -0.554872751 -82.295036316
-0.557006478 0.045110546 0.829282105 335.284240723 0.097167075 0.995205820 0.011128182 -1.889941454 -0.824804425 0.086777382 -0.558719397 -83.783660889
-0.561177075 0.044009045 0.826524913 337.535522461 0.095464386 0.995362639 0.011817509 -1.882548213 -0.822171986 0.085535407 -0.562776148 -85.277038574
-0.564567447 0.043069642 0.824262500 339.742797852 0.094961815 0.995395601 0.013031065 -1.873068333 -0.819905996 0.085630372 -0.566057920 -86.767097473
-0.567346156 0.042421911 0.822386026 341.944915771 0.095574535 0.995315313 0.014592514 -1.868633866 -0.817914307 0.086878158 -0.568742931 -88.271896362
-0.570459902 0.041618429 0.820270300 344.152465820 0.093307145 0.995533526 0.014379947 -1.864185810 -0.816008091 0.084740259 -0.571795166 -89.802612305
-0.573757946 0.040710747 0.818012536 346.296295166 0.089012586 0.995947361 0.012867679 -1.843104839 -0.814173579 0.080196343 -0.575056493 -91.264007568
-0.577031255 0.040161364 0.815734088 348.474761963 0.085756101 0.996248484 0.011613167 -1.829648495 -0.812207282 0.076655343 -0.578310490 -92.765846252
-0.579920888 0.037100825 0.813827574 350.615692139 0.083591186 0.996399879 0.014141847 -1.835226893 -0.810372949 0.076229967 -0.580934346 -94.288169861
-0.583375335 0.036540963 0.811380267 352.785888672 0.084172703 0.996328235 0.015649239 -1.820512176 -0.807829261 0.077425443 -0.584309101 -95.831047058
-0.586492956 0.036919400 0.809112430 354.967529297 0.083780743 0.996367276 0.015265533 -1.807427645 -0.805609465 0.076741159 -0.587455571 -97.394767761
-0.589886189 0.035713270 0.806696177 357.174713135 0.081607774 0.996543109 0.015556654 -1.793293953 -0.803351879 0.075009339 -0.590761542 -98.974205017
-0.593520463 0.031815484 0.804189742 359.358245850 0.078951232 0.996700585 0.018837174 -1.778874636 -0.800936937 0.074672021 -0.594074070 -100.537155151
-0.597073078 0.029406399 0.801647782 361.543029785 0.076563485 0.996854722 0.020457976 -1.753879189 -0.798524737 0.073591836 -0.597446680 -102.116111755
-0.600586116 0.028470378 0.799053133 363.735717773 0.074945658 0.996970356 0.020808620 -1.723287582 -0.796039939 0.072382919 -0.600900352 -103.714950562
-0.604158580 0.028307728 0.796361148 365.913757324 0.074463904 0.997001469 0.021052200 -1.705545068 -0.793377280 0.072019018 -0.604454935 -105.319572449
-0.607204318 0.027955072 0.794053793 368.064331055 0.074465774 0.996984243 0.021843834 -1.682374835 -0.791048527 0.072393507 -0.607454896 -106.930549622
-0.610204935 0.027112784 0.791779578 370.213806152 0.074253753 0.996972144 0.023086350 -1.659093261 -0.788756192 0.072880000 -0.610370517 -108.554336548
-0.613172293 0.025440352 0.789539456 372.356384277 0.070695944 0.997237980 0.022771135 -1.631484389 -0.786779404 0.069779865 -0.613277197 -110.189422607
-0.616239369 0.021674821 0.787260592 374.502655029 0.060516618 0.997968853 0.019894203 -1.606502533 -0.785230398 0.059901934 -0.616299450 -111.827819824
-0.620214224 0.024290077 0.784056246 376.645599365 0.053127531 0.998526156 0.011091261 -1.595387101 -0.782631218 0.048533931 -0.620590568 -113.463363647
-0.623095989 0.034776147 0.781371832 378.764007568 0.063446358 0.997966051 0.006178561 -1.596088648 -0.779567778 0.053425029 -0.624035120 -115.130149841
-0.623844981 0.036101718 0.780713797 380.881011963 0.071191624 0.997404575 0.010765181 -1.597766638 -0.778298795 0.062296089 -0.624796033 -116.813957214
-0.626132667 0.026806351 0.779255509 382.993469238 0.070087716 0.997298002 0.022008562 -1.581273317 -0.776560009 0.068396538 -0.626319647 -118.492172241
-0.629616797 0.015905611 0.776743054 385.132720947 0.063820854 0.997470200 0.031306762 -1.540559053 -0.774280190 0.069283672 -0.629039049 -120.174736023
-0.633068383 0.010027570 0.774030924 387.232116699 0.058018785 0.997718155 0.034527272 -1.482709527 -0.771918535 0.066766463 -0.632205665 -121.839874268
-0.635327816 0.009987255 0.772177994 389.307495117 0.057424765 0.997758985 0.034342695 -1.420933247 -0.770104587 0.066161007 -0.634477556 -123.530418396
-0.637644351 0.014157366 0.770200729 391.365356445 0.061571453 0.997568905 0.032637917 -1.370845556 -0.767866313 0.068233758 -0.636965811 -125.239120483
-0.639912128 0.021154758 0.768156826 393.406341553 0.066379540 0.997406304 0.027829196 -1.317487240 -0.765575707 0.068798140 -0.639656663 -126.922042847
-0.642139792 0.023666410 0.766222239 395.467895508 0.067033023 0.997428119 0.025369961 -1.280028582 -0.763651252 0.067653254 -0.642074645 -128.640563965
-0.645907640 0.024128469 0.763034105 397.545227051 0.067671016 0.997375429 0.025744697 -1.242648482 -0.760410309 0.068263985 -0.645845234 -130.359542847
-0.648394942 0.023802279 0.760931909 399.569549561 0.068773940 0.997255623 0.027408134 -1.198937297 -0.758191347 0.070103586 -0.648252606 -132.077163696
-0.651024520 0.022969745 0.758709073 401.603790283 0.069300950 0.997166038 0.029275989 -1.153143644 -0.755886495 0.071638636 -0.650771439 -133.805358887
-0.652187705 0.023287244 0.757699728 403.667755127 0.069390416 0.997165740 0.029080566 -1.101291418 -0.754874945 0.071543097 -0.651955068 -135.569183350
-0.652914882 0.023191558 0.757076144 405.708709717 0.069440179 0.997154534 0.029340459 -1.055412531 -0.754241467 0.071728326 -0.652667463 -137.327423096
-0.654657006 0.024144970 0.755540371 407.765289307 0.070585437 0.997075438 0.029296774 -1.010932565 -0.752623379 0.072509483 -0.654446661 -139.065155029
-0.655764222 0.023080938 0.754612923 409.783935547 0.071148120 0.996973515 0.031334344 -0.959786355 -0.751605809 0.074237213 -0.655421615 -140.808578491
-0.656629026 0.022230798 0.753885984 411.838958740 0.072791785 0.996767282 0.034008157 -0.908406973 -0.750692785 0.077207461 -0.656124473 -142.582641602
-0.658030868 0.022212518 0.752663255 413.871185303 0.074536756 0.996577084 0.035754375 -0.847782850 -0.749292731 0.079628564 -0.657434106 -144.337646484
-0.659491301 0.022229241 0.751383364 415.916442871 0.072646700 0.996768653 0.034273397 -0.778303325 -0.748193622 0.077188529 -0.658975244 -146.099624634
-0.660792530 0.022550954 0.750229776 417.912658691 0.069182239 0.997123420 0.030962549 -0.722003043 -0.747373462 0.072362393 -0.660451829 -147.844329834
-0.662108779 0.021863859 0.749088764 419.908050537 0.066157736 0.997376978 0.029365154 -0.673310816 -0.746481836 0.069000967 -0.661818504 -149.584671021
-0.663227141 0.021353701 0.748113513 421.921142578 0.065880887 0.997378349 0.029937005 -0.622952580 -0.745512962 0.069141410 -0.662895143 -151.345489502
-0.664185405 0.019872984 0.747303665 423.864898682 0.063464433 0.997536600 0.029878229 -0.572495937 -0.744869113 0.067271873 -0.663810551 -153.071899414
-0.664967000 0.018668585 0.746639431 425.864929199 0.060266759 0.997768879 0.028726680 -0.521247685 -0.744437277 0.064099833 -0.664608359 -154.840560913
-0.665634453 0.017859759 0.746064186 427.866668701 0.059083138 0.997836709 0.028826794 -0.476582259 -0.743935585 0.063267916 -0.665249705 -156.593292236
-0.666618764 0.016186107 0.745223105 429.844604492 0.059316304 0.997745633 0.031388920 -0.428333938 -0.743035018 0.065128326 -0.666076064 -158.343719482
-0.665963054 0.015402091 0.745825708 431.840087891 0.062350836 0.997437656 0.035076171 -0.373958170 -0.743374467 0.069862284 -0.665216982 -160.132568359
-0.665271819 0.014200879 0.746466100 433.826599121 0.066927671 0.996928215 0.040682141 -0.305488020 -0.743595362 0.077023931 -0.664178610 -161.891204834
-0.663747728 0.013715493 0.747830749 435.822113037 0.070733204 0.996501923 0.044504046 -0.226348221 -0.744604409 0.082435921 -0.662396073 -163.652038574
-0.662537754 0.010859100 0.748949766 437.815002441 0.064379148 0.997020304 0.042495348 -0.146354973 -0.746256649 0.076371536 -0.661262691 -165.379440308
-0.662168801 0.009983283 0.749288201 439.815307617 0.057065330 0.997679472 0.037137602 -0.075042933 -0.747178674 0.067349739 -0.661201954 -167.089080811
-0.660592556 0.008019635 0.750701785 441.810668945 0.052739527 0.997968256 0.035747878 -0.016751980 -0.748889744 0.063206442 -0.659673393 -168.826309204
-0.658426285 0.007392417 0.752609015 443.824798584 0.050196595 0.998156667 0.034110624 0.045371361 -0.750969470 0.060237732 -0.657583535 -170.552520752
-0.655712605 0.008189079 0.754966080 445.825286865 0.052323896 0.998029888 0.034619417 0.110657610 -0.753195286 0.062203161 -0.654849231 -172.280914307
-0.653103590 0.008198878 0.757224202 447.820526123 0.053318132 0.997957647 0.035181303 0.170734212 -0.755389214 0.063350819 -0.652206838 -173.990158081
-0.650924861 0.009090682 0.759087741 449.839263916 0.050534803 0.998229146 0.031379472 0.235934064 -0.757458329 0.058786023 -0.650231600 -175.693176270
-0.649356186 0.004097316 0.760473251 451.852142334 0.044118229 0.998504281 0.032292072 0.277993858 -0.759203494 0.054519799 -0.648565710 -177.382141113
-0.648657858 -0.002182734 0.761076987 453.892333984 0.034838483 0.998862624 0.032557152 0.335631520 -0.760282338 0.047633223 -0.647843957 -179.078552246
-0.647958279 -0.005574018 0.761655390 455.928253174 0.027882706 0.999129355 0.031032406 0.385293901 -0.761165202 0.041344725 -0.647238791 -180.787094116
-0.646834373 -0.006077259 0.762606323 457.954193115 0.026371144 0.999191940 0.030330347 0.434740692 -0.762174428 0.039729506 -0.646151423 -182.488235474
-0.646213055 -0.005949756 0.763133824 459.996398926 0.028519206 0.999082863 0.031939056 0.483375967 -0.762624025 0.042403407 -0.645450592 -184.185806274
-0.644901156 -0.006843789 0.764235318 462.017730713 0.030323472 0.998943329 0.034534127 0.535949230 -0.763664186 0.045445364 -0.644012213 -185.866729736
-0.643493712 -0.008880646 0.765399814 464.036499023 0.028961621 0.998934209 0.035939127 0.599829733 -0.764903188 0.045293827 -0.642550707 -187.546234131
-0.642501414 -0.009229694 0.766228914 466.114135742 0.026680142 0.999051750 0.034406122 0.662526667 -0.765819907 0.042549077 -0.641645908 -189.254272461
-0.641712189 -0.008422470 0.766899228 468.152252197 0.025453068 0.999154985 0.032271381 0.718793035 -0.766523063 0.040228873 -0.640955508 -190.927429199
-0.640823245 -0.007093422 0.767655730 470.203399658 0.026044218 0.999180794 0.030973978 0.772799015 -0.767246604 0.039841838 -0.640113413 -192.605804443
-0.639910042 -0.007018937 0.768417835 472.211456299 0.027588090 0.999103844 0.032100439 0.816578865 -0.767954469 0.041740578 -0.639142990 -194.257415771
