1.000000000 0.000000000 0.000000000 0.000000000 0.000000000 1.000000000 0.000000000 0.000000000 0.000000000 0.000000000 1.000000000 0.000000000
0.999036491 -0.000458456 0.043884777 0.045539200 0.000559977 0.999997199 -0.002301085 -0.021196814 -0.043883599 0.002323442 0.999033928 1.024094701
0.996024072 -0.004569509 0.088966250 0.139048979 0.005235605 0.999960065 -0.007255154 -0.039612524 -0.088929512 0.007692101 0.996008217 2.047499180
0.990861356 -0.003711304 0.134833366 0.270327270 0.005279545 0.999922454 -0.011275258 -0.063638479 -0.134781063 0.011884076 0.990804195 3.048066616
0.983483732 -0.000665208 0.180995390 0.450380772 0.003143292 0.999905229 -0.013404931 -0.093015537 -0.180969313 0.013752452 0.983392596 4.080002785
0.973883629 -0.003332186 0.227022976 0.685151875 0.006511105 0.999890924 -0.013255207 -0.124804311 -0.226954043 0.014387200 0.973799109 5.089098930
0.962197900 -0.003825416 0.272324204 0.961210608 0.008081924 0.999862075 -0.014510359 -0.155375406 -0.272231102 0.016162742 0.962096155 6.090429306
0.948598862 -0.006467996 0.316414714 1.285129905 0.012528953 0.999774873 -0.017124394 -0.187730268 -0.316232681 0.020208526 0.948466361 7.065589428
0.933421493 -0.008227079 0.358687311 1.659026861 0.016109658 0.999689817 -0.018993078 -0.218519613 -0.358419806 0.023506876 0.933264554 8.017841339
0.916079402 -0.008157202 0.400913775 2.069455862 0.017554816 0.999650359 -0.019772969 -0.252608627 -0.400612354 0.025151579 0.915902376 8.947796822
0.896429658 -0.008314321 0.443108052 2.512628078 0.018444950 0.999657691 -0.018557837 -0.285287440 -0.442802042 0.024808900 0.896276116 9.849272728
0.874768198 -0.008531482 0.484466553 3.013826370 0.019415714 0.999659121 -0.017453579 -0.324517637 -0.484152496 0.024674099 0.874635637 10.741816521
0.850822270 -0.008756528 0.525380731 3.548888206 0.020340620 0.999660552 -0.016279042 -0.359260440 -0.525059819 0.024537139 0.850711524 11.605073929
0.825410783 -0.008993109 0.564460874 4.133913517 0.021993799 0.999626279 -0.016235268 -0.396778464 -0.564103901 0.025815407 0.825300157 12.440869331
0.798044920 -0.010673765 0.602503479 4.752891064 0.025312306 0.999554455 -0.015819578 -0.427853256 -0.602066159 0.027875483 0.797959507 13.259583473
0.769205272 -0.009311272 0.638933778 5.402379036 0.025652353 0.999537706 -0.016316183 -0.460559756 -0.638486445 0.028940648 0.769088686 14.049779892
0.738774121 -0.012475740 0.673837662 6.081927776 0.030652631 0.999415994 -0.015102917 -0.490407974 -0.673255682 0.031812541 0.738725126 14.782283783
0.706743181 -0.012034213 0.707367837 6.809022427 0.031343743 0.999406278 -0.014313507 -0.523880363 -0.706775367 0.032287531 0.706700921 15.499011993
0.672810793 -0.010855614 0.739734888 7.560243607 0.032565724 0.999357700 -0.014953911 -0.557256639 -0.739097357 0.034151159 0.672732294 16.174901962
0.637146592 -0.012089283 0.770647824 8.334261894 0.036942385 0.999206841 -0.014868042 -0.589116454 -0.769856632 0.037942689 0.637087941 16.812530518
0.600299120 -0.010525559 0.799706340 9.122815132 0.037281852 0.999194622 -0.014834420 -0.620075166 -0.798906147 0.038719628 0.600208044 17.408960342
0.562408745 -0.009369056 0.826806307 9.934658051 0.039831493 0.999081910 -0.015772894 -0.654281795 -0.825899363 0.041803747 0.562265694 17.962245941
0.523717403 -0.007593008 0.851858258 10.801480293 0.044837568 0.998819947 -0.018662918 -0.673124909 -0.850711346 0.047969349 0.523439705 18.478548050
0.484881610 -0.006302860 0.874557137 11.655928612 0.046352830 0.998753786 -0.018501511 -0.695998549 -0.873350620 0.049509242 0.484569430 18.957708359
0.446314514 -0.008344683 0.894837260 12.552637100 0.051235531 0.998554647 -0.016242664 -0.731128931 -0.893408179 0.053096805 0.446096957 19.394916534
0.409431577 -0.008829730 0.912298203 13.475730896 0.055387903 0.998349309 -0.015195036 -0.752708375 -0.910658002 0.056751598 0.409244806 19.793806076
0.374208838 -0.006311219 0.927322924 14.397558212 0.056815397 0.998254359 -0.016133139 -0.775709748 -0.925602376 0.058723386 0.373914272 20.155788422
0.340844303 -0.006907159 0.940094292 15.356027603 0.057208326 0.998272240 -0.013407067 -0.796938837 -0.938377440 0.058350950 0.340650558 20.502000809
0.307088733 -0.008510758 0.951642752 16.361553192 0.059292149 0.998188496 -0.010206154 -0.824169219 -0.949832022 0.059559148 0.307037055 20.822246552
0.274435788 -0.008433059 0.961568475 17.328407288 0.060046919 0.998160243 -0.008383674 -0.843755901 -0.959728777 0.060039990 0.274437249 21.093997955
0.242295682 -0.005618319 0.970186293 18.335054398 0.057510659 0.998308122 -0.008581620 -0.867321134 -0.968496442 0.057875335 0.242208824 21.345300674
0.211212292 -0.003973165 0.977432251 19.360778809 0.057070285 0.998335898 -0.008274123 -0.883585811 -0.975772619 0.057529930 0.211087570 21.574340820
0.180714950 -0.003765454 0.983528256 20.391942978 0.059110586 0.998226643 -0.007039343 -0.902546048 -0.981757581 0.059409052 0.180617049 21.761825562
0.150084138 -0.004087449 0.988664746 21.446006775 0.060573403 0.998150826 -0.005068668 -0.918843627 -0.986815870 0.060647514 0.150054201 21.919733047
0.119670220 -0.004754614 0.992802322 22.528011322 0.059111312 0.998248577 -0.002344451 -0.932387412 -0.991052389 0.058966406 0.119741686 22.048198700
0.090497948 -0.005154364 0.995883226 23.616596222 0.059690122 0.998216867 -0.000257721 -0.945865571 -0.994106233 0.059467714 0.090644240 22.143690109
0.063252904 -0.004829203 0.997985780 24.736797333 0.062322728 0.998055637 0.000879492 -0.949548066 -0.996049643 0.062141571 0.063430876 22.204517365
0.038397808 -0.004278404 0.999253392 25.857048035 0.066649348 0.997775018 0.001710972 -0.957275093 -0.997037351 0.066533893 0.038597524 22.234212875
0.015375387 -0.003633258 0.999875188 27.022514343 0.070804618 0.997487009 0.002535796 -0.956041157 -0.997371674 0.070756793 0.015594004 22.245447159
-0.004834071 -0.003751422 0.999981225 28.173021317 0.076571338 0.997055650 0.004110604 -0.955645978 -0.997052372 0.076589793 -0.004532586 22.232536316
-0.022493532 -0.004402763 0.999737322 29.354749680 0.080766872 0.996713698 0.006206658 -0.955281496 -0.996479154 0.080885261 -0.022064013 22.194231033
-0.037705898 -0.004149994 0.999280274 30.559131622 0.083920032 0.996445715 0.007304780 -0.952510774 -0.995758832 0.084135048 -0.037223604 22.128562927
-0.052248955 -0.005082768 0.998621166 31.752918243 0.086033367 0.996246278 0.009572043 -0.955193639 -0.994921207 0.086414874 -0.051615544 22.068716049
-0.065193318 -0.005852859 0.997855425 32.968112946 0.086167678 0.996214509 0.011472864 -0.946988404 -0.994145274 0.086730845 -0.064442217 21.979665756
-0.077486195 -0.005445868 0.996978581 34.147548676 0.086200565 0.996203780 0.012141232 -0.942596495 -0.993259907 0.086880885 -0.076722600 21.883354187
-0.088636793 -0.003319437 0.996058464 35.389122009 0.085926130 0.996241093 0.010966403 -0.948952556 -0.992350876 0.086559489 -0.088018395 21.782285690
-0.098359607 0.000103531 0.995150924 36.622646332 0.086360455 0.996228278 0.008432128 -0.940606713 -0.991396546 0.086771071 -0.097997569 21.651481628
-0.107917368 0.002551083 0.994156599 37.876770020 0.087711327 0.996121585 0.006965085 -0.935626268 -0.990283072 0.087950438 -0.107722595 21.517896652
-0.115445428 0.003694938 0.993306935 39.168067932 0.087380819 0.996154010 0.006450158 -0.927968800 -0.989462972 0.087540604 -0.115324289 21.371463776
-0.121270210 0.004438383 0.992609620 40.466335297 0.087109730 0.996179521 0.006188123 -0.923936069 -0.988789797 0.087216400 -0.121193536 21.214355469
-0.126272649 0.006004191 0.991977513 41.782897949 0.088384271 0.996072769 0.005221796 -0.919554710 -0.988050282 0.088334560 -0.126307413 21.044298172
-0.130919054 0.007465617 0.991364956 43.114845276 0.087330759 0.996171236 0.004031036 -0.917422831 -0.987539113 0.087104388 -0.131069764 20.871673584
-0.134747788 0.008225759 0.990845799 44.470935822 0.087939955 0.996118963 0.003689656 -0.912974954 -0.986969948 0.087632120 -0.134948209 20.692426682
-0.138167813 0.007360861 0.990381479 45.893157959 0.087389193 0.996162713 0.004787815 -0.907769024 -0.986545861 0.087210178 -0.138280928 20.504234314
-0.141088426 0.005605842 0.989981115 47.314971924 0.088102721 0.996087253 0.006915653 -0.903345823 -0.986068904 0.088195764 -0.141030297 20.309904099
-0.142654791 0.004074191 0.989764094 48.758449554 0.088163674 0.996068776 0.008606899 -0.902966082 -0.985838056 0.088489056 -0.142453209 20.077548981
-0.145046771 0.005220105 0.989411056 50.205924988 0.090681851 0.995847464 0.008039814 -0.890584826 -0.985260546 0.090887778 -0.144917846 19.873306274
-0.146156490 0.004819021 0.989249706 51.682373047 0.090252563 0.995882750 0.008483014 -0.878194034 -0.985135853 0.090522170 -0.145989656 19.646368027
-0.146670088 0.006102196 0.989166617 53.157157898 0.092645466 0.995670199 0.007594819 -0.872856617 -0.984837353 0.092755735 -0.146600351 19.427661896
-0.146835655 0.006379197 0.989140332 54.652328491 0.092146561 0.995719016 0.007257323 -0.863128662 -0.984859526 0.092211500 -0.146794870 19.202926636
-0.146305323 0.007951410 0.989207506 56.165111542 0.091793343 0.995762587 0.005572279 -0.854988158 -0.984971464 0.091617942 -0.146415204 18.980901718
-0.145015016 0.007836103 0.989398360 57.690521240 0.092630103 0.995684326 0.005690801 -0.847169399 -0.985083878 0.092473328 -0.145115033 18.757658005
-0.143880591 0.006564331 0.989573300 59.269710541 0.091419652 0.995790005 0.006686535 -0.849446833 -0.985363305 0.091428511 -0.143874973 18.530771255
-0.143118352 0.007622145 0.989676237 60.854541779 0.092037447 0.995739579 0.005640811 -0.836678445 -0.985416770 0.091894582 -0.143210128 18.311672211
-0.142279223 0.008001802 0.989794135 62.445632935 0.091536358 0.995788634 0.005107750 -0.833704472 -0.985584915 0.091328889 -0.142412484 18.094497681
-0.140816867 0.008636847 0.989998043 64.044105530 0.092564382 0.995696604 0.004479754 -0.829764426 -0.985698938 0.092269383 -0.141010359 17.860572815
-0.140025094 0.008218826 0.990113795 65.639595032 0.092214517 0.995727718 0.004775848 -0.831933081 -0.985844553 0.091971599 -0.140184775 17.639913559
-0.139068335 0.006763888 0.990259707 67.294761658 0.094064265 0.995545447 0.006410040 -0.824696600 -0.985805273 0.094039492 -0.139085099 17.405143738
-0.137963489 0.004775085 0.990425766 68.964996338 0.095949978 0.995349288 0.008566737 -0.821771085 -0.985778689 0.096213214 -0.137780041 17.162515640
-0.136660621 0.006113904 0.990599036 70.649848938 0.097531974 0.995205522 0.007312939 -0.814736485 -0.985804975 0.097614467 -0.136601716 16.921253204
-0.136592180 0.007599460 0.990598202 72.319557190 0.099377885 0.995031238 0.006069612 -0.817391932 -0.985630035 0.099272616 -0.136668727 16.698431015
-0.135327578 0.007402203 0.990773320 74.020538330 0.098525941 0.995116293 0.006022796 -0.812884688 -0.985889971 0.098431908 -0.135395989 16.462049484
-0.135992542 0.007193433 0.990683734 75.761871338 0.098898776 0.995077193 0.006350636 -0.809380710 -0.985761166 0.098841041 -0.136034504 16.234672546
-0.135366693 0.006066861 0.990776956 77.494255066 0.098533876 0.995106399 0.007368999 -0.802606821 -0.985883832 0.098622598 -0.135302067 15.992774963
-0.135445192 0.006073835 0.990766168 79.211944580 0.100304149 0.994927704 0.007612985 -0.806833327 -0.985694528 0.100409105 -0.135367379 15.771805763
-0.135310814 0.006045318 0.990784764 80.973457336 0.100781836 0.994878829 0.007693414 -0.789472342 -0.985664248 0.100894123 -0.135227129 15.537652016
-0.135584682 0.007006337 0.990741134 82.732185364 0.101274356 0.994835079 0.006824288 -0.792185843 -0.985576153 0.101261899 -0.135594010 15.302626610
-0.136177808 0.007935870 0.990652680 84.555625916 0.101268366 0.994841337 0.005951202 -0.780838370 -0.985494912 0.101132192 -0.136278957 15.043207169
-0.137559891 0.008715187 0.990455091 86.349334717 0.099932961 0.994980991 0.005124231 -0.782463491 -0.985439301 0.099684007 -0.137740389 14.822659492
-0.138960928 0.009302740 0.990254164 88.145027161 0.099114276 0.995065629 0.004560621 -0.779978752 -0.985325456 0.098782077 -0.139197275 14.581335068
-0.140132770 0.008276776 0.990098119 89.944274902 0.097719699 0.995198727 0.005511267 -0.785856962 -0.985298753 0.097524405 -0.140268758 14.331769943
-0.141546115 0.007873530 0.989900351 91.775909424 0.097494997 0.995217800 0.006025010 -0.786551476 -0.985118985 0.097363122 -0.141636848 14.084783554
-0.142089024 0.006880412 0.989829957 93.626632690 0.095370896 0.995418787 0.006771130 -0.785711825 -0.985248744 0.095363081 -0.142094269 13.826627731
-0.143972784 0.007569908 0.989552617 95.449043274 0.094630949 0.995493412 0.006152763 -0.784241498 -0.985046625 0.094528109 -0.144040272 13.576209068
-0.146178842 0.008655161 0.989220321 97.336418152 0.094159447 0.995543540 0.005203622 -0.775397062 -0.984766841 0.093905099 -0.146342367 13.287367821
-0.150764748 0.009575454 0.988523304 99.205741882 0.094252452 0.995537043 0.004731528 -0.771607101 -0.984066308 0.093884088 -0.150994390 13.018093109
-0.155651197 0.008516140 0.987775385 101.078292847 0.091937907 0.995747209 0.005902478 -0.771235764 -0.983524323 0.091732740 -0.155772194 12.746050835
-0.160277054 0.007960258 0.987039983 102.966712952 0.090908922 0.995836556 0.006730731 -0.775670171 -0.982876837 0.090809532 -0.160333395 12.443792343
-0.165257677 0.008238036 0.986216009 104.860557556 0.089433320 0.995970488 0.006666595 -0.785814583 -0.982187152 0.089302294 -0.165328532 12.138987541
-0.169499248 0.010472343 0.985474646 106.765274048 0.089855440 0.995942831 0.004871335 -0.776335835 -0.981425464 0.089375958 -0.169752598 11.805589676
-0.174103409 0.011929043 0.984655082 108.692680359 0.089683168 0.995963156 0.003791437 -0.788360476 -0.980634928 0.088967092 -0.174470410 11.465261459
-0.178648740 0.011947846 0.983840466 110.629562378 0.088592179 0.996060014 0.003990604 -0.797553122 -0.979916334 0.087873496 -0.179003388 11.119849205
-0.182890907 0.011761669 0.983062863 112.564903259 0.087020196 0.996197402 0.004270593 -0.802269876 -0.979274452 0.086327404 -0.183218941 10.755003929
-0.187439233 0.011524898 0.982208610 114.532035828 0.085458443 0.996330976 0.004617809 -0.801675141 -0.978551686 0.084803574 -0.187736437 10.376212120
-0.193436697 0.010676168 0.981054783 116.459617615 0.083893165 0.996458471 0.005697601 -0.800631940 -0.977519393 0.083405904 -0.193647295 10.016045570
-0.198346078 0.010698806 0.980073690 118.428222656 0.084353678 0.996416569 0.006194180 -0.799246073 -0.976495385 0.083901413 -0.198537812 9.614414215
-0.203975812 0.011718113 0.978905737 120.379852295 0.084820531 0.996379673 0.005746876 -0.811106980 -0.975294471 0.084203549 -0.204231277 9.216808319
-0.208944574 0.012737989 0.977844536 122.337669373 0.084566779 0.996404827 0.005090360 -0.815488696 -0.974264145 0.083756775 -0.209270582 8.801096916
-0.215323269 0.013118314 0.976454735 124.329803467 0.085415132 0.996330559 0.005450009 -0.803742468 -0.972800136 0.084577523 -0.215653658 8.377273560
-0.220853761 0.012655828 0.975224793 126.314727783 0.084055491 0.996442318 0.006104405 -0.810016632 -0.971678078 0.083321176 -0.221131831 7.936434746
-0.226161703 0.013466889 0.973996818 128.295837402 0.083349131 0.996504784 0.005575543 -0.804697692 -0.970517278 0.082442738 -0.226493701 7.478460312
-0.231607258 0.014338250 0.972703695 130.296005249 0.082878903 0.996546865 0.005044303 -0.810452342 -0.969272435 0.081784919 -0.231995806 7.023558140
-0.236252218 0.013728713 0.971594751 132.280868530 0.083970055 0.996448100 0.006338201 -0.810976923 -0.968056798 0.083082281 -0.236565873 6.551308632
-0.239770755 0.013761711 0.970732093 134.277359009 0.086248688 0.996247888 0.007179987 -0.804270029 -0.966990769 0.085445918 -0.240058035 6.048611641
-0.243497565 0.014615454 0.969791412 136.315063477 0.087661952 0.996125698 0.006998037 -0.804459989 -0.965931773 0.086717799 -0.243835375 5.547132015
-0.246354908 0.015262538 0.969059467 138.320526123 0.088155895 0.996084094 0.006722881 -0.804817855 -0.965162039 0.087084532 -0.246735707 5.034249306
-0.249755949 0.015088427 0.968191206 140.362579346 0.087499820 0.996139586 0.007047597 -0.806724429 -0.964347303 0.086476751 -0.250112057 4.517911434
-0.253784686 0.015676232 0.967133701 142.415771484 0.085953534 0.996278524 0.006406350 -0.810137331 -0.963434160 0.084754407 -0.254187673 3.985465527
-0.257961661 0.016560474 0.966013134 144.432342529 0.085565865 0.996315777 0.005769330 -0.815427661 -0.962358713 0.084146038 -0.258428276 3.449277639
-0.262147665 0.015582181 0.964901984 146.466613770 0.083572067 0.996479809 0.006612993 -0.818021297 -0.961402178 0.082372434 -0.262527049 2.901126862
-0.266854972 0.015980490 0.963604212 148.503631592 0.083898790 0.996451616 0.006709214 -0.820710421 -0.960077822 0.082635604 -0.267248839 2.347599745
-0.271615237 0.016351955 0.962266982 150.559539795 0.083261564 0.996506035 0.006568124 -0.822936594 -0.958797514 0.081903860 -0.272027731 1.781639576
-0.276674122 0.016369810 0.960824370 152.614761353 0.082499906 0.996568024 0.006777477 -0.822375357 -0.957415819 0.081143081 -0.277075112 1.213042498
-0.281072110 0.015775349 0.959556878 154.653060913 0.082355917 0.996572912 0.007739679 -0.826834559 -0.956146359 0.081200585 -0.281408101 0.623507977
-0.285919607 0.015848286 0.958122551 156.709243774 0.082978278 0.996516883 0.008278720 -0.829445541 -0.954654098 0.081870392 -0.286238819 0.032694101
-0.289951444 0.016582815 0.956897795 158.790832520 0.083594389 0.996467233 0.008061553 -0.824944258 -0.953383505 0.082328737 -0.290313363 -0.585838556
-0.293857366 0.017638026 0.955686510 160.861022949 0.084116116 0.996427894 0.007474336 -0.827218473 -0.952140868 0.082585029 -0.294291347 -1.216042995
-0.297275603 0.019268382 0.954597294 162.928405762 0.084104709 0.996438384 0.006078504 -0.829491973 -0.951080263 0.082093120 -0.297837377 -1.854634285
-0.301047146 0.020541800 0.953387976 165.007049561 0.084934495 0.996372163 0.005351452 -0.832023501 -0.949819326 0.082586564 -0.301699698 -2.494471073
-0.304124147 0.021178294 0.952396989 167.097198486 0.084401280 0.996420264 0.004794201 -0.835185587 -0.948886156 0.081841551 -0.304822952 -3.154617548
-0.308038056 0.021212535 0.951137543 169.208526611 0.084524401 0.996408105 0.005152136 -0.841469586 -0.947611809 0.081981376 -0.308724582 -3.817759037
-0.312228352 0.021429444 0.949765384 171.307022095 0.084154025 0.996439278 0.005182470 -0.839342117 -0.946272373 0.081544682 -0.312919945 -4.478751183
-0.315714955 0.022457022 0.948588192 173.417541504 0.086267926 0.996258795 0.005126641 -0.839136899 -0.944924295 0.083451301 -0.316471189 -5.182518005
-0.318557143 0.022823883 0.947628975 175.525588989 0.088577151 0.996052504 0.005786129 -0.844507515 -0.943756044 0.085781492 -0.319321305 -5.892206669
-0.320799530 0.022555809 0.946878493 177.605453491 0.089711063 0.995945394 0.006669193 -0.844718158 -0.942888975 0.087084956 -0.321522355 -6.609737396
-0.323790938 0.022209462 0.945867956 179.738342285 0.089266211 0.995981991 0.007171574 -0.841124117 -0.941908300 0.086756125 -0.324472457 -7.331625462
-0.326698273 0.022814518 0.944853246 181.855087280 0.088355258 0.996067762 0.006499115 -0.838715732 -0.940989614 0.085606016 -0.327429503 -8.047486305
-0.329256564 0.024827374 0.943914056 183.968017578 0.087878503 0.996121168 0.004453262 -0.845963240 -0.940142274 0.084416009 -0.330161273 -8.789385796
-0.332086682 0.026884325 0.942865670 186.105834961 0.087792449 0.996135592 0.002518148 -0.850094795 -0.939154387 0.083612740 -0.333163559 -9.540507317
-0.335198998 0.027838564 0.941735983 188.242126465 0.086822644 0.996222734 0.001454183 -0.863989651 -0.938138247 0.082251467 -0.336349845 -10.289881706
-0.338477820 0.028664604 0.940537691 190.406784058 0.084574401 0.996417165 0.000068743 -0.865922809 -0.937165916 0.079568677 -0.339689404 -11.060268402
-0.341956645 0.029099287 0.939265072 192.549194336 0.085941620 0.996300220 0.000422343 -0.883897960 -0.935777485 0.080866389 -0.343192309 -11.837432861
-0.346165359 0.028225390 0.937748849 194.712356567 0.085351966 0.996349692 0.001518043 -0.896568358 -0.934282839 0.080564208 -0.347310871 -12.612248421
-0.349969059 0.027424881 0.936359644 196.865615845 0.085154429 0.996364236 0.002644550 -0.913400412 -0.932882845 0.080660686 -0.351032048 -13.418104172
-0.353959292 0.027354984 0.934860647 199.008819580 0.084979765 0.996378064 0.003020203 -0.923803926 -0.931392133 0.080513261 -0.355001926 -14.223970413
-0.358107388 0.027687382 0.933269799 201.168487549 0.084262937 0.996439695 0.002771298 -0.932930827 -0.929870367 0.079632476 -0.359165400 -15.028276443
-0.361606210 0.028238926 0.931903183 203.329223633 0.083684288 0.996489704 0.002275944 -0.951655149 -0.928567588 0.078808635 -0.362700045 -15.871055603
-0.365015894 0.028799176 0.930555761 205.499679565 0.083260223 0.996526182 0.001818460 -0.962245524 -0.927270710 0.078142054 -0.366145760 -16.711404800
-0.367791086 0.029706806 0.929433823 207.604003906 0.084887728 0.996388972 0.001744516 -0.984751761 -0.926025808 0.079539143 -0.368984669 -17.537126541
-0.370330334 0.029514091 0.928431034 209.758438110 0.085824445 0.996306837 0.002561641 -0.998756647 -0.924926817 0.080630742 -0.371495754 -18.395269394
-0.372538418 0.029451396 0.927549422 211.922531128 0.087771036 0.996134102 0.003623036 -1.014338136 -0.923856735 0.082761690 -0.373683244 -19.268669128
-0.375354320 0.030048810 0.926394165 214.117752075 0.088953659 0.996028721 0.003734548 -1.027823091 -0.922602952 0.083807930 -0.376536697 -20.154884338
-0.378173649 0.030888472 0.925219297 216.308761597 0.088747971 0.996049523 0.003021657 -1.039179564 -0.921470761 0.083254032 -0.379421026 -21.049951553
-0.380705148 0.031308334 0.924166322 218.477584839 0.088391528 0.996082246 0.002667730 -1.051594853 -0.920462132 0.082704090 -0.381980956 -21.935583115
-0.383466810 0.032556225 0.922980666 220.637283325 0.088217743 0.996100068 0.001516085 -1.073763847 -0.919331729 0.082004644 -0.384843409 -22.827861786
-0.386252999 0.033776082 0.921774209 222.796035767 0.088305309 0.996093273 0.000503437 -1.092219710 -0.918156207 0.081592001 -0.387726605 -23.724285126
-0.389412254 0.033081133 0.920469284 224.991546631 0.084829167 0.996395469 0.000077816 -1.113341808 -0.917148829 0.078112938 -0.390814900 -24.638441086
-0.392343640 0.034852263 0.919158101 227.042785645 0.086779632 0.996227264 -0.000732559 -1.131064534 -0.915715992 0.079476796 -0.393887877 -25.460428238
-0.394809991 0.034540597 0.918113291 229.185485840 0.088666148 0.996061146 0.000655404 -1.156974792 -0.914474368 0.081664324 -0.396317571 -26.378711700
-0.397752732 0.033694338 0.916873693 231.350006104 0.089031659 0.996026754 0.002020040 -1.177495837 -0.913162708 0.082434259 -0.399172187 -27.305812836
-0.400679022 0.033356942 0.915611029 233.470352173 0.088114224 0.996107817 0.002269967 -1.194997072 -0.911971569 0.081587873 -0.402058691 -28.233102798
-0.403394639 0.033500720 0.914412618 235.594299316 0.086837754 0.996220827 0.001810753 -1.216353416 -0.910896182 0.080135994 -0.404779285 -29.168327332
-0.407183409 0.033057947 0.912747920 237.772125244 0.085420921 0.996342838 0.002021301 -1.229102969 -0.909343123 0.078790814 -0.408518195 -30.126707077
-0.410692066 0.032542441 0.911193192 239.923355103 0.084572725 0.996414185 0.002532510 -1.246144295 -0.907843292 0.078102179 -0.411971539 -31.081069946
-0.414149374 0.032933567 0.909612954 242.076293945 0.084173501 0.996448576 0.002246885 -1.262985587 -0.906308532 0.077495851 -0.415450692 -32.060245514
-0.417663693 0.032773733 0.908010364 244.228546143 0.083992861 0.996462882 0.002668438 -1.283933640 -0.904711068 0.077380911 -0.418939084 -33.040977478
-0.421900272 0.032264084 0.906067967 246.385116577 0.082892783 0.996553719 0.003111910 -1.304222584 -0.902844906 0.076419421 -0.423120707 -34.017818451
-0.425683916 0.032093067 0.904302657 248.510345459 0.082086727 0.996619821 0.003271484 -1.320431471 -0.901140928 0.075623855 -0.426879436 -35.008075714
-0.429484427 0.033245154 0.902462125 250.669006348 0.082668290 0.996573567 0.002630022 -1.339214444 -0.899282515 0.075734541 -0.430761188 -36.013854980
-0.433011711 0.033530246 0.900764406 252.803298950 0.083013825 0.996544361 0.002810483 -1.367885828 -0.897557497 0.075992875 -0.434298933 -37.027000427
-0.436506331 0.033816773 0.899065435 254.944885254 0.083064862 0.996540070 0.002845821 -1.375917912 -0.895858407 0.075922973 -0.437805057 -38.053085327
-0.440160453 0.034360930 0.897261441 257.076080322 0.082200393 0.996613622 0.002158560 -1.392759085 -0.894148707 0.074705355 -0.441494316 -39.083454132
-0.443528295 0.034609620 0.895591855 259.208557129 0.082660660 0.996574819 0.002424396 -1.412425756 -0.892440438 0.075105511 -0.444869936 -40.129955292
-0.447069615 0.035085514 0.893810809 261.338806152 0.083275311 0.996523380 0.002535572 -1.426844120 -0.890614390 0.075565957 -0.448437005 -41.183105469
-0.450889707 0.036266349 0.891842604 263.465850830 0.084362142 0.996432900 0.002131573 -1.441018581 -0.888584018 0.076198846 -0.452340752 -42.240440369
-0.454322636 0.038579382 0.890001416 265.595520020 0.086669020 0.996236622 0.001057856 -1.453160763 -0.886611223 0.077616148 -0.455956399 -43.331363678
-0.457360506 0.039472625 0.888405025 267.719818115 0.087921970 0.996126771 0.001004374 -1.467837095 -0.884924352 0.078569658 -0.459059656 -44.419681549
-0.459941268 0.041776795 0.886966050 269.834411621 0.090231098 0.995920777 -0.000118811 -1.482373953 -0.883352935 0.079977281 -0.461834669 -45.524986267
-0.462810278 0.044175372 0.885356009 271.957794189 0.091779515 0.995777905 -0.001708183 -1.504677296 -0.881693363 0.080466978 -0.464910567 -46.615982056
-0.465573817 0.044934008 0.883867621 274.094085693 0.092851490 0.995678425 -0.001709077 -1.522513866 -0.880124748 0.081272729 -0.467734039 -47.725212097
-0.468936056 0.045739807 0.882046998 276.248809814 0.093127176 0.995651960 -0.002120346 -1.547171354 -0.878308773 0.081148222 -0.471156657 -48.840736389
-0.472039253 0.046185542 0.880366862 278.419952393 0.092485957 0.995710492 -0.002647102 -1.556713820 -0.876712799 0.080172047 -0.474285930 -49.999340057
-0.475148529 0.047500081 0.878622591 280.581878662 0.093629315 0.995601892 -0.003190624 -1.578372836 -0.874909937 0.080748804 -0.477506220 -51.161098480
-0.478282869 0.047798760 0.876904070 282.745788574 0.092932016 0.995665967 -0.003585122 -1.597379208 -0.873274922 0.079777770 -0.480652034 -52.338272095
-0.480720371 0.047785509 0.875570953 284.903594971 0.091359243 0.995809197 -0.004188125 -1.616291761 -0.872101724 0.077978186 -0.483071387 -53.512397766
-0.483061016 0.048964191 0.874216557 287.071990967 0.093402311 0.995619774 -0.004153094 -1.637795210 -0.870590627 0.079647645 -0.485518456 -54.704147339
-0.485179812 0.048819929 0.873050511 289.268341064 0.095013931 0.995471954 -0.002863541 -1.661502481 -0.869236946 0.081562638 -0.487621397 -55.913627625
-0.487141162 0.049265839 0.871932566 291.462615967 0.096195713 0.995359242 -0.002495976 -1.675612688 -0.868009150 0.082660295 -0.489619583 -57.145542145
-0.488727391 0.048694480 0.871076524 293.616577148 0.095885739 0.995390654 -0.001846035 -1.697467566 -0.867151260 0.082621612 -0.491143793 -58.345756531
-0.491233408 0.048182514 0.869694233 295.815795898 0.095450148 0.995433450 -0.001235127 -1.704197407 -0.865782261 0.082405716 -0.493589222 -59.576572418
-0.494477600 0.048542164 0.867833853 298.045257568 0.096800610 0.995303631 -0.000516747 -1.717550039 -0.863783181 0.083751321 -0.496854246 -60.827995300
-0.496650606 0.048214920 0.866610348 300.228149414 0.096935622 0.995290637 0.000179183 -1.734882951 -0.862520456 0.084094413 -0.498985469 -62.063621521
-0.498712987 0.048603263 0.865403414 302.422424316 0.095972039 0.995383859 -0.000596719 -1.752967000 -0.861437619 0.082756944 -0.501075387 -63.314537048
-0.501328409 0.051291835 0.863735497 304.624237061 0.095807903 0.995393634 -0.003501476 -1.768209577 -0.859936416 0.080997288 -0.503933311 -64.582183838
-0.504802763 0.050454684 0.861758888 306.832641602 0.094107188 0.995557070 -0.003162085 -1.790921450 -0.858089745 0.079501472 -0.507308125 -65.864273071
-0.509092867 0.048224550 0.859359562 309.032531738 0.091627680 0.995791972 -0.001599597 -1.816445351 -0.855820537 0.077926770 -0.511369348 -67.146949768
-0.514336944 0.045676988 0.856370866 311.244201660 0.089341752 0.996000826 0.000534152 -1.840034366 -0.852921784 0.076784387 -0.516360939 -68.438232422
-0.518634737 0.044310085 0.853846848 313.458282471 0.088077232 0.996111989 0.001806071 -1.848754883 -0.850447178 0.076141164 -0.520521164 -69.786399841
-0.523079693 0.044913284 0.851099551 315.692993164 0.089027129 0.996026874 0.002154206 -1.857202768 -0.847621262 0.076897770 -0.524999917 -71.140579224
-0.526774466 0.046826422 0.848714292 317.916564941 0.092319585 0.995726645 0.002362730 -1.871541858 -0.844976783 0.079597577 -0.528846323 -72.530662537
-0.530479193 0.048183978 0.846327364 320.157836914 0.093601517 0.995607734 0.001986602 -1.873826504 -0.842514455 0.080271386 -0.532659233 -73.922821045
-0.533973813 0.048136905 0.844129562 322.366149902 0.094338775 0.995535910 0.002905267 -1.888802290 -0.840221465 0.081185482 -0.536131442 -75.326133728
-0.537958860 0.047016732 0.841658890 324.576049805 0.094972380 0.995466888 0.005094266 -1.902961850 -0.837604046 0.082674861 -0.539985538 -76.745307922
-0.541834474 0.044942807 0.839282691 326.809814453 0.092916660 0.995651543 0.006670069 -1.910286069 -0.835333407 0.081597425 -0.543654263 -78.184455872
-0.545880258 0.044837590 0.836662531 329.023712158 0.092300750 0.995707393 0.006860615 -1.917348981 -0.832763553 0.080969654 -0.547675669 -79.604072571
-0.549872220 0.044748299 0.834049165 331.226135254 0.092691347 0.995665193 0.007690282 -1.928391814 -0.830089569 0.081537820 -0.551636457 -81.053962708
-0.553804219 0.044658165 0.831448436 333.427246094 0.093196504 0.995610595 0.008600023 -1.929183722 -0.827414811 0.082250819 -0.555535316 -82.498939514
-0.558359265 0.044163603 0.828422785 335.657592773 0.093415074 0.995578289 0.009887308 -1.928892374 -0.824322939 0.082907863 -0.560015917 -83.976417542
-0.561365604 0.043261189 0.826436341 337.877655029 0.092246108 0.995680451 0.010538586 -1.925314784 -0.822410643 0.082151540 -0.562931418 -85.486015320
-0.565143704 0.042308871 0.823906898 340.099822998 0.091948971 0.995692074 0.011940395 -1.924398065 -0.819852412 0.082505427 -0.566599369 -86.983299255
-0.567647696 0.041887447 0.822205245 342.300079346 0.092658795 0.995609701 0.013249720 -1.918961048 -0.818040609 0.083705723 -0.569036841 -88.502296448
-0.571119130 0.040793069 0.819852829 344.512725830 0.089753956 0.995879591 0.012972129 -1.911319613 -0.815945566 0.080993682 -0.572427273 -90.024116516
-0.574188888 0.039988957 0.817745686 346.666015625 0.086004592 0.996226370 0.011672117 -1.897280931 -0.814193249 0.077031896 -0.575461209 -91.504135132
-0.577827930 0.038969155 0.815227747 348.841491699 0.082418196 0.996539533 0.010781328 -1.896821141 -0.811986506 0.073419355 -0.579040110 -93.007682800
-0.579775691 0.036309071 0.813966691 350.958343506 0.080645211 0.996658325 0.012983823 -1.900637150 -0.810775220 0.073170222 -0.580766439 -94.532310486
-0.583603978 0.035659764 0.811255097 353.130920410 0.081078567 0.996601939 0.014519705 -1.889974952 -0.807980597 0.074249156 -0.584512115 -96.064277649
-0.586690784 0.036029112 0.809009075 355.306457520 0.080574043 0.996649623 0.014046376 -1.876797199 -0.805792630 0.073426016 -0.587628186 -97.622871399
-0.590000987 0.035093613 0.806639493 357.508941650 0.078507289 0.996814430 0.014055292 -1.860142827 -0.803576589 0.071619712 -0.590876639 -99.201736450
-0.593283653 0.031025086 0.804395378 359.688049316 0.075744621 0.996975183 0.017412825 -1.848689795 -0.801422060 0.071259372 -0.593839049 -100.774307251
-0.596735418 0.028482107 0.801932395 361.860046387 0.073228501 0.997132719 0.019075926 -1.835800409 -0.799089730 0.070107602 -0.597110152 -102.346229553
-0.600096047 0.027435724 0.799457252 364.042419434 0.071603112 0.997242093 0.019524124 -1.812164903 -0.796716690 0.068959981 -0.600405693 -103.940673828
-0.603248179 0.027736392 0.797071040 366.200286865 0.071371540 0.997262776 0.019313563 -1.790828347 -0.794353545 0.068539053 -0.603576601 -105.534431458
-0.605922163 0.027331766 0.795054436 368.408264160 0.071199767 0.997262061 0.019979250 -1.768063068 -0.792331517 0.068713553 -0.606209159 -107.180709839
-0.608888745 0.026189400 0.792823136 370.555297852 0.070486903 0.997287571 0.021190483 -1.750955224 -0.790117800 0.068786278 -0.609083116 -108.800979614
-0.611730874 0.024825150 0.790676296 372.702270508 0.067411557 0.997507691 0.020835897 -1.730019569 -0.788188398 0.066046685 -0.611879766 -110.435371399
-0.614574552 0.021355720 0.788569570 374.848480225 0.057553757 0.998183310 0.017822331 -1.710802317 -0.786756337 0.056338292 -0.614687204 -112.079063416
-0.618404686 0.024011079 0.785492897 377.005462646 0.050124720 0.998703003 0.008933785 -1.702056885 -0.784259558 0.044897303 -0.618806183 -113.713714600
-0.621115685 0.034285314 0.782968581 379.123687744 0.060332034 0.998169720 0.004151651 -1.708659649 -0.781393230 0.049816750 -0.622047365 -115.377746582
-0.621742904 0.035426799 0.782419860 381.251403809 0.067913637 0.997652531 0.008794747 -1.719897032 -0.780271411 0.058605041 -0.622689188 -117.065864563
-0.623260021 0.026336556 0.781571090 383.362396240 0.066929594 0.997562051 0.019757878 -1.702259779 -0.779145300 0.064624533 -0.623503149 -118.751228333
-0.626410127 0.015478663 0.779339910 385.493682861 0.060593594 0.997744441 0.028886879 -1.664453268 -0.777134895 0.065318048 -0.625935256 -120.426033020
-0.630097270 0.009614538 0.776456714 387.595947266 0.054847833 0.997976959 0.032151680 -1.613328099 -0.774576724 0.062845662 -0.629349887 -122.076606750
-0.632654250 0.008923439 0.774383008 389.715270996 0.053488884 0.998049200 0.032198451 -1.561808586 -0.772584975 0.061791368 -0.631897330 -123.779945374
-0.635137737 0.014020498 0.772271574 391.814208984 0.058649674 0.997824132 0.030119754 -1.518118501 -0.770168960 0.064423673 -0.634577990 -125.478256226
-0.637340724 0.020738469 0.770303011 393.854827881 0.063546628 0.997647405 0.025718676 -1.474596024 -0.767957449 0.065341718 -0.637159169 -127.152473450
-0.640267193 0.022865929 0.767811835 395.949890137 0.063834354 0.997683287 0.023518907 -1.445001364 -0.765495181 0.064071164 -0.640243530 -128.869293213
-0.643427491 0.023560312 0.765144229 397.992797852 0.064407848 0.997648299 0.023442481 -1.410664797 -0.762792587 0.064364836 -0.643431962 -130.566696167
-0.646463275 0.023185927 0.762592733 400.040161133 0.065626390 0.997523367 0.025303872 -1.378195405 -0.760117412 0.066404231 -0.646383822 -132.276412964
-0.649319410 0.022685412 0.760177374 402.078552246 0.066255338 0.997442007 0.026827278 -1.333142996 -0.757624269 0.067785271 -0.649161518 -134.003692627
-0.650937438 0.022734873 0.758790851 404.130462646 0.066681460 0.997400224 0.027319368 -1.294439435 -0.756197035 0.068380468 -0.650761247 -135.746276855
-0.652633667 0.022860749 0.757328451 406.208801270 0.066758208 0.997392297 0.027422091 -1.248136997 -0.754726768 0.068454474 -0.652458072 -137.493927002
-0.653894424 0.023631187 0.756216645 408.255706787 0.067437261 0.997354150 0.027145902 -1.205623269 -0.753574371 0.068747737 -0.653757870 -139.252349854
-0.655263186 0.022736458 0.755058408 410.294860840 0.068129815 0.997252047 0.029095741 -1.158395886 -0.752321959 0.070507355 -0.655011654 -141.000473022
-0.656498790 0.022033952 0.754005253 412.333068848 0.070092559 0.997030556 0.031892553 -1.114118338 -0.751063526 0.073787585 -0.656093717 -142.764511108
-0.657142282 0.022040769 0.753444254 414.326812744 0.072141506 0.996822834 0.033760279 -1.052973390 -0.750306368 0.076539904 -0.656644523 -144.525558472
-0.658506095 0.021988068 0.752254069 416.345184326 0.070427522 0.996987045 0.032509156 -0.995567203 -0.749272645 0.074386872 -0.658070683 -146.280700684
-0.660378337 0.022505393 0.750595689 418.368774414 0.066660836 0.997361541 0.028744327 -0.940866470 -0.747968435 0.069017485 -0.660136223 -148.026458740
-0.661713481 0.021462323 0.749449551 420.374847412 0.063353240 0.997615993 0.027367467 -0.895558298 -0.747075379 0.065589473 -0.661495566 -149.787521362
-0.662988782 0.020450260 0.748350024 422.384765625 0.062434487 0.997654855 0.028049791 -0.854007125 -0.746021330 0.065319538 -0.662710726 -151.534347534
-0.664185286 0.020424198 0.747289062 424.335723877 0.061697628 0.997714102 0.027567834 -0.811212778 -0.745017648 0.064416103 -0.663927019 -153.248641968
-0.664860725 0.018646834 0.746734560 426.356719971 0.058067080 0.997953355 0.026780408 -0.775306344 -0.744706929 0.061165940 -0.664582789 -155.023727417
-0.665797353 0.017521095 0.745926857 428.358673096 0.056711230 0.998020589 0.027176619 -0.737644732 -0.743974268 0.060396552 -0.665473104 -156.779785156
-0.666907430 0.017211130 0.744941652 430.313934326 0.058493204 0.997857392 0.029311426 -0.683514535 -0.742841184 0.063122042 -0.666485369 -158.511474609
-0.666533887 0.016077546 0.745301366 432.287719727 0.061148431 0.997577488 0.033166315 -0.641318142 -0.742962599 0.067680486 -0.665902317 -160.268966675
-0.665507197 0.015324905 0.746234179 434.269653320 0.066203155 0.997060537 0.038565390 -0.577056050 -0.743449628 0.075068593 -0.664565444 -162.034378052
-0.664104581 0.014154557 0.747505605 436.266601562 0.069172613 0.996695459 0.042581704 -0.498087764 -0.744432807 0.079985619 -0.662889183 -163.798507690
-0.662867844 0.011960952 0.748640835 438.262023926 0.063578524 0.997160256 0.040362719 -0.415206760 -0.746032059 0.074352629 -0.661746025 -165.541183472
-0.662497997 0.010715032 0.748987079 440.255371094 0.056050051 0.997803628 0.035303064 -0.355705380 -0.746963799 0.065368965 -0.661643445 -167.242233276
-0.661284685 0.008220340 0.750090003 442.255004883 0.050678346 0.998144925 0.033739578 -0.297655642 -0.748421133 0.060324777 -0.660474539 -168.975051880
-0.658582866 0.007863156 0.752467096 444.248229980 0.048520014 0.998308361 0.032034084 -0.243261680 -0.750942349 0.057606824 -0.657850206 -170.699569702
-0.655900180 0.009054044 0.754793286 446.261993408 0.051090661 0.998167574 0.032423351 -0.185041383 -0.753116548 0.059829373 -0.655160904 -172.439880371
-0.652612090 0.008465051 0.757644892 448.255523682 0.050755158 0.998180032 0.032566421 -0.125003442 -0.755990326 0.059707616 -0.651853919 -174.165466309
-0.650499344 0.009834500 0.759443104 450.282989502 0.049683202 0.998325467 0.029628117 -0.073578358 -0.757879972 0.057004634 -0.649898767 -175.878189087
-0.648970425 0.004957194 0.760797441 452.347076416 0.042914256 0.998625338 0.030099599 -0.028917771 -0.759602249 0.052182809 -0.648291051 -177.632751465
-0.647923887 -0.001642943 0.761703193 454.379028320 0.033838093 0.998948336 0.030938201 0.017293662 -0.760953009 0.045820188 -0.647186935 -179.336547852
-0.647161067 -0.004915574 0.762337446 456.417846680 0.026653886 0.999221981 0.029069947 0.068130501 -0.761887193 0.039132193 -0.646526515 -181.042297363
-0.646531284 -0.005635827 0.762866676 458.454528809 0.025002871 0.999278963 0.028572366 0.107489996 -0.762477636 0.037546787 -0.645924211 -182.734054565
-0.645515382 -0.004916705 0.763731360 460.485565186 0.027717777 0.999169707 0.029859813 0.155822262 -0.763244152 0.040443901 -0.644843161 -184.423889160
-0.644626439 -0.006245476 0.764472187 462.523712158 0.028751686 0.999061108 0.032406293 0.201554745 -0.763956845 0.042869814 -0.643841684 -186.094787598
-0.642926037 -0.008800146 0.765877664 464.541137695 0.026999792 0.999052107 0.034144711 0.256258547 -0.765452206 0.042631060 -0.642079115 -187.782760620
-0.641752124 -0.008950119 0.766859889 466.601318359 0.025004927 0.999156058 0.032586824 0.319472939 -0.766504347 0.040087938 -0.640986741 -189.487686157
-0.640704513 -0.008197296 0.767743766 468.644927979 0.023614492 0.999259472 0.030376194 0.371272326 -0.767424285 0.037592042 -0.640036643 -191.173385620
-0.639866948 -0.006559741 0.768457711 470.690979004 0.024697812 0.999271631 0.029094988 0.417243928 -0.768088758 0.037596144 -0.639238775 -192.839614868
-0.638735890 -0.006164897 0.769401371 472.724487305 0.026690118 0.999188542 0.030163491 0.457772940 -0.768963039 0.039801918 -0.638053060 -194.513565063
