1.000000000 0.000000000 0.000000000 0.000000000 0.000000000 1.000000000 0.000000000 0.000000000 0.000000000 0.000000000 1.000000000 0.000000000
0.999934137 -0.002424980 0.011217663 0.015576803 0.002413923 0.999996603 0.000999170 -0.003438799 -0.011220047 -0.000972026 0.999936581 0.294383585
0.999827385 -0.004558376 0.018011624 0.024285201 0.004539010 0.999989092 0.001115935 -0.007728823 -0.018016513 -0.001033988 0.999837160 0.582568944
0.999776661 -0.007519462 0.019749738 0.039718881 0.007522739 0.999971688 -0.000091616 -0.011529187 -0.019748490 0.000240167 0.999804974 0.887881458
0.999814093 -0.008683341 0.017216941 0.048663992 0.008715338 0.999960423 -0.001784337 -0.010369247 -0.017200766 0.001934057 0.999850214 1.202203512
0.999883056 -0.011416444 0.010185183 0.053667910 0.011451211 0.999928772 -0.003361634 -0.010806919 -0.010146079 0.003477873 0.999942482 1.516457677
0.999910176 -0.013159074 -0.002540710 0.053693708 0.013145357 0.999899447 -0.005341486 -0.012680744 0.002610744 0.005307607 0.999982536 1.841564655
0.999738634 -0.012377868 -0.019218026 0.037336167 0.012270036 0.999908388 -0.005718781 -0.016704272 0.019287052 0.005481481 0.999799013 2.182654381
0.999229014 -0.007957023 -0.038444236 0.000487256 0.007745934 0.999954104 -0.005636618 -0.021898873 0.038487323 0.005334486 0.999244928 2.526627064
0.998298883 -0.004187639 -0.058153279 -0.045054950 0.003775664 0.999967098 -0.007192396 -0.023651179 0.058181483 0.006960593 0.998281777 2.878272772
0.996874690 -0.004191549 -0.078888468 -0.069324441 0.003607914 0.999965131 -0.007539330 -0.029023351 0.078917310 0.007231143 0.996855021 3.239581585
0.994995773 -0.006053184 -0.099733233 -0.129337579 0.005386911 0.999961436 -0.006948504 -0.035058968 0.099771447 0.006376478 0.994989991 3.615427971
0.992738903 -0.007587264 -0.120049149 -0.179180950 0.006922814 0.999958396 -0.005950906 -0.042049579 0.120089307 0.005076619 0.992750108 4.005952358
0.990475237 -0.006022138 -0.137559071 -0.249004051 0.005349220 0.999971867 -0.005260996 -0.049072310 0.137586877 0.004475052 0.990479589 4.386440277
0.988163114 -0.004828852 -0.153330773 -0.327257693 0.004162754 0.999980509 -0.004664923 -0.054323215 0.153350309 0.003971427 0.988163948 4.793744087
0.985965014 -0.004120914 -0.166900977 -0.410812706 0.003430753 0.999984384 -0.004423259 -0.065898858 0.166916609 0.003788583 0.985963762 5.212635517
0.983873069 -0.005512997 -0.178783208 -0.503316522 0.004532132 0.999972403 -0.005894299 -0.066334032 0.178810775 0.004988973 0.983870804 5.639727592
0.982064903 -0.009278241 -0.188314497 -0.592354715 0.007979358 0.999938965 -0.007654352 -0.079765379 0.188373983 0.006014443 0.982078969 6.079483509
0.980517209 -0.008557816 -0.196246833 -0.691884458 0.006797477 0.999930501 -0.009641831 -0.084376663 0.196315661 0.008119998 0.980507135 6.547502041
0.979090750 -0.008100872 -0.203262389 -0.801897585 0.006016873 0.999922812 -0.010868622 -0.097471766 0.203334764 0.009418362 0.979063988 7.012300014
0.977379203 -0.008902363 -0.211307034 -0.915592611 0.006174358 0.999888897 -0.013566446 -0.108551092 0.211404338 0.011954876 0.977325618 7.496076584
0.975673378 -0.012865098 -0.218851462 -1.033267379 0.009743975 0.999834895 -0.015334775 -0.118107259 0.219012618 0.012829248 0.975637734 7.989983082
0.973680735 -0.019082427 -0.227115706 -1.145285130 0.015669182 0.999735653 -0.016822275 -0.128966197 0.227376670 0.012820808 0.973722458 8.512416840
0.971585929 -0.019634007 -0.235871270 -1.271276832 0.015542213 0.999694884 -0.019194482 -0.146706492 0.236176208 0.014983126 0.971594751 9.020017624
0.969435573 -0.015795352 -0.244836658 -1.419583917 0.010283775 0.999664426 -0.023773378 -0.154162258 0.245130002 0.020528914 0.969272912 9.546328545
0.967305899 -0.012475960 -0.253305227 -1.581227064 0.005897785 0.999625742 -0.026712157 -0.173264995 0.253543675 0.024344888 0.967017591 10.087387085
0.965081990 -0.014786329 -0.261530787 -1.739093423 0.007605172 0.999566257 -0.028449049 -0.193104431 0.261838078 0.025466675 0.964775681 10.657459259
0.962585926 -0.018027531 -0.270376533 -1.896123767 0.009973064 0.999465406 -0.031134229 -0.207331464 0.270793289 0.027272886 0.962251067 11.228715897
0.960425913 -0.017377686 -0.277993172 -2.075177431 0.008419863 0.999407053 -0.033384733 -0.230764791 0.278408468 0.029722897 0.960002661 11.802931786
0.958141506 -0.016469855 -0.285821021 -2.266222477 0.006147531 0.999297202 -0.036974460 -0.259919822 0.286229134 0.033669662 0.957569420 12.391259193
0.955858171 -0.016826609 -0.293346345 -2.460944414 0.004657144 0.999101102 -0.042134203 -0.289981455 0.293791622 0.038908169 0.955077231 12.988821030
0.954060674 -0.018337103 -0.299052030 -2.658704281 0.003643603 0.998761654 -0.049617380 -0.322857022 0.299591482 0.046248354 0.952945948 13.599041939
0.952769995 -0.018875152 -0.303105652 -2.865199327 0.001381344 0.998325646 -0.057826199 -0.359899044 0.303689599 0.054676369 0.951200843 14.206522942
0.951652765 -0.018274495 -0.306631714 -3.086257935 -0.002270786 0.997783005 -0.066512965 -0.398251235 0.307167351 0.063993543 0.949501455 14.826285362
0.950240016 -0.017643232 -0.311018854 -3.306643486 -0.006113287 0.997146547 -0.075242959 -0.449319690 0.311458886 0.073400207 0.947420597 15.467822075
0.948938847 -0.017176028 -0.314991891 -3.531898022 -0.009271337 0.996566713 -0.082271941 -0.501539946 0.315323591 0.080991432 0.945521772 16.097457886
0.947373509 -0.014747013 -0.319790274 -3.768944740 -0.014562135 0.995919228 -0.089066558 -0.558989644 0.319798708 0.089036129 0.943292797 16.752477646
0.945785284 -0.014007977 -0.324490041 -4.014040947 -0.017830959 0.995323360 -0.094938911 -0.624303579 0.324302435 0.095577791 0.941112578 17.421092987
0.944217086 -0.011744507 -0.329114288 -4.259494781 -0.022555063 0.994711041 -0.100206137 -0.698166370 0.328550488 0.102039523 0.938958228 18.071876526
0.942359388 -0.009447258 -0.334468991 -4.517583370 -0.026661586 0.994302988 -0.103203095 -0.770807683 0.333538502 0.106171884 0.936738849 18.770072937
0.940577090 -0.008033491 -0.339485556 -4.778200626 -0.029368697 0.994049907 -0.104891695 -0.847508729 0.338308245 0.108628951 0.934744537 19.474956512
0.938341439 -0.007850633 -0.345621020 -5.053869247 -0.030019680 0.994115412 -0.104082637 -0.928994179 0.344404340 0.108040467 0.932584047 20.196174622
0.936020434 -0.007218257 -0.351871610 -5.323736668 -0.030792119 0.994276106 -0.102307230 -1.013773203 0.350595981 0.106596507 0.930440545 20.892589569
0.933514893 -0.007451545 -0.358461171 -5.612793446 -0.030605227 0.994478643 -0.100375839 -1.097033501 0.357230008 0.104673117 0.928132653 21.613338470
0.930306256 -0.006435520 -0.366727084 -5.902573109 -0.031501718 0.994749784 -0.097369350 -1.173698306 0.365428209 0.102135867 0.925219119 22.320508957
0.927086651 -0.004850812 -0.374815792 -6.213879585 -0.031769522 0.995301783 -0.091461256 -1.254054070 0.373498470 0.096700236 0.922576785 23.060007095
0.923451126 -0.000903642 -0.383715004 -6.537689209 -0.034905691 0.995653272 -0.086348996 -1.335456967 0.382125139 0.093132913 0.919405580 23.811611176
0.919968426 0.002823135 -0.391982257 -6.872921467 -0.038214643 0.995856822 -0.082516029 -1.410652280 0.390125215 0.090891615 0.916264713 24.560771942
0.916179657 0.004203729 -0.400745749 -7.217722893 -0.039821453 0.995951355 -0.080591984 -1.487523675 0.398784518 0.089795016 0.912637830 25.308231354
0.912163079 0.003841229 -0.409809381 -7.561329842 -0.039984822 0.996019542 -0.079663239 -1.561543584 0.407872140 0.089052022 0.908685863 26.047286987
0.908200026 0.004070978 -0.418516695 -7.925685883 -0.040632833 0.996086836 -0.078485988 -1.629484773 0.416559398 0.088286482 0.904811442 26.823484421
0.904285550 0.004486494 -0.426904529 -8.314772606 -0.041140456 0.996206939 -0.076675802 -1.696887851 0.424941242 0.086899869 0.901040137 27.612503052
0.900451303 0.003197226 -0.434945136 -8.694150925 -0.039467294 0.996448398 -0.074382961 -1.768714666 0.433162600 0.084144317 0.897379458 28.382661819
0.896627545 0.003583891 -0.442771077 -9.092417717 -0.038660977 0.996781945 -0.070221707 -1.837580681 0.441094548 0.080080666 0.893880665 29.179061890
0.892928123 0.006457345 -0.450152785 -9.507279396 -0.039838046 0.997107923 -0.064719908 -1.901321769 0.448432952 0.075723439 0.890603065 29.962156296
0.889208138 0.006516336 -0.457456350 -9.931257248 -0.038308144 0.997447610 -0.060255397 -1.967013597 0.455896109 0.071103893 0.887188256 30.768209457
0.885470629 0.005196590 -0.464666247 -10.360324860 -0.036726341 0.997592270 -0.058829360 -2.021918058 0.463241726 0.069157161 0.883529484 31.571977615
0.882098317 0.005227211 -0.471036375 -10.798987389 -0.036681332 0.997664392 -0.057620902 -2.087503910 0.469635040 0.068105534 0.880229831 32.395267487
0.878961205 0.005748065 -0.476858646 -11.257155418 -0.036495414 0.997805893 -0.055241957 -2.148708105 0.475494802 0.065958694 0.877242327 33.225013733
0.875822425 0.003246442 -0.482622743 -11.714982033 -0.033494607 0.997975230 -0.054070063 -2.199432611 0.481470108 0.063521028 0.874157608 34.061962128
0.873354912 0.002537724 -0.487077773 -12.210870743 -0.033074066 0.997987390 -0.054103844 -2.260551691 0.485960215 0.063361496 0.871681094 34.908710480
0.870984614 0.001008643 -0.491309255 -12.668934822 -0.031975243 0.997994244 -0.054636300 -2.316864014 0.490268767 0.063297100 0.869269848 35.745357513
0.869758248 0.001411721 -0.493476033 -13.173188210 -0.032671701 0.997966707 -0.054729376 -2.377600908 0.492395282 0.063724026 0.868035793 36.609161377
0.869312584 0.001877956 -0.494259059 -13.678712845 -0.033029247 0.997978151 -0.054300651 -2.434887648 0.493157744 0.063529246 0.867617130 37.469284058
0.869053960 0.001734150 -0.494714200 -14.186173439 -0.031781349 0.998123944 -0.052330833 -2.497164011 0.493695349 0.061201006 0.867478728 38.362785339
0.868781865 0.001109944 -0.495193690 -14.708463669 -0.030935705 0.998165905 -0.052037161 -2.557208538 0.494227737 0.060528100 0.867222786 39.248142242
0.868025839 -0.001210266 -0.496517479 -15.229534149 -0.028736401 0.998198390 -0.052670907 -2.618072033 0.495686740 0.059987832 0.866427243 40.156471252
0.867013693 -0.003681471 -0.498270720 -15.755200386 -0.026220987 0.998250067 -0.053001277 -2.681299925 0.497593939 0.059017982 0.865400016 41.058555603
0.865433693 -0.004175115 -0.501006246 -16.299274445 -0.024855385 0.998376250 -0.051254883 -2.740357637 0.500406742 0.056810401 0.863924563 41.996658325
0.863328338 -0.003257801 -0.504632115 -16.841571808 -0.023895504 0.998593569 -0.047327328 -2.803326845 0.504076540 0.052917473 0.862036407 42.911014557
0.860808849 -0.003022545 -0.508919358 -17.397243500 -0.022047531 0.998822033 -0.043224312 -2.865181684 0.508450627 0.048428293 0.859728277 43.826354980
0.856802642 -0.003343235 -0.515633643 -17.965564728 -0.020688199 0.998950899 -0.040853485 -2.933197975 0.515229344 0.045670908 0.855834663 44.744609833
0.851687908 -0.006375513 -0.524010777 -18.546894073 -0.019251218 0.998870432 -0.043442503 -2.994481325 0.523695886 0.047087293 0.850602984 45.668098450
0.845766783 -0.010378983 -0.533451915 -19.111160278 -0.017117767 0.998768210 -0.046571843 -3.052994013 0.533278227 0.048520412 0.844547272 46.558158875
0.839578807 -0.010332339 -0.543139696 -19.694564819 -0.017269744 0.998806119 -0.045695994 -3.116118431 0.542963386 0.047745265 0.838397980 47.440597534
0.833808601 -0.007315134 -0.552005231 -20.291198730 -0.018072795 0.999014556 -0.040537979 -3.173245192 0.551757753 0.043777190 0.832854688 48.327655792
0.828675985 -0.001862865 -0.559725583 -20.905731201 -0.021906167 0.999120355 -0.035757411 -3.231781721 0.559299827 0.041892752 0.827906251 49.211654663
0.824795604 -0.002345496 -0.565425992 -21.529451370 -0.022759603 0.999043167 -0.037344005 -3.280820608 0.564972699 0.043670040 0.823953152 50.085025787
0.821212769 -0.004658143 -0.570603073 -22.147090912 -0.022768913 0.998902738 -0.040923636 -3.343319654 0.570167661 0.046599027 0.820205629 50.978748322
0.818265378 -0.006780652 -0.574800551 -22.775289536 -0.025743261 0.998494983 -0.048425961 -3.394402266 0.574263752 0.054422542 0.816859365 51.834362030
0.814895689 -0.008434106 -0.579546273 -23.404033661 -0.025167668 0.998436153 -0.049918257 -3.456300974 0.579060912 0.055264004 0.813409030 52.720310211
0.811913788 -0.006147303 -0.583745062 -24.043867111 -0.025494782 0.998617291 -0.045976184 -3.518515348 0.583220363 0.052211158 0.810634315 53.576847076
0.808824897 -0.003637485 -0.588038385 -24.688501358 -0.025070807 0.998858333 -0.040662691 -3.576654196 0.587514997 0.047631592 0.807810247 54.448837280
0.805525959 -0.001739325 -0.592558026 -25.322456360 -0.025414495 0.998974144 -0.037480846 -3.635666370 0.592015326 0.045251358 0.804655313 55.315696716
0.802847028 -0.000880013 -0.596184313 -25.971866608 -0.027307613 0.998895109 -0.038248032 -3.679984093 0.595559180 0.046987697 0.801935971 56.144702911
0.799184084 -0.002412266 -0.601081371 -26.627037048 -0.027086476 0.998831630 -0.040022094 -3.732422113 0.600475550 0.048266191 0.798185050 57.013916016
0.795243680 -0.005400002 -0.606265843 -27.304433823 -0.025578173 0.998771310 -0.042447135 -3.793679476 0.605750084 0.049262986 0.794128358 57.897571564
0.790943563 -0.006177945 -0.611857772 -27.945840836 -0.025226254 0.998769641 -0.042694375 -3.851671219 0.611368895 0.049203731 0.789814711 58.696456909
0.786361694 -0.006278034 -0.617734492 -28.621473312 -0.024944212 0.998810112 -0.041904312 -3.908179045 0.617262661 0.048360847 0.785269499 59.545459747
0.781970561 -0.005424951 -0.623291790 -29.304853439 -0.025725210 0.998829186 -0.040967900 -3.966698647 0.622784376 0.048069999 0.780915499 60.359710693
0.776441574 -0.007045290 -0.630149901 -30.005067825 -0.024974661 0.998807907 -0.041939635 -4.027678967 0.629694223 0.048301451 0.775340021 61.218860626
0.771063924 -0.008520171 -0.636700749 -30.705181122 -0.024467150 0.998775542 -0.042995829 -4.082514286 0.636287451 0.048730783 0.769911349 62.057441711
0.765267193 -0.010133203 -0.643632889 -31.397760391 -0.023192158 0.998792887 -0.043299798 -4.149738789 0.643294692 0.048063148 0.764108539 62.896602631
0.759689331 -0.011747112 -0.650180042 -32.123214722 -0.023040308 0.998722792 -0.044965360 -4.202468872 0.649877906 0.049140055 0.758448422 63.727817535
0.753955126 -0.013063429 -0.656796038 -32.840660095 -0.022072915 0.998733938 -0.045202576 -4.274059296 0.656554997 0.048578121 0.752712190 64.536567688
0.747539163 -0.014531557 -0.664058745 -33.574153900 -0.020778775 0.998759806 -0.045246717 -4.334063053 0.663892686 0.047622014 0.746309936 65.365806580
0.741116464 -0.014304772 -0.671224058 -34.323696136 -0.020054216 0.998855174 -0.043429464 -4.394935608 0.671077013 0.045647163 0.739981115 66.189392090
0.734659731 -0.014620427 -0.678278267 -35.084510803 -0.019582406 0.998894274 -0.042741541 -4.452956200 0.678153217 0.044682816 0.733561039 67.011985779
0.728239596 -0.016556956 -0.685122490 -35.858081818 -0.017913049 0.998906791 -0.043180373 -4.520630360 0.685088336 0.043718297 0.727146924 67.818382263
0.721653581 -0.018561494 -0.692005396 -36.638267517 -0.017335368 0.998842418 -0.044869788 -4.578016758 0.692037106 0.044376619 0.720496535 68.631179810
0.715632677 -0.018054770 -0.698243320 -37.438491821 -0.018481119 0.998826385 -0.044768456 -4.633727074 0.698232174 0.044942088 0.714459121 69.432273865
0.710354149 -0.017620575 -0.703623831 -38.248786926 -0.018472919 0.998875439 -0.043664064 -4.694014072 0.703602016 0.044014931 0.709229767 70.238349915
0.705541313 -0.016689116 -0.708472252 -39.077255249 -0.020181194 0.998844028 -0.043626964 -4.760640144 0.708381414 0.045078442 0.704388916 71.035560608
0.701221287 -0.017469065 -0.712729633 -39.903026581 -0.020212103 0.998810947 -0.044366676 -4.826716900 0.712657154 0.045516625 0.700034320 71.823844910
0.695845425 -0.019621687 -0.717923343 -40.732288361 -0.020753080 0.998659968 -0.047409408 -4.885789871 0.717891634 0.047888741 0.694505751 72.620605469
0.691149652 -0.022069298 -0.722374618 -41.607906342 -0.020210858 0.998552501 -0.049844068 -4.945520878 0.722428918 0.049049519 0.689703286 73.428215027
0.685819507 -0.022897772 -0.727411330 -42.448181152 -0.020359797 0.998510122 -0.050627206 -5.009918213 0.727486789 0.049531076 0.684331536 74.218406677
0.680598378 -0.022152390 -0.732321739 -43.295677185 -0.020133667 0.998599827 -0.048918825 -5.080874920 0.732380033 0.048038390 0.679199398 75.008285522
0.675812125 -0.022492759 -0.736730695 -44.172218323 -0.019443832 0.998642385 -0.048325129 -5.144430637 0.736817539 0.046983574 0.674457312 75.795440674
0.669768333 -0.023804314 -0.742188454 -45.033203125 -0.018434161 0.998645127 -0.048665106 -5.213978767 0.742341280 0.046275973 0.668421984 76.594955444
0.665604353 -0.025029195 -0.745884955 -45.912654877 -0.017492758 0.998639643 -0.049120713 -5.278213024 0.746099710 0.045742553 0.664261103 77.360527039
0.660687327 -0.025359157 -0.750232816 -46.801815033 -0.016990770 0.998667955 -0.048719503 -5.348800659 0.750468850 0.044935390 0.659376502 78.141448975
0.656491578 -0.025913890 -0.753888011 -47.695678711 -0.015761280 0.998720288 -0.048054706 -5.422993183 0.754168630 0.043429751 0.655243039 78.920944214
0.652442932 -0.029081363 -0.757279754 -48.586826324 -0.013343265 0.998667717 -0.049847286 -5.488196373 0.757720470 0.042627089 0.651185513 79.683090210
0.648341060 -0.033311985 -0.760620952 -49.496219635 -0.010522830 0.998554826 -0.052701980 -5.561089039 0.761277318 0.042172741 0.647053540 80.447914124
0.643286705 -0.037899867 -0.764686644 -50.427284241 -0.006729776 0.998455524 -0.055147424 -5.620894432 0.765595675 0.040621780 0.642038167 81.232872009
0.635880947 -0.041243650 -0.770684361 -51.349399567 -0.001915974 0.998483658 -0.055015314 -5.696123600 0.771784663 0.036459804 0.634837747 82.013542175
0.628266454 -0.045183819 -0.776684999 -52.271839142 0.003093570 0.998449326 -0.055582598 -5.775210381 0.777992010 0.032517951 0.627432048 82.744132996
0.619432688 -0.045670249 -0.783720195 -53.225860596 0.005722157 0.998542547 -0.053666089 -5.858369350 0.785028934 0.028757960 0.618791282 83.488021851
0.610524476 -0.044529941 -0.790744543 -54.181941986 0.006370635 0.998661935 -0.051319901 -5.929818630 0.791971803 0.026294509 0.609991252 84.217254639
0.602041185 -0.044627253 -0.797216892 -55.160907745 0.005767462 0.998653889 -0.051547993 -6.000689983 0.798444092 0.026436102 0.601488233 84.937728882
0.591912031 -0.046357781 -0.804668248 -56.143039703 0.005220335 0.998544216 -0.053687099 -6.072610378 0.805985689 0.027577406 0.591292322 85.666801453
0.582245350 -0.048181619 -0.811584055 -57.163211823 0.005618696 0.998457015 -0.055244811 -6.153554916 0.812993646 0.027605994 0.581617713 86.377426147
0.572578728 -0.050213911 -0.818310499 -58.190994263 0.005947787 0.998350680 -0.057099987 -6.223540783 0.819828093 0.027827103 0.571933091 87.089279175
0.562127531 -0.050575390 -0.825502634 -59.218704224 0.009264836 0.998450935 -0.054862358 -6.315219879 0.826998651 0.023191500 0.561725378 87.806625366
0.551150858 -0.050867289 -0.832853675 -60.258464813 0.010237350 0.998477280 -0.054208208 -6.390423298 0.834342837 0.021350682 0.550832272 88.509292603
0.541754723 -0.051336054 -0.838967443 -61.312622070 0.010531265 0.998469412 -0.054295450 -6.473051548 0.840470672 0.020579427 0.541466057 89.167564392
0.530334175 -0.052602518 -0.846155167 -62.389217377 0.010230523 0.998397648 -0.055654850 -6.553112984 0.847726941 0.020859061 0.530022621 89.852195740
0.520793736 -0.053587068 -0.851999044 -63.483493805 0.008969266 0.998316288 -0.057307232 -6.625137329 0.853635430 0.022203438 0.520397484 90.495170593
0.510821819 -0.054550923 -0.857954144 -64.563133240 0.008542693 0.998257577 -0.058385495 -6.713249207 0.859644234 0.022495341 0.510397673 91.134223938
0.501322806 -0.054798003 -0.863523424 -65.657096863 0.007559423 0.998231888 -0.058957752 -6.794604778 0.865227401 0.023029123 0.500850558 91.761093140
0.492986619 -0.052187365 -0.868470311 -66.767486572 0.005920840 0.998377442 -0.056632683 -6.888197422 0.870016754 0.022777079 0.492495745 92.373191833
0.484897226 -0.050554600 -0.873108745 -67.881408691 0.006424474 0.998506784 -0.054247431 -6.972134113 0.874547601 0.020695165 0.484497994 92.990913391
0.477297574 -0.050821431 -0.877270937 -68.990242004 0.006218528 0.998496592 -0.054460879 -7.056044102 0.878719747 0.020538706 0.476895988 93.589698792
0.469617665 -0.053834293 -0.881227076 -70.094871521 0.007970431 0.998356998 -0.056742229 -7.134201527 0.882833958 0.019623393 0.469275117 94.180625916
0.462702185 -0.057328854 -0.884658158 -71.227096558 0.010646257 0.998194218 -0.059118070 -7.219307899 0.886449873 0.017935762 0.462476939 94.768760681
0.456573516 -0.060159612 -0.887649417 -72.359573364 0.011660200 0.998030126 -0.061642990 -7.313263416 0.889609277 0.017794389 0.456375539 95.348609924
0.451014131 -0.063535042 -0.890252531 -73.504753113 0.013788550 0.997839928 -0.064227805 -7.413012028 0.892410278 0.016692355 0.450915962 95.928855896
0.446016729 -0.064576671 -0.892691970 -74.646697998 0.016992269 0.997825027 -0.063692033 -7.512355328 0.894863307 0.013238850 0.446143925 96.503868103
0.442121744 -0.062241297 -0.894792914 -75.795394897 0.018645745 0.998011649 -0.060208175 -7.605509281 0.896761239 0.009935264 0.442403197 97.065521240
0.438035578 -0.060398642 -0.896926343 -76.937934875 0.021986857 0.998161674 -0.056477975 -7.702285767 0.898688734 0.005018771 0.438558280 97.626014709
0.435042471 -0.059483867 -0.898442924 -78.060081482 0.022342645 0.998221278 -0.055271260 -7.786911488 0.900132596 0.003971758 0.435597748 98.164062500
0.432455897 -0.059578758 -0.899684548 -79.187820435 0.024079952 0.998221755 -0.054529440 -7.870673656 0.901333451 0.001917219 0.433121502 98.700317383
0.430589080 -0.057822675 -0.900693953 -80.309410095 0.024873694 0.998326778 -0.052199300 -7.968841076 0.902205169 0.000072865 0.431306928 99.218414307
0.428487301 -0.056633841 -0.901771128 -81.443572998 0.026463540 0.998392165 -0.050127458 -8.054265022 0.903160095 -0.002385083 0.429297119 99.743598938
0.425772071 -0.057818733 -0.902981222 -82.582328796 0.029585812 0.998312235 -0.049972624 -8.132746696 0.904346585 -0.005438491 0.426764041 100.288238525
0.424015790 -0.058101520 -0.903789103 -83.661880493 0.030667273 0.998288810 -0.049788922 -8.209652901 0.905135453 -0.006605459 0.425072044 100.799758911
0.421806633 -0.057327524 -0.904871643 -84.762908936 0.034111757 0.998295963 -0.047345135 -8.285375595 0.906043947 -0.010896269 0.423043370 101.320777893
0.419572562 -0.056889251 -0.905937374 -85.853576660 0.035985135 0.998292029 -0.046022732 -8.362550735 0.907008231 -0.013290394 0.420903116 101.827590942
0.417800903 -0.059155803 -0.906610787 -86.953979492 0.038712859 0.998130918 -0.047287062 -8.427391052 0.907713532 -0.015340919 0.419310033 102.337127686
0.416733235 -0.059103079 -0.907105446 -88.009040833 0.039644442 0.998116434 -0.046819903 -8.522928238 0.908163905 -0.016450275 0.418291360 102.823593140
0.415803671 -0.059969559 -0.907475054 -89.067832947 0.039481580 0.998073161 -0.047866248 -8.601670265 0.908596933 -0.015925581 0.417370170 103.312026978
0.416605324 -0.060630888 -0.907063365 -90.118873596 0.038563158 0.998054028 -0.049001299 -8.676949501 0.908269107 -0.014565025 0.418132722 103.791130066
0.419099182 -0.060739554 -0.905906498 -91.160728455 0.036234897 0.998083830 -0.050156564 -8.751551628 0.907217145 -0.011804854 0.420496941 104.265563965
0.424174577 -0.060611881 -0.903549671 -92.194145203 0.034136724 0.998118639 -0.050930146 -8.830669403 0.904936790 -0.009240955 0.425445586 104.735542297
0.428887010 -0.060931150 -0.901300907 -93.229888916 0.032418665 0.998118162 -0.052049808 -8.911435127 0.902776182 -0.006895487 0.430055231 105.219612122
0.434985906 -0.061032504 -0.898366451 -94.253646851 0.032213695 0.998116374 -0.052211475 -8.988986015 0.899860859 -0.006228452 0.436132550 105.710411072
0.441891551 -0.060057253 -0.895055830 -95.256996155 0.030981060 0.998182952 -0.051681530 -9.060420990 0.896533310 -0.004892150 0.442949265 106.204109192
0.450367779 -0.058016401 -0.890956223 -96.257934570 0.029470136 0.998308897 -0.050110076 -9.139142990 0.892356634 -0.003688643 0.451315880 106.694114685
0.458895206 -0.057923354 -0.886600316 -97.242233276 0.029549887 0.998315632 -0.049927220 -9.215187073 0.887998879 -0.003287575 0.459833890 107.201354980
0.468542010 -0.057537265 -0.881565690 -98.226158142 0.028253518 0.998342335 -0.050142530 -9.281162262 0.882989347 -0.001413445 0.469390988 107.714759827
0.478067219 -0.058092222 -0.876400113 -99.198005676 0.027486304 0.998311102 -0.051179606 -9.359779358 0.877893031 0.000378296 0.478856534 108.245811462
0.487706691 -0.060349837 -0.870919049 -100.159721375 0.026733223 0.998172343 -0.054197423 -9.426952362 0.872598171 0.003149971 0.488428593 108.790130615
0.499602079 -0.061277632 -0.864085019 -101.116096497 0.024601875 0.998096228 -0.056556743 -9.497729301 0.865905583 0.006997755 0.500158489 109.329811096
0.511962831 -0.059027601 -0.856977105 -102.056198120 0.022400999 0.998214543 -0.055373378 -9.578683853 0.858715475 0.009151965 0.512370944 109.886665344
0.524967432 -0.057220891 -0.849196672 -102.977157593 0.021653496 0.998312593 -0.053882636 -9.646987915 0.850846827 0.009898551 0.525320590 110.443176270
0.537316442 -0.054197069 -0.841637433 -103.910812378 0.020148171 0.998473167 -0.051433519 -9.728286743 0.843140006 0.010678620 0.537587941 111.030509949
0.549592018 -0.053992666 -0.833686590 -104.826339722 0.020748511 0.998483777 -0.050987482 -9.796838760 0.835175514 0.010724558 0.549878836 111.617774963
0.560751200 -0.053157333 -0.826276124 -105.717254639 0.019967470 0.998515010 -0.050687172 -9.881201744 0.827743471 0.011924254 0.560979903 112.224845886
0.572085917 -0.054990143 -0.818348169 -106.574813843 0.020610044 0.998398662 -0.052680962 -9.945782661 0.819934607 0.013271848 0.572303236 112.815010071
0.582747519 -0.056437269 -0.810691178 -107.421714783 0.023218904 0.998334587 -0.052809898 -10.024256706 0.812321484 0.011951474 0.583087385 113.426902771
0.593864620 -0.056450754 -0.802582145 -108.280540466 0.023250235 0.998323023 -0.053014632 -10.095082283 0.804228961 0.012823291 0.594181240 114.053588867
0.604416847 -0.053631026 -0.794860899 -109.113960266 0.021740727 0.998470306 -0.050837219 -10.167531013 0.796371520 0.013446016 0.604658186 114.678581238
0.614373446 -0.050942376 -0.787369072 -109.922798157 0.021557754 0.998624802 -0.047789283 -10.230358124 0.788720846 0.012386557 0.614626706 115.310478210
0.624455512 -0.049873173 -0.779466450 -110.721870422 0.020851877 0.998668075 -0.047193408 -10.294500351 0.780782044 0.013216842 0.624663711 115.942771912
0.634286106 -0.049628094 -0.771503806 -111.503913879 0.020196568 0.998660564 -0.047635816 -10.371815681 0.772834420 0.014633011 0.634438932 116.583038330
0.643904507 -0.049104698 -0.763528526 -112.267814636 0.018455822 0.998644769 -0.048661407 -10.435141563 0.764883220 0.017241756 0.643938243 117.218040466
0.653030694 -0.048831228 -0.755755603 -113.027366638 0.018325329 0.998645723 -0.048690483 -10.495738029 0.757109642 0.017946914 0.653041303 117.866500854
0.661680341 -0.046268709 -0.748357058 -113.756820679 0.017736493 0.998780727 -0.046069466 -10.565350533 0.749576151 0.017210033 0.661694348 118.533424377
0.670846939 -0.045783360 -0.740181267 -114.471488953 0.019181980 0.998829782 -0.044396713 -10.615278244 0.741347730 0.015585258 0.670940101 119.165328979
0.678662002 -0.045270104 -0.733054280 -115.178489685 0.019535093 0.998858094 -0.043599352 -10.674966812 0.734190881 0.015268942 0.678771317 119.827041626
0.686530650 -0.044028740 -0.725766718 -115.871978760 0.018019488 0.998888612 -0.043552402 -10.732597351 0.726877630 0.016822116 0.686560988 120.474639893
0.693965495 -0.043235790 -0.718708992 -116.552742004 0.017401265 0.998911023 -0.043289892 -10.784162521 0.719797969 0.017535241 0.693962097 121.136856079
0.700999200 -0.040700380 -0.711999714 -117.226005554 0.016871404 0.999037266 -0.040497705 -10.836687088 0.712962389 0.016376428 0.701010942 121.800598145
0.708418012 -0.037567101 -0.704792619 -117.887954712 0.015530017 0.999170363 -0.037648220 -10.891646385 0.705622256 0.015725235 0.708413780 122.459442139
0.715958476 -0.036442392 -0.697191119 -118.523101807 0.014841900 0.999205470 -0.036987361 -10.939225197 0.697985113 0.016133770 0.715930521 123.115509033
0.723295867 -0.035641406 -0.689617813 -119.154266357 0.014178637 0.999223173 -0.036771622 -10.986626625 0.690392733 0.016818922 0.723239303 123.782646179
0.731400728 -0.032495793 -0.681173205 -119.767654419 0.011484626 0.999309301 -0.035341203 -11.035623550 0.681851208 0.018025562 0.731268764 124.427787781
0.740339875 -0.029953426 -0.671565115 -120.366287231 0.010831133 0.999408603 -0.032635693 -11.077237129 0.672145545 0.016887689 0.740226507 125.088378906
0.749857903 -0.025654906 -0.661101282 -120.955993652 0.008649893 0.999542654 -0.028977375 -11.129129410 0.661542237 0.016010463 0.749736905 125.745323181
0.759854853 -0.023789763 -0.649657309 -121.515640259 0.006937806 0.999570012 -0.028488567 -11.164067268 0.650055766 0.017139979 0.759693205 126.398155212
0.770001292 -0.022666058 -0.637639523 -122.072372437 0.005334419 0.999562502 -0.029089529 -11.210061073 0.638019919 0.018997537 0.769785404 127.056312561
0.779734850 -0.023812778 -0.625656903 -122.609596252 0.005626122 0.999502599 -0.031029869 -11.247838974 0.626084626 0.020675048 0.779480994 127.725257874
0.789640605 -0.022760667 -0.613147318 -123.135200500 0.005223779 0.999524891 -0.030375965 -11.287138939 0.613547385 0.020783147 0.789384365 128.405410767
0.799764931 -0.021449262 -0.599930108 -123.650886536 0.005072343 0.999567270 -0.028975541 -11.321281433 0.600292087 0.020130567 0.799527526 129.096023560
0.809751987 -0.018969392 -0.586465538 -124.146667480 0.004528149 0.999649644 -0.026081784 -11.358157158 0.586754799 0.018464174 0.809554160 129.782638550
0.819456398 -0.017275784 -0.572881103 -124.650131226 0.004538183 0.999709904 -0.023655746 -11.392838478 0.573123574 0.016785013 0.819296956 130.485748291
0.828335524 -0.016081944 -0.560001433 -125.124267578 0.005342447 0.999769211 -0.020808686 -11.428668976 0.560206831 0.014244795 0.828230202 131.207916260
0.836861670 -0.015037079 -0.547207892 -125.610702515 0.005685389 0.999807417 -0.018779522 -11.456905365 0.547384977 0.012604771 0.836786091 131.918395996
0.843928933 -0.015835237 -0.536221147 -126.049263000 0.007788599 0.999820530 -0.017267818 -11.482962608 0.536398411 0.010396400 0.843900800 132.629165649
0.850491405 -0.015018585 -0.525774479 -126.487014771 0.007217317 0.999831319 -0.016885158 -11.517956734 0.525939405 0.010566001 0.850456417 133.345504761
0.857035756 -0.014333888 -0.515057504 -126.920173645 0.006357862 0.999830961 -0.017245743 -11.537489891 0.515217721 0.011505554 0.856982172 134.070404053
0.863672912 -0.012505285 -0.503897488 -127.356651306 0.004924432 0.999853730 -0.016373094 -11.562623024 0.504028618 0.011659587 0.863608301 134.818893433
0.869872868 -0.011260080 -0.493147373 -127.785316467 0.004132812 0.999870658 -0.015540192 -11.592265129 0.493258685 0.011479903 0.869806886 135.577117920
0.875787795 -0.011927472 -0.482548773 -128.199539185 0.004955652 0.999864161 -0.015720174 -11.614344597 0.482670754 0.011376195 0.875728011 136.326049805
0.880660176 -0.013513007 -0.473555565 -128.600814819 0.006262133 0.999837816 -0.016885042 -11.636566162 0.473706990 0.011904515 0.880602062 137.086135864
0.885273516 -0.013331751 -0.464879483 -129.011795044 0.005953616 0.999831975 -0.017335529 -11.657593727 0.465032458 0.012578973 0.885204256 137.855316162
0.888870597 -0.012799000 -0.457979500 -129.413543701 0.005757048 0.999842823 -0.016768694 -11.676939964 0.458122104 0.012268591 0.888804615 138.628555298
0.891913772 -0.011189824 -0.452067018 -129.815338135 0.005708177 0.999892831 -0.013487873 -11.698903084 0.452169389 0.009449543 0.891882002 139.423065186
0.894990385 -0.007143115 -0.446028262 -130.219970703 0.003371551 0.999951541 -0.009248886 -11.716927528 0.446072668 0.006773856 0.894971073 140.229919434
0.898309708 -0.004091951 -0.439343780 -130.620651245 0.001434480 0.999978602 -0.006380551 -11.737374306 0.439360440 0.005101480 0.898296356 141.050994873
0.901589692 -0.001622222 -0.432589203 -131.021789551 -0.000262772 0.999990702 -0.004297656 -11.752985001 0.432592183 0.003988395 0.901580811 141.863784790
0.904767752 0.000320072 -0.425905019 -131.417800903 -0.001307642 0.999997079 -0.002026370 -11.765058517 0.425903171 0.002390325 0.904765606 142.697219849
0.908218443 0.001562153 -0.418493599 -131.822082520 -0.001413942 0.999998748 0.000664246 -11.772794724 0.418494105 -0.000011555 0.908219516 143.549560547
0.911659777 0.001651447 -0.410942674 -132.207641602 -0.000713790 0.999996722 0.002435152 -11.781735420 0.410945386 -0.001926703 0.911657870 144.406280518
0.915160775 0.001002209 -0.403087795 -132.611999512 0.000446568 0.999993742 0.003500191 -11.780382156 0.403088778 -0.003383244 0.915154636 145.315109253
0.918901682 -0.000141679 -0.394486487 -133.004745483 0.001538954 0.999993682 0.003225634 -11.781619072 0.394483477 -0.003571138 0.918896079 146.218536377
0.922561884 -0.002996114 -0.385837406 -133.383010864 0.004377077 0.999986768 0.002700748 -11.786157608 0.385824203 -0.004180446 0.922562838 147.139358521
0.926527798 -0.004360810 -0.376201153 -133.758728027 0.005179161 0.999985933 0.001163972 -11.790317535 0.376190782 -0.003026859 0.926537275 148.070831299
0.931055486 -0.004496385 -0.364849925 -134.126007080 0.004641322 0.999989033 -0.000479673 -11.812058449 0.364848107 -0.001246784 0.931066215 149.016708374
0.936315894 -0.002488654 -0.351149946 -134.496093750 0.002140167 0.999996722 -0.001380529 -11.816551208 0.351152271 0.000541092 0.936318219 149.985336304
0.942111373 0.001351739 -0.335297316 -134.842803955 -0.001435538 0.999998987 -0.000002085 -11.827989578 0.335296959 0.000483296 0.942112386 150.953430176
0.948560834 0.004481465 -0.316563129 -135.185150146 -0.003823827 0.999989092 0.002698621 -11.832632065 0.316571742 -0.001349324 0.948567688 151.956146240
0.955003440 0.007701635 -0.296494693 -135.518692017 -0.006801687 0.999968588 0.004066712 -11.836658478 0.296516687 -0.001867060 0.955025792 152.987319946
0.961279213 0.009027112 -0.275428653 -135.815765381 -0.008021307 0.999956489 0.004778023 -11.841119766 0.275459796 -0.002383716 0.961309671 154.021057129
0.967228651 0.010630475 -0.253684044 -136.104354858 -0.009327470 0.999936402 0.006338606 -11.847899437 0.253735244 -0.003764652 0.967266321 155.076248169
0.972624183 0.011375346 -0.232105240 -136.362976074 -0.009606093 0.999915540 0.008751492 -11.845335007 0.232185200 -0.006282288 0.972651243 156.155410767
0.977623761 0.014121627 -0.209886685 -136.586654663 -0.011803688 0.999854803 0.012292411 -11.861452103 0.210029796 -0.009539914 0.977648437 157.214736938
0.982124984 0.016692365 -0.187488630 -136.816009521 -0.013885452 0.999771059 0.016274570 -11.849908829 0.187717363 -0.013380298 0.982131898 158.324020386
0.986171901 0.018520134 -0.164687321 -137.017196655 -0.015462366 0.999683797 0.019829866 -11.846654892 0.165002495 -0.017009201 0.986146450 159.452133179
0.989562333 0.020268245 -0.142673209 -137.176864624 -0.017676260 0.999655306 0.019411482 -11.835532188 0.143017471 -0.016686942 0.989579499 160.600433350
0.992469788 0.019473730 -0.120931968 -137.322631836 -0.017520007 0.999698639 0.017197931 -11.822966576 0.121230423 -0.014949701 0.992511868 161.760070801
0.994812608 0.020174950 -0.099702917 -137.450027466 -0.018592801 0.999686420 0.016772525 -11.814890862 0.100010045 -0.014831765 0.994875848 162.930282593
0.996672273 0.018096974 -0.079478502 -137.541290283 -0.016754737 0.999706089 0.017522607 -11.796807289 0.079772249 -0.016132656 0.996682584 164.126037598
0.998062313 0.019658033 -0.059034463 -137.622619629 -0.018517340 0.999632299 0.019807797 -11.793096542 0.059402145 -0.018676259 0.998059392 165.337905884
0.999034941 0.020378442 -0.038907941 -137.673156738 -0.019584199 0.999594152 0.020686595 -11.782076836 0.039313719 -0.019904653 0.999028683 166.557952881
0.999596238 0.021500414 -0.018576527 -137.703079224 -0.021104956 0.999551892 0.021227933 -11.780849457 0.019024612 -0.020827305 0.999602079 167.760147095
0.999746382 0.022373222 0.002568519 -137.725784302 -0.022423973 0.999510705 0.021806762 -11.765242577 -0.002079375 -0.021858832 0.999758899 168.991226196
0.999429405 0.025133006 0.022563744 -137.686264038 -0.025616774 0.999442518 0.021413390 -11.749037743 -0.022012981 -0.021979183 0.999516129 170.255920410
0.998708844 0.026310368 0.043456081 -137.663452148 -0.027186323 0.999436438 0.019690819 -11.740462303 -0.042913526 -0.020846806 0.998861253 171.499557495
0.997687459 0.026125167 0.062747404 -137.589141846 -0.027265908 0.999476910 0.017392831 -11.734375000 -0.062260199 -0.019063478 0.997877896 172.796432495
0.996298671 0.028072866 0.081245996 -137.484558105 -0.029340828 0.999464929 0.014454652 -11.718333244 -0.080796741 -0.016784975 0.996589243 174.086639404
0.994495451 0.028527286 0.100820720 -137.369522095 -0.029932195 0.999474347 0.012449260 -11.712708473 -0.100412577 -0.015398519 0.994826674 175.389495850
0.992445588 0.028195944 0.119401060 -137.213500977 -0.029518113 0.999520779 0.009318915 -11.715168953 -0.119081073 -0.012773007 0.992802322 176.698776245
0.990008354 0.029476624 0.137892947 -137.040466309 -0.030290073 0.999533892 0.003803959 -11.713711739 -0.137716502 -0.007942738 0.990439832 178.021728516
0.987305462 0.031035624 0.155771315 -136.844055176 -0.030962134 0.999516487 -0.002898653 -11.726388931 -0.155785963 -0.001961157 0.987788916 179.343612671
0.984309137 0.033408139 0.173260897 -136.623733521 -0.032521266 0.999439359 -0.007955782 -11.747684479 -0.173429549 0.002196286 0.984843791 180.663589478
0.980966568 0.035999462 0.190810293 -136.380294800 -0.034314029 0.999337494 -0.012130885 -11.773988724 -0.191120610 0.005352524 0.981551945 182.003021240
0.977296710 0.038088329 0.208423689 -136.104232788 -0.035776723 0.999249458 -0.014850854 -11.804957390 -0.208832905 0.007056973 0.977925897 183.346725464
0.973438740 0.037132241 0.225916013 -135.805496216 -0.034653250 0.999287844 -0.014930231 -11.841338158 -0.226309523 0.006704943 0.974032283 184.709808350
0.969429314 0.036781512 0.242598370 -135.474060059 -0.034041453 0.999300599 -0.015478264 -11.876791000 -0.242998019 0.006746681 0.970003426 186.060302734
0.964979053 0.036760654 0.259738445 -135.123855591 -0.032550484 0.999260068 -0.020493360 -11.924876213 -0.260299593 0.011321050 0.965461552 187.403656006
0.960489869 0.037916031 0.275720000 -134.738143921 -0.032262195 0.999166369 -0.025014175 -11.966596603 -0.276438564 0.015130530 0.960912466 188.761886597
0.955515563 0.040114965 0.292199820 -134.325210571 -0.034281071 0.999098003 -0.025060523 -12.013591766 -0.292941600 0.013928798 0.956028819 190.132400513
0.949904501 0.042438313 0.309645712 -133.890701294 -0.036108077 0.999005675 -0.026148908 -12.061551094 -0.310447603 0.013658253 0.950492382 191.513198853
0.943850696 0.045674838 0.327199578 -133.439529419 -0.038234748 0.998843789 -0.029138593 -12.113807678 -0.328152180 0.014992089 0.944505811 192.888824463
0.937625885 0.046332590 0.344544679 -132.958267212 -0.037207603 0.998760700 -0.033053387 -12.177757263 -0.345649093 0.018172031 0.938187897 194.256439209
0.931200087 0.047223344 0.361436516 -132.443496704 -0.036833078 0.998687565 -0.035586901 -12.243756294 -0.362642765 0.019825708 0.931717336 195.631958008
0.924340546 0.047920380 0.378547370 -131.899658203 -0.035071280 0.998552859 -0.040769603 -12.316652298 -0.379953295 0.024408864 0.924683511 196.996551514
0.916126847 0.051119652 0.397615850 -131.341171265 -0.035373203 0.998275757 -0.046842113 -12.393399239 -0.399324805 0.028848367 0.916355550 198.351867676
0.906575084 0.054712471 0.418483168 -130.732360840 -0.037011661 0.998047888 -0.050305072 -12.478830338 -0.420418531 0.030116562 0.906830311 199.714889526
0.895097435 0.057849735 0.442101777 -130.109817505 -0.038951062 0.997901976 -0.051715188 -12.573044777 -0.444166005 0.029069798 0.895472765 201.045242310
