1.000000000 0.000000000 0.000000000 0.000000000 0.000000000 1.000000000 0.000000000 0.000000000 0.000000000 0.000000000 1.000000000 0.000000000
0.999979377 0.000359167 -0.006415041 -0.008590888 -0.000356737 0.999999881 0.000379984 -0.001540187 0.006415177 -0.000377687 0.999979377 0.091163941
0.999907136 0.000914459 -0.013598567 -0.015774997 -0.000912841 0.999999583 0.000125205 -0.001333700 0.013598675 -0.000112781 0.999907553 0.187603340
0.999772906 0.001379105 -0.021264700 -0.026123829 -0.001391929 0.999998868 -0.000588307 -0.001890947 0.021263866 0.000617772 0.999773681 0.285552233
0.999542356 0.001751779 -0.030199740 -0.043211918 -0.001812213 0.999996424 -0.001973887 -0.002169036 0.030196175 0.002027712 0.999541938 0.389347702
0.999127150 0.001972473 -0.041726314 -0.059607290 -0.002116744 0.999991953 -0.003413664 -0.005326044 0.041719243 0.003499008 0.999123275 0.501640081
0.998463988 0.001526432 -0.055383731 -0.079307064 -0.001744026 0.999990940 -0.003880725 -0.010753767 0.055377308 0.003971355 0.998457611 0.625092328
0.997425795 0.001795170 -0.071683936 -0.108264074 -0.002120948 0.999987781 -0.004468778 -0.004050279 0.071675040 0.004609312 0.997417390 0.760311007
0.995903194 0.000343517 -0.090425305 -0.134905010 -0.000730366 0.999990702 -0.004245059 -0.008185810 0.090423010 0.004293711 0.995894194 0.916212618
0.993913114 -0.000660673 -0.110164993 -0.176691309 0.000177318 0.999990344 -0.004397295 -0.012145900 0.110166825 0.004350995 0.993903577 1.076645017
0.991237700 -0.001123123 -0.132085413 -0.227239937 0.000498135 0.999988496 -0.004764647 -0.014859640 0.132089242 0.004657101 0.991226912 1.238320351
0.987691820 0.002708893 -0.156388655 -0.268178493 -0.003725945 0.999973714 -0.006210575 -0.017205270 0.156367719 0.006716829 0.987676084 1.391370773
0.983318508 0.006873224 -0.181762248 -0.334725142 -0.008412779 0.999934971 -0.007700522 -0.022082280 0.181697473 0.009101192 0.983312368 1.564985871
0.977926075 0.009925408 -0.208715156 -0.406306207 -0.012031563 0.999888659 -0.008823877 -0.025470089 0.208604321 0.011140268 0.977936625 1.741857290
0.971218586 0.010294469 -0.237967283 -0.486783564 -0.012847767 0.999875307 -0.009181115 -0.025825342 0.237843081 0.011974219 0.971229792 1.931352019
0.963191569 0.012503757 -0.268525094 -0.577285111 -0.015384167 0.999844491 -0.008625216 -0.029982094 0.268375486 0.012438770 0.963234067 2.122978926
0.953663051 0.014148109 -0.300543755 -0.674018681 -0.017253766 0.999821723 -0.007681722 -0.031687509 0.300381482 0.012511287 0.953737080 2.316726923
0.942418814 0.016180901 -0.334043413 -0.768584967 -0.019473540 0.999789178 -0.006510347 -0.034594800 0.333867639 0.012640479 0.942535222 2.494909525
0.929940820 0.018878832 -0.367224306 -0.855909765 -0.022551043 0.999729395 -0.005711529 -0.043433886 0.367017090 0.013592673 0.930114925 2.645950794
0.916016340 0.022305857 -0.400520444 -0.956568003 -0.026471581 0.999637723 -0.004870225 -0.049217507 0.400266677 0.015063613 0.916274905 2.799614191
0.899949491 0.022743693 -0.435400546 -1.075801969 -0.027281052 0.999619067 -0.004172107 -0.048378747 0.435139835 0.015632870 0.900227129 2.978263617
0.881422281 0.018015040 -0.471985400 -1.204196095 -0.023039278 0.999722719 -0.004867285 -0.044853032 0.471766859 0.015164336 0.881592929 3.171172857
0.860342443 0.013447596 -0.509539068 -1.354830503 -0.018485913 0.999817491 -0.004826074 -0.054376096 0.509381115 0.013571370 0.860433996 3.362756491
0.835146844 0.014961902 -0.549823582 -1.514961958 -0.019025559 0.999817550 -0.001691382 -0.057172630 0.549697936 0.011873253 0.835279107 3.546191454
0.806123614 0.020455724 -0.591393411 -1.693362594 -0.023650344 0.999717593 0.002341661 -0.062994473 0.591274261 0.012098989 0.806379735 3.706571341
0.773596585 0.023770418 -0.633232474 -1.887035847 -0.027136788 0.999622166 0.004372030 -0.068307981 0.633097053 0.013801707 0.773949265 3.871432781
0.737483621 0.022344235 -0.674995303 -2.100503683 -0.025881998 0.999653399 0.004813281 -0.066652618 0.674868882 0.013920511 0.737806261 4.045479774
0.697766602 0.017898120 -0.716101468 -2.317961216 -0.019608824 0.999790430 0.005881829 -0.063530475 0.716056585 0.009937762 0.697971404 4.211608410
0.655182064 0.014010627 -0.755341113 -2.562192202 -0.014601216 0.999876082 0.005881368 -0.058203306 0.755329907 0.007175531 0.655305445 4.375858784
0.610565424 0.013344420 -0.791853428 -2.826117039 -0.011632106 0.999901235 0.007881436 -0.059159096 0.791880429 0.004398790 0.610660315 4.521966457
0.562145054 0.014250030 -0.826915920 -3.105952263 -0.009560997 0.999896586 0.010731312 -0.057979725 0.826983392 0.001873584 0.562223196 4.666592598
0.511482716 0.015872218 -0.859146893 -3.401262760 -0.008088157 0.999874055 0.013656878 -0.059327815 0.859255493 -0.000036342 0.511546671 4.790892124
0.458810568 0.017322665 -0.888365149 -3.717692137 -0.007432157 0.999849796 0.015658097 -0.053371206 0.888503015 -0.000581631 0.458870381 4.897552490
0.404477298 0.019123647 -0.914348006 -4.050691605 -0.006672687 0.999816537 0.017959449 -0.043467201 0.914523661 -0.001163029 0.404530704 4.989787579
0.348943144 0.021428673 -0.936898887 -4.409429550 -0.005717732 0.999768615 0.020737085 -0.042892214 0.937126458 -0.001879128 0.348984957 5.079169273
0.293650240 0.025369672 -0.955576181 -4.765835285 -0.003479112 0.999669611 0.025471170 -0.047107715 0.955906570 -0.004155058 0.293641478 5.147225857
0.238759592 0.026378099 -0.970720351 -5.124394894 0.001651039 0.999618590 0.027569463 -0.040202808 0.971077323 -0.008185170 0.238624945 5.217018127
0.189207345 0.027194599 -0.981560469 -5.518818378 0.003702619 0.999589622 0.028407823 -0.039853137 0.981930137 -0.009009314 0.189029053 5.239857197
0.140683547 0.027998028 -0.989658594 -5.933152676 0.001828660 0.999590993 0.028538970 -0.031224867 0.990052938 -0.005824712 0.140574828 5.273059845
0.098355919 0.027790243 -0.994763136 -6.362628460 -0.000149802 0.999610364 0.027910845 -0.016340256 0.995151401 -0.002596179 0.098321751 5.275411606
0.060529437 0.026573995 -0.997812569 -6.799372196 -0.001880511 0.999646842 0.026508763 -0.006252797 0.998164713 0.000271837 0.060558043 5.263854980
0.026044643 0.023666454 -0.999380589 -7.264873028 -0.001377581 0.999719560 0.023638582 0.003253468 0.999659836 0.000761070 0.026069947 5.251805782
-0.005343551 0.020921206 -0.999766886 -7.734615803 -0.000589041 0.999780893 0.020924646 0.006609722 0.999985576 0.000700717 -0.005330056 5.223320961
-0.032169502 0.019564416 -0.999290943 -8.217177391 -0.000176842 0.999808252 0.019580238 0.009506952 0.999482393 0.000806603 -0.032159876 5.194653034
-0.052612964 0.016852243 -0.998472810 -8.722249031 -0.000977011 0.999856234 0.016927077 0.021956312 0.998614550 0.001866103 -0.052588940 5.145098686
-0.068804771 0.015927479 -0.997502983 -9.240473747 -0.000354397 0.999872088 0.015989751 0.031682566 0.997630060 0.001453683 -0.068790324 5.095369816
-0.082137607 0.016519431 -0.996484101 -9.780535698 -0.000228312 0.999862254 0.016594248 0.038835544 0.996620953 0.001590521 -0.082122527 5.042912006
-0.091778561 0.017670343 -0.995622635 -10.331733704 -0.000147061 0.999842227 0.017758789 0.045171827 0.995779395 0.001776293 -0.091761492 4.983906746
-0.098543167 0.019186264 -0.994947851 -10.905340195 -0.002269607 0.999807179 0.019504758 0.042557631 0.995130181 0.004180201 -0.098480619 4.914620876
-0.102987148 0.020110212 -0.994479299 -11.488311768 -0.002720883 0.999786258 0.020499295 0.050269309 0.994678974 0.004817026 -0.102910399 4.851455212
-0.104362726 0.020600537 -0.994325876 -12.094426155 -0.000290970 0.999784827 0.020744175 0.064659812 0.994539201 0.002454238 -0.104334265 4.784430981
-0.103171021 0.022911932 -0.994399667 -12.712659836 0.001566146 0.999737084 0.022872422 0.071542807 0.994662464 0.000802396 -0.103179783 4.717996597
-0.101469845 0.025306759 -0.994516671 -13.344125748 0.000738570 0.999678075 0.025362739 0.078422152 0.994838357 0.001839034 -0.101455867 4.645807743
-0.099833980 0.025357317 -0.994680882 -14.003557205 -0.001394709 0.999670684 0.025624504 0.083702385 0.995003104 0.003945488 -0.099765711 4.575861454
-0.098330252 0.022856155 -0.994891346 -14.669854164 -0.002912816 0.999725342 0.023255099 0.094327994 0.995149493 0.005184616 -0.098236673 4.509312153
-0.096914627 0.022551237 -0.995037258 -15.350327492 -0.002969246 0.999732316 0.022946846 0.110535860 0.995288253 0.005178395 -0.096821718 4.438731194
-0.095139757 0.025409425 -0.995139599 -16.060068130 -0.003567159 0.999659061 0.025865858 0.118954651 0.995457530 0.006010693 -0.095016666 4.365895271
-0.093338951 0.029070430 -0.995209932 -16.780111313 -0.004777695 0.999549031 0.029645266 0.127918020 0.995622993 0.007521867 -0.093157955 4.294967175
-0.091591828 0.031069698 -0.995311856 -17.505846024 -0.004887902 0.999487042 0.031649835 0.139530748 0.995784640 0.007763852 -0.091392979 4.225487709
-0.089753345 0.030086096 -0.995509505 -18.240270615 -0.006405769 0.999505520 0.030784395 0.158004537 0.995943367 0.009140004 -0.089516230 4.154250622
-0.088076666 0.027202262 -0.995742142 -19.015726089 -0.009585152 0.999557614 0.028154336 0.170709491 0.996067584 0.012024081 -0.087776959 4.073363781
-0.086329184 0.026567889 -0.995912313 -19.791934967 -0.010276495 0.999567449 0.027556192 0.187905043 0.996213734 0.012613392 -0.086018816 3.996051311
-0.085023865 0.028641310 -0.995967209 -20.573585510 -0.007884582 0.999536097 0.029417036 0.205621079 0.996347725 0.010353934 -0.084758602 3.932025671
-0.083986402 0.030989470 -0.995984852 -21.370700836 -0.005626976 0.999485672 0.031572886 0.216444060 0.996451020 0.008256077 -0.083768830 3.866984129
-0.082355246 0.032829966 -0.996062100 -22.171693802 -0.005070850 0.999430537 0.033360247 0.230268613 0.996590197 0.007798274 -0.082141861 3.785634756
-0.081923477 0.028360661 -0.996235013 -22.967847824 -0.004401504 0.999574959 0.028817691 0.241131067 0.996629000 0.006745778 -0.081763826 3.724588156
-0.081654489 0.021418996 -0.996430516 -23.786792755 -0.003358025 0.999757469 0.021765696 0.245164171 0.996655047 0.005123304 -0.081562765 3.661173344
-0.081917264 0.016549544 -0.996501803 -24.603282928 -0.000011525 0.999862134 0.016606301 0.260608763 0.996639132 0.001371827 -0.081905782 3.596754551
-0.082634389 0.017453397 -0.996427119 -25.439226151 0.001104946 0.999847651 0.017421674 0.271522999 0.996579349 0.000338631 -0.082641080 3.532518148
-0.082321271 0.025072046 -0.996290445 -26.269290924 0.000761445 0.999684751 0.025094552 0.272947997 0.996605575 0.001307194 -0.082314409 3.449022293
-0.082971893 0.032155655 -0.996032894 -27.111711502 -0.000559699 0.999477625 0.032313485 0.283200979 0.996551752 0.003238589 -0.082910553 3.374471426
-0.083406210 0.037593950 -0.995806217 -27.956977844 -0.002404945 0.999277711 0.037926435 0.295526087 0.996512771 0.005558158 -0.083255537 3.298720598
-0.083667852 0.037798189 -0.995776534 -28.799346924 -0.004364752 0.999256849 0.038297035 0.308804184 0.996484160 0.007550549 -0.083440706 3.217124224
-0.083978526 0.034338389 -0.995875657 -29.631145477 -0.003954310 0.999386728 0.034792904 0.324073642 0.996459723 0.006859857 -0.083791249 3.143178463
-0.084256113 0.031578209 -0.995943606 -30.473567963 -0.004149134 0.999477983 0.032041285 0.341776580 0.996435523 0.006831978 -0.084081113 3.061843872
-0.084315784 0.032985505 -0.995892942 -31.326021194 -0.005525370 0.999421060 0.033570159 0.356865764 0.996423781 0.008333170 -0.084084712 2.975848436
-0.084172457 0.035074994 -0.995833635 -32.167888641 -0.006454648 0.999340057 0.035744075 0.369870603 0.996430337 0.009436423 -0.083890513 2.901493311
-0.084136963 0.033795856 -0.995880842 -32.998813629 -0.007671965 0.999373078 0.034562524 0.376398861 0.996424675 0.010548349 -0.083824940 2.823841095
-0.083710894 0.028597549 -0.996079683 -33.822299957 -0.008858304 0.999527276 0.029440982 0.387164176 0.996450722 0.011288107 -0.083417997 2.754916191
-0.083613254 0.024364678 -0.996200383 -34.657066345 -0.009667904 0.999634147 0.025260109 0.404666066 0.996451378 0.011743249 -0.083347112 2.670559883
-0.083013549 0.025165018 -0.996230662 -35.488052368 -0.009248975 0.999618590 0.026021294 0.410339206 0.996505499 0.011374231 -0.082749121 2.595160484
-0.082466573 0.027715970 -0.996208429 -36.317676544 -0.008001159 0.999562502 0.028471628 0.417070061 0.996561706 0.010318778 -0.082208738 2.524609089
-0.081905104 0.032644991 -0.996105313 -37.165855408 -0.007525789 0.999414623 0.033372261 0.429800957 0.996611714 0.010229836 -0.081611477 2.442622185
-0.081517696 0.038278908 -0.995936573 -37.987979889 -0.007251005 0.999213040 0.038998336 0.444306433 0.996645570 0.010400595 -0.081175976 2.385140181
-0.081541687 0.041163091 -0.995819509 -38.832172394 -0.007826389 0.999089539 0.041939113 0.463262737 0.996639132 0.011213456 -0.081145294 2.299948215
-0.081230491 0.041378677 -0.995836020 -39.664886475 -0.007256922 0.999086797 0.042105701 0.480636358 0.996668935 0.010646971 -0.080856033 2.228216171
-0.081170507 0.036650885 -0.996026099 -40.484249115 -0.007347017 0.999274492 0.037369158 0.503675878 0.996673107 0.010351093 -0.080842339 2.160649061
-0.080679394 0.032264546 -0.996217787 -41.316883087 -0.008118536 0.999421597 0.033025797 0.520465910 0.996706963 0.010752331 -0.080370784 2.079152346
-0.080380104 0.029904339 -0.996315598 -42.140251160 -0.012876135 0.999435306 0.031036783 0.526449084 0.996681154 0.015323434 -0.079949655 1.995312572
-0.080594018 0.027979877 -0.996354163 -42.958648682 -0.016241498 0.999436438 0.029380184 0.538497865 0.996614695 0.018550154 -0.080094159 1.916338086
-0.081756264 0.026351945 -0.996303916 -43.785797119 -0.013657955 0.999526858 0.027557960 0.541843712 0.996558785 0.015860507 -0.081357673 1.853610277
-0.082992114 0.022204682 -0.996302724 -44.615390778 -0.009946433 0.999683499 0.023108562 0.556832254 0.996500611 0.011827486 -0.082745001 1.787705302
-0.083472796 0.020769838 -0.996293545 -45.441589355 -0.005725123 0.999756217 0.021321692 0.565430045 0.996493638 0.007483682 -0.083333544 1.710819364
-0.085838251 0.023919452 -0.996021926 -46.266269684 -0.005331878 0.999686420 0.024466960 0.574066579 0.996294796 0.007410867 -0.085683808 1.639863610
-0.087401859 0.030554913 -0.995704472 -47.090465546 -0.002930407 0.999517262 0.030929143 0.576212883 0.996168852 0.005621083 -0.087270133 1.558377743
-0.088845514 0.034790020 -0.995437682 -47.889293671 -0.001006622 0.999386191 0.035017863 0.578907251 0.996044934 0.004113208 -0.088755958 1.481334329
-0.090113983 0.033972565 -0.995351851 -48.686519623 -0.001459303 0.999412477 0.034243278 0.588807225 0.995930374 0.004538318 -0.090011477 1.403540850
-0.091109715 0.029580032 -0.995401382 -49.482856750 -0.004744036 0.999534547 0.030137077 0.603438914 0.995829582 0.007468002 -0.090926975 1.321126699
-0.092094935 0.026093815 -0.995408237 -50.273273468 -0.009408634 0.999589205 0.027073892 0.610095680 0.995705843 0.011858802 -0.091811582 1.231309295
-0.093744554 0.024852173 -0.995286047 -51.066226959 -0.013701210 0.999561548 0.026249429 0.616748810 0.995501995 0.016097361 -0.093362942 1.145500898
-0.094416529 0.025996916 -0.995193243 -51.846290588 -0.015636217 0.999496877 0.027592786 0.621479273 0.995409906 0.018166270 -0.093962520 1.061499715
-0.095561095 0.027684234 -0.995038569 -52.634468079 -0.015647030 0.999447823 0.029309617 0.628899753 0.995300591 0.018370252 -0.095075153 0.982254088
-0.096371241 0.027112739 -0.994976103 -53.415058136 -0.017337153 0.999431551 0.028913388 0.636084080 0.995194376 0.020036474 -0.095846385 0.898321986
-0.097080410 0.026930481 -0.994912148 -54.195663452 -0.018290075 0.999416769 0.028837103 0.644273818 0.995108426 0.020996535 -0.096531212 0.816842496
-0.097443126 0.028687954 -0.994827569 -54.962730408 -0.016375329 0.999402940 0.030423857 0.653386116 0.995106399 0.019255219 -0.096915171 0.739429057
-0.097658589 0.031414866 -0.994724035 -55.731914520 -0.015947208 0.999323964 0.033125784 0.666123271 0.995092213 0.019098084 -0.097091585 0.662606478
-0.098002352 0.035758305 -0.994543552 -56.502819061 -0.015675584 0.999174833 0.037469484 0.675194442 0.995062709 0.019262148 -0.097360946 0.582169652
-0.098535649 0.037896741 -0.994411767 -57.262504578 -0.015795458 0.999089122 0.039640162 0.689663649 0.995008230 0.019613154 -0.097847313 0.504374444
-0.099305637 0.037891656 -0.994335234 -58.008609772 -0.015387207 0.999096751 0.039609838 0.699448347 0.994938016 0.019233523 -0.098632909 0.429252088
-0.099370718 0.035980206 -0.994399726 -58.747612000 -0.015035478 0.999177635 0.037655581 0.707786560 0.994936883 0.018693138 -0.098748013 0.352290690
-0.099242724 0.032125648 -0.994544506 -59.477565765 -0.014627400 0.999323547 0.033739641 0.725891113 0.994955778 0.017896013 -0.098705672 0.274445295
-0.099445254 0.029459069 -0.994606853 -60.193168640 -0.015094507 0.999401987 0.031110307 0.731968999 0.994928539 0.018106874 -0.098941132 0.201240256
-0.098341182 0.027199697 -0.994780958 -60.911930084 -0.015328889 0.999466419 0.028843174 0.742518067 0.995034754 0.018085357 -0.097871765 0.126964048
-0.096070394 0.026539480 -0.995020688 -61.605030060 -0.018112609 0.999432385 0.028405935 0.746004581 0.995209754 0.020751389 -0.095535174 0.054275747
-0.091388516 0.027094131 -0.995446682 -62.289844513 -0.018412281 0.999412954 0.028892452 0.755917907 0.995645106 0.020968882 -0.090836003 -0.020831306
-0.085875183 0.029221999 -0.995877206 -62.935440063 -0.017904419 0.999363124 0.030868193 0.753927708 0.996144950 0.020481415 -0.085297294 -0.069216833
-0.078891762 0.030892268 -0.996404409 -63.586162567 -0.017023101 0.999332309 0.032330867 0.757468343 0.996737897 0.019512532 -0.078313209 -0.112830490
-0.070154808 0.031841151 -0.997027814 -64.229225159 -0.017810903 0.999291122 0.033166677 0.765566468 0.997377038 0.020084769 -0.069537982 -0.161499098
-0.057830248 0.033277810 -0.997771680 -64.857749939 -0.019628361 0.999213219 0.034463536 0.777618527 0.998133421 0.021577656 -0.057131566 -0.206687957
-0.043005899 0.034830686 -0.998467505 -65.463119507 -0.023384662 0.999083221 0.035859387 0.785013497 0.998801112 0.024890989 -0.042151980 -0.234773666
-0.024890285 0.036351688 -0.999029100 -66.047073364 -0.024775192 0.999009252 0.036968231 0.788302362 0.999383092 0.025671287 -0.023965016 -0.237298056
-0.002340563 0.037182949 -0.999305785 -66.618804932 -0.025305033 0.998986244 0.037230335 0.797376335 0.999677002 0.025374601 -0.001397284 -0.236532584
0.023023181 0.038002416 -0.999012411 -67.162834167 -0.024767175 0.998992205 0.037430864 0.797377288 0.999428034 0.023880936 0.023941187 -0.208481252
0.052301720 0.037445284 -0.997929037 -67.668556213 -0.023713762 0.999061465 0.036244940 0.807971537 0.998349726 0.021768978 0.053140599 -0.160063222
0.086387545 0.037314910 -0.995562613 -68.186447144 -0.022412984 0.999118209 0.035503350 0.816117764 0.996009409 0.019246481 0.087147690 -0.091717377
0.123476826 0.037195265 -0.991650164 -68.643234253 -0.022191644 0.999150932 0.034713380 0.824835062 0.992099285 0.017720049 0.124197386 -0.010562772
0.165572241 0.037496328 -0.985484600 -69.109672546 -0.022123912 0.999166667 0.034299854 0.823370457 0.985949457 0.016123667 0.166263834 0.074509531
0.211058289 0.037948985 -0.976736546 -69.566841125 -0.021433366 0.999185443 0.034189764 0.835938036 0.977238476 0.013718719 0.211699754 0.194448888
0.259088248 0.036613096 -0.965159535 -69.995765686 -0.018210227 0.999288857 0.033019416 0.840038776 0.965682030 0.009020832 0.259570718 0.351145297
0.308317840 0.031608701 -0.950758100 -70.387420654 -0.010454795 0.999500036 0.029838821 0.837847650 0.951225936 0.000740141 0.308494121 0.532698989
0.358988225 0.025853915 -0.932983994 -70.787788391 -0.004676904 0.999653518 0.025901848 0.845571637 0.933330357 -0.004934983 0.358984798 0.737333536
0.411023945 0.021341369 -0.911374629 -71.155548096 0.000746545 0.999717712 0.023746755 0.843469203 0.911624312 -0.010440867 0.410891950 0.951148093
0.462057889 0.020285921 -0.886617720 -71.561744690 -0.000290904 0.999741793 0.022722611 0.864150643 0.886849761 -0.010241238 0.461944461 1.195339918
0.510958850 0.020137919 -0.859369218 -71.916458130 0.000846899 0.999713302 0.023930198 0.856824815 0.859604716 -0.012955151 0.510795295 1.436669588
0.556070507 0.015036009 -0.830999076 -72.293487549 0.009680203 0.999651432 0.024565184 0.867633402 0.831078708 -0.021704210 0.555731058 1.731838822
0.600318611 0.009839212 -0.799700379 -72.594238281 0.018343220 0.999491870 0.026067249 0.855796278 0.799550533 -0.030317739 0.599833131 2.023235559
0.643168151 0.004785137 -0.765709996 -72.910736084 0.019883767 0.999538898 0.022948030 0.858330488 0.765466690 -0.029984640 0.642776549 2.332768202
0.684493721 -0.000073970 -0.729018748 -73.209396362 0.017175956 0.999724090 0.016025495 0.861322403 0.728816390 -0.023490947 0.684306145 2.651882887
0.725177586 -0.006390316 -0.688532233 -73.490653992 0.013141199 0.999903202 0.004560433 0.863966167 0.688436449 -0.012355261 0.725191414 2.989093065
0.764255643 -0.009118005 -0.644848943 -73.752799988 0.008923188 0.999953926 -0.003563608 0.863531888 0.644851625 -0.003030602 0.764301777 3.350732088
0.801719546 -0.010146310 -0.597614288 -74.030143738 0.007094467 0.999946952 -0.007459652 0.868661165 0.597658336 0.001740802 0.801749110 3.749530554
0.835229456 -0.010522365 -0.549800754 -74.263603210 0.007179877 0.999940336 -0.008230055 0.852279842 0.549854577 0.002926487 0.835255325 4.179224014
0.866016150 -0.009016681 -0.499934584 -74.493072510 0.004124592 0.999932289 -0.010889637 0.849343121 0.499998838 0.007368577 0.865994692 4.625535965
0.891950727 -0.007511901 -0.452070117 -74.701309204 0.003609512 0.999948442 -0.009494119 0.837003171 0.452118129 0.006836534 0.891931832 5.102810383
0.913128793 -0.001662605 -0.407667786 -74.897216797 -0.002067425 0.999960005 -0.008708963 0.827828586 0.407665968 0.008795230 0.913088799 5.599035740
0.930623353 0.002725155 -0.365967959 -75.084403992 -0.006990502 0.999922156 -0.010330362 0.820080876 0.365911335 0.012171976 0.930570126 6.111752033
0.944112062 0.008072986 -0.329525799 -75.263420105 -0.011726948 0.999889731 -0.009102334 0.812213063 0.329416066 0.012457957 0.944102705 6.635836124
0.953994632 0.008894943 -0.299691677 -75.417030334 -0.011721483 0.999902129 -0.007635046 0.802854419 0.299594492 0.010796623 0.954005599 7.199343204
0.961344659 0.008133680 -0.275227755 -75.571464539 -0.010207824 0.999929249 -0.006104515 0.791581750 0.275158644 0.008678018 0.961359739 7.778434753
0.967019439 0.008789588 -0.254550785 -75.705993652 -0.010180314 0.999939620 -0.004146541 0.779902101 0.254498929 0.006601192 0.967050552 8.376491547
0.971541166 0.011026241 -0.236613721 -75.840011597 -0.011722279 0.999930084 -0.001535016 0.771709144 0.236580282 0.004264983 0.971602619 8.987637520
0.975245357 0.015788589 -0.220560879 -76.012634277 -0.016129324 0.999869883 0.000256092 0.765275300 0.220536232 0.003307746 0.975373149 9.654067039
0.978071213 0.019506657 -0.207355037 -76.149124146 -0.019586073 0.999806762 0.001670139 0.755986214 0.207347557 0.002427756 0.978264272 10.300627708
0.980731785 0.018204447 -0.194509044 -76.266433716 -0.018293517 0.999831736 0.001338508 0.748595059 0.194500685 0.002245537 0.980899811 10.956070900
0.983376265 0.017671132 -0.180717319 -76.389434814 -0.017801581 0.999841094 0.000900128 0.742228210 0.180704519 0.002331890 0.983534575 11.639184952
0.985828519 0.018152868 -0.166770816 -76.492103577 -0.018177303 0.999833822 0.001380015 0.738375127 0.166768134 0.001670985 0.985994697 12.333789825
0.988033175 0.019224698 -0.153038517 -76.598297119 -0.019158380 0.999814570 0.001908109 0.730686724 0.153046817 0.001046695 0.988218367 13.047644615
0.990051091 0.019793604 -0.139309213 -76.716362000 -0.020070149 0.999798417 -0.000580453 0.714708447 0.139269635 0.003370635 0.990248680 13.774154663
0.991537213 0.020281401 -0.128229246 -76.807189941 -0.021191500 0.999759018 -0.005736992 0.700977206 0.128081977 0.008405810 0.991727889 14.499634743
0.992737055 0.018913548 -0.118808538 -76.893066406 -0.020494329 0.999716759 -0.012097538 0.692390501 0.118546076 0.014444574 0.992843449 15.240297318
0.993647397 0.018492073 -0.111008652 -76.976089478 -0.020041293 0.999716461 -0.012856165 0.687350690 0.110739447 0.014999251 0.993736267 16.000736237
0.994404435 0.020620624 -0.103608385 -77.065200806 -0.021382187 0.999751866 -0.006244987 0.664668679 0.103453897 0.008425415 0.994598508 16.756685257
0.994836211 0.024586033 -0.098470144 -77.167129517 -0.024524320 0.999697506 0.001837256 0.651826560 0.098485537 0.000587145 0.995138288 17.569671631
0.995225132 0.025592400 -0.094191179 -77.243774414 -0.025192585 0.999667883 0.005431555 0.639839172 0.094298899 -0.003032700 0.995539308 18.337841034
0.995634019 0.024086399 -0.090181924 -77.323211670 -0.023805356 0.999707758 0.004190861 0.632055819 0.090256512 -0.002025750 0.995916545 19.111566544
0.995841920 0.024148140 -0.087839641 -77.382019043 -0.023968447 0.999707818 0.003100011 0.620132327 0.087888844 -0.000981742 0.996129811 19.878931046
0.996160507 0.023052620 -0.084456459 -77.455589294 -0.022673605 0.999728084 0.005444300 0.608921349 0.084559008 -0.003508464 0.996412277 20.649967194
0.996423364 0.020779697 -0.081907690 -77.525558472 -0.020174013 0.999762654 0.008215459 0.598866820 0.082058966 -0.006533667 0.996606052 21.430784225
0.996687949 0.018355476 -0.079222210 -77.584922791 -0.017616764 0.999794662 0.010013483 0.592249274 0.079389729 -0.008584680 0.996806681 22.213066101
0.996897757 0.017795254 -0.076668799 -77.642662048 -0.017332375 0.999827325 0.006698571 0.579260409 0.076774754 -0.005348939 0.997034132 22.971641541
0.996958733 0.020703383 -0.075131334 -77.700241089 -0.020816186 0.999783039 -0.000718570 0.568875849 0.075100154 0.002280332 0.997173429 23.718439102
0.997061312 0.021642758 -0.073486775 -77.758872986 -0.022307437 0.999717295 -0.008236092 0.552764535 0.073287725 0.009851190 0.997262180 24.466054916
0.997142255 0.022283681 -0.072184414 -77.820083618 -0.023257814 0.999649048 -0.012682710 0.540860951 0.071876474 0.014325320 0.997310638 25.222230911
0.997245848 0.023915097 -0.070203848 -77.875564575 -0.024756806 0.999631345 -0.011143859 0.521053612 0.069911472 0.012851191 0.997470379 25.979753494
0.997301579 0.027482497 -0.068075173 -77.941383362 -0.028011948 0.999584198 -0.006834952 0.496596277 0.067859039 0.008723428 0.997656763 26.753305435
0.997429252 0.030179359 -0.064993158 -78.004814148 -0.030388748 0.999535620 -0.002235420 0.484111935 0.064895518 0.004204734 0.997883141 27.493665695
0.997643769 0.027968446 -0.062648013 -78.052864075 -0.028059399 0.999606073 -0.000572281 0.471774489 0.062607326 0.002328798 0.998035550 28.253564835
0.997781992 0.025116814 -0.061647154 -78.100288391 -0.025179092 0.999682963 -0.000233506 0.453038007 0.061621748 0.001785207 0.998097956 29.016115189
0.997916043 0.022838686 -0.060348567 -78.147117615 -0.022897292 0.999737740 -0.000279707 0.437648892 0.060326353 0.001660943 0.998177230 29.770038605
0.997978628 0.022476627 -0.059442505 -78.192146301 -0.022673208 0.999739408 -0.002634578 0.428146929 0.059367802 0.003977004 0.998228252 30.517974854
0.998055398 0.020584885 -0.058834706 -78.235885620 -0.020844916 0.999775469 -0.003809285 0.414496481 0.058743071 0.005028282 0.998260498 31.274290085
0.998108745 0.019270852 -0.058372479 -78.279350281 -0.019526364 0.999802113 -0.003810004 0.401603013 0.058287501 0.004942601 0.998287678 32.033950806
0.998100698 0.023538463 -0.056927621 -78.344024658 -0.023730597 0.999714732 -0.002701274 0.387309581 0.056847796 0.004047070 0.998374641 32.816047668
0.998106658 0.022780439 -0.057132497 -78.382049561 -0.023034900 0.999727428 -0.003799152 0.375085562 0.057030380 0.005108002 0.998359382 33.588253021
0.998018980 0.022137618 -0.058890693 -78.427818298 -0.022401242 0.999741793 -0.003820013 0.359982222 0.058790915 0.005131670 0.998257160 34.363704681
0.997958064 0.019860966 -0.060705584 -78.481330872 -0.020094251 0.999792814 -0.003234737 0.345518053 0.060628764 0.004447965 0.998150468 35.148445129
0.997744799 0.021159047 -0.063700631 -78.541534424 -0.021414159 0.999765158 -0.003324668 0.331751317 0.063615322 0.004681266 0.997963548 35.947345734
0.997462273 0.025448749 -0.066494480 -78.606101990 -0.025707588 0.999664843 -0.003039717 0.308484048 0.066394836 0.004741416 0.997782171 36.743965149
0.997272849 0.026665874 -0.068817161 -78.671127319 -0.027340114 0.999586821 -0.008874216 0.304685146 0.068552084 0.010731486 0.997589827 37.536716461
0.997105539 0.027405979 -0.070918843 -78.741226196 -0.028373329 0.999517143 -0.012668831 0.293301880 0.070537396 0.014644366 0.997401655 38.342147827
0.996960700 0.026440792 -0.073281482 -78.800453186 -0.027524875 0.999525547 -0.013823042 0.272457927 0.072881222 0.015798094 0.997215509 39.152462006
0.996783137 0.026681950 -0.075574115 -78.866317749 -0.027713498 0.999536157 -0.012633608 0.253168494 0.075201966 0.014687389 0.997060239 39.983192444
0.996659517 0.025118377 -0.077709854 -78.936424255 -0.026069077 0.999596953 -0.011243680 0.226497516 0.077396095 0.013231946 0.996912658 40.799434662
0.996562958 0.024722582 -0.079063915 -79.012794495 -0.025576495 0.999624789 -0.009805690 0.213273346 0.078791842 0.011794166 0.996821344 41.618907928
0.996507347 0.024229940 -0.079912879 -79.087806702 -0.024818553 0.999671638 -0.006380472 0.198353916 0.079732053 0.008341510 0.996781409 42.456630707
0.996427238 0.023644365 -0.081078082 -79.156089783 -0.023829250 0.999715209 -0.001313316 0.182414964 0.081023946 0.003240654 0.996706903 43.299526215
0.996507764 0.024404915 -0.079854406 -79.236137390 -0.024395028 0.999701798 0.001099558 0.164313599 0.079857431 0.000852333 0.996805966 44.136474609
0.996554077 0.027309367 -0.078319818 -79.309028625 -0.027326325 0.999626160 0.000855418 0.154911101 0.078313895 0.001287722 0.996927917 45.005332947
0.996719837 0.027149353 -0.076238632 -79.378921509 -0.027304024 0.999626696 -0.000987004 0.149074093 0.076183379 0.003065388 0.997089088 45.864131927
0.996876538 0.024888407 -0.074951582 -79.443138123 -0.025174379 0.999679089 -0.002873023 0.130395740 0.074856021 0.004750910 0.997182965 46.727142334
0.997095764 0.021470685 -0.073068462 -79.504966736 -0.021858076 0.999750912 -0.004506148 0.114029765 0.072953507 0.006090197 0.997316718 47.601707458
0.997268975 0.019802161 -0.071151227 -79.568214417 -0.020187875 0.999785125 -0.004705978 0.098975606 0.071042754 0.006129518 0.997454405 48.469963074
0.997369945 0.017850369 -0.070246071 -79.630538940 -0.018042719 0.999834955 -0.002104613 0.080883279 0.070196897 0.003366508 0.997527480 49.347835541
0.997486234 0.014969097 -0.069260307 -79.690864563 -0.014973047 0.999887764 0.000462114 0.065497994 0.069259442 0.000576085 0.997598529 50.223060608
0.997541964 0.014660663 -0.068520568 -79.749298096 -0.014635963 0.999892533 0.000862508 0.045949362 0.068525843 0.000142477 0.997649312 51.099224091
0.997608960 0.016406145 -0.067134731 -79.817161560 -0.016607210 0.999859154 -0.002437953 0.030736201 0.067085266 0.003547045 0.997740984 51.963981628
0.997589529 0.018462980 -0.066889361 -79.882003784 -0.019034293 0.999787509 -0.007913931 0.003351775 0.066729024 0.009168045 0.997729003 52.832839966
0.997596979 0.019933823 -0.066353410 -79.935127258 -0.020872166 0.999691248 -0.013478496 -0.015020884 0.066064246 0.014831045 0.997705162 53.694740295
0.997561812 0.024647171 -0.065289937 -80.005966187 -0.025955455 0.999477386 -0.019266073 -0.040751319 0.064780973 0.020913731 0.997680306 54.547992706
0.997609377 0.024760211 -0.064517990 -80.061286926 -0.026104396 0.999457538 -0.020075116 -0.070182055 0.063985951 0.021711327 0.997714579 55.399108887
0.997708976 0.021489816 -0.064148434 -80.122741699 -0.022436053 0.999649286 -0.014066898 -0.092697933 0.063823648 0.015473909 0.997841239 56.249481201
0.997673035 0.021320751 -0.064760134 -80.185195923 -0.021706956 0.999750495 -0.005265760 -0.114278771 0.064631715 0.006659251 0.997886956 57.108753204
0.997621119 0.020727973 -0.065744415 -80.249786377 -0.020592116 0.999784172 0.002743476 -0.145143077 0.065787099 -0.001383134 0.997832656 57.970275879
0.997489035 0.018917600 -0.068247288 -80.307838440 -0.018927092 0.999820709 0.000507547 -0.160214603 0.068244658 0.000785450 0.997668266 58.814083099
0.997462690 0.014100749 -0.069780804 -80.368827820 -0.014361531 0.999891579 -0.003236882 -0.174255580 0.069727600 0.004230829 0.997557104 59.654701233
0.997343004 0.012343497 -0.071794957 -80.443984985 -0.012749016 0.999905229 -0.005192785 -0.188782871 0.071724057 0.006094303 0.997405827 60.488441467
0.997050345 0.014750109 -0.075319298 -80.499877930 -0.015382073 0.999851108 -0.007817240 -0.207080334 0.075192779 0.008952750 0.997128785 61.317951202
0.996812165 0.015970668 -0.078168333 -80.587715149 -0.016816886 0.999806762 -0.010179235 -0.239300862 0.077990659 0.011461333 0.996888161 62.141098022
0.996482849 0.016434586 -0.082169354 -80.660499573 -0.017616842 0.999751210 -0.013683705 -0.259892076 0.081924036 0.015083143 0.996524394 62.959621429
0.996197164 0.018792123 -0.085076444 -80.739181519 -0.020325787 0.999645531 -0.017196665 -0.289088339 0.084723137 0.018860513 0.996225953 63.763374329
0.995825052 0.023769472 -0.088133037 -80.828071594 -0.025362179 0.999533832 -0.016995912 -0.318219066 0.087687969 0.019160204 0.995963693 64.565895081
0.995437264 0.026586700 -0.091639146 -80.920326233 -0.028102932 0.999487996 -0.015294967 -0.339082509 0.091185562 0.017800510 0.995674789 65.375823975
0.995029628 0.029449755 -0.095125169 -81.010330200 -0.030474182 0.999491990 -0.009334212 -0.363884836 0.094801947 0.012186678 0.995421529 66.176574707
0.994598567 0.029611925 -0.099482693 -81.097160339 -0.030141573 0.999538362 -0.003824922 -0.385865450 0.099323496 0.006802827 0.995031953 66.975440979
0.994143009 0.029419580 -0.103991136 -81.190391541 -0.029554224 0.999563098 0.000246180 -0.407088995 0.103952937 0.002828639 0.994578123 67.772880554
0.993444026 0.029135186 -0.110544354 -81.283248901 -0.029205790 0.999572933 0.000980818 -0.417349398 0.110525712 0.002254147 0.993870616 68.562812805
0.992857873 0.026641864 -0.116290212 -81.377426147 -0.026269408 0.999643683 0.004734493 -0.429849505 0.116374910 -0.001645803 0.993203938 69.349273682
0.992043555 0.028025821 -0.122735836 -81.482673645 -0.027685199 0.999606669 0.004480144 -0.444661677 0.122813113 -0.001046532 0.992429197 70.124458313
0.991131306 0.032853313 -0.128761098 -81.596061707 -0.032665748 0.999459982 0.003568811 -0.455963284 0.128808811 0.000668917 0.991669178 70.896034241
0.990334928 0.035017483 -0.134202525 -81.720443726 -0.035330139 0.999375582 0.000051769 -0.468563080 0.134120554 0.004690126 0.990953922 71.658073425
0.989530742 0.033866551 -0.140292525 -81.833724976 -0.034590721 0.999397874 -0.002725900 -0.479734302 0.140115753 0.007550182 0.990106285 72.417709351
0.988698125 0.035276778 -0.145710871 -81.953392029 -0.036217779 0.999336600 -0.003809341 -0.495721549 0.145479843 0.009043612 0.989319861 73.183624268
0.987930357 0.037307855 -0.150339305 -82.080154419 -0.037570912 0.999293387 0.001091210 -0.504126370 0.150273800 0.004570345 0.988633871 73.954895020
0.987054944 0.037960771 -0.155825362 -82.220771790 -0.037552334 0.999279141 0.005565206 -0.517895460 0.155924261 0.000358442 0.987768948 74.724220276
0.986040056 0.037363112 -0.162261799 -82.350540161 -0.036593519 0.999300361 0.007730065 -0.533446491 0.162437066 -0.001684425 0.986717463 75.483650208
0.984991431 0.034884967 -0.169040933 -82.490272522 -0.034709904 0.999389410 0.003991428 -0.541399598 0.169076949 0.001935872 0.985601008 76.234161377
0.983551085 0.033003759 -0.177589580 -82.633232117 -0.034117635 0.999412656 -0.003221217 -0.549411774 0.177378953 0.009227166 0.984099388 76.979141235
0.981922150 0.030337209 -0.186838329 -82.779830933 -0.031825628 0.999481082 -0.004971266 -0.560232937 0.186590552 0.010827643 0.982378125 77.722312927
0.979831994 0.030170476 -0.197532207 -82.933807373 -0.031082397 0.999515653 -0.001517000 -0.580231071 0.197390765 0.007626178 0.980295241 78.454879761
0.977537811 0.030282401 -0.208573401 -83.100585938 -0.030033141 0.999539375 0.004362627 -0.585043490 0.208609447 0.001999479 0.977997065 79.194488525
0.974928439 0.031555556 -0.220269606 -83.268165588 -0.029611552 0.999487996 0.012122663 -0.594183862 0.220539346 -0.005296206 0.975363612 79.901069641
0.972329497 0.032190099 -0.231385052 -83.452880859 -0.029401919 0.999447703 0.015489206 -0.602041602 0.231755808 -0.008257447 0.972738862 80.627639771
0.969410062 0.035572633 -0.242855296 -83.649040222 -0.033838067 0.999363363 0.011311338 -0.612945616 0.243103042 -0.002747571 0.969996572 81.340187073
0.966424704 0.035172582 -0.254531294 -83.855895996 -0.035822563 0.999356031 0.002082772 -0.618231952 0.254440635 0.007105118 0.967062235 82.041717529
0.963096201 0.032696817 -0.267164111 -84.052200317 -0.034589536 0.999398768 -0.002380183 -0.621634483 0.266925633 0.011533431 0.963648021 82.747467041
0.959713161 0.031555917 -0.279204100 -84.267814636 -0.032187298 0.999479115 0.002324133 -0.624750316 0.279132038 0.006756325 0.960228920 83.461128235
0.956405044 0.032867342 -0.290188044 -84.498771667 -0.031375572 0.999459743 0.009793062 -0.633772254 0.290353119 -0.000261317 0.956919491 84.173583984
0.952808857 0.032710489 -0.301803499 -84.743011475 -0.029416801 0.999447763 0.015453232 -0.641543388 0.302142352 -0.005845881 0.953244805 84.887313843
0.948766530 0.030136859 -0.314537555 -84.986076355 -0.027144009 0.999534905 0.013891896 -0.645788074 0.314809948 -0.004642355 0.949143350 85.594261169
0.944673240 0.027289685 -0.326875657 -85.208038330 -0.025642136 0.999627471 0.009349347 -0.644343555 0.327009052 -0.000450287 0.945021033 86.279617310
0.941697001 0.023379136 -0.335648865 -85.468017578 -0.023840386 0.999711990 0.002746858 -0.654829741 0.335616410 0.005415290 0.941983163 86.971557617
0.938820720 0.019507647 -0.343853265 -85.722984314 -0.021877540 0.999756098 -0.003013494 -0.663500726 0.343710631 0.010351793 0.939018488 87.665077209
0.936216950 0.019586725 -0.350876212 -85.989944458 -0.022898704 0.999723792 -0.005292013 -0.671226144 0.350675613 0.012989082 0.936406851 88.354621887
0.933024585 0.024664113 -0.358966351 -86.272979736 -0.028434135 0.999581933 -0.005225950 -0.686225772 0.358687371 0.015082835 0.933335900 89.061408997
0.929888964 0.024689745 -0.367010891 -86.556938171 -0.027837766 0.999607027 -0.003285969 -0.696091056 0.366785586 0.013272349 0.930210829 89.766601562
0.926925838 0.025349077 -0.374387443 -86.851860046 -0.025844820 0.999659061 0.003697246 -0.704238892 0.374353528 0.006248903 0.927264988 90.467910767
0.923954666 0.027286952 -0.381527662 -87.143486023 -0.024570704 0.999626160 0.011990062 -0.711892664 0.381712228 -0.001703869 0.924279630 91.178146362
0.921680510 0.037985448 -0.386085719 -87.469497681 -0.033339903 0.999268651 0.018723639 -0.723273337 0.386514604 -0.004385155 0.922272921 91.861007690
0.918620467 0.043899253 -0.392694980 -87.753974915 -0.040987607 0.999034703 0.015800618 -0.719986737 0.393009543 0.001580856 0.919533014 92.545715332
0.916375995 0.040576316 -0.398257136 -88.063423157 -0.040561385 0.999141157 0.008466875 -0.722525477 0.398258626 0.008395019 0.917234719 93.230918884
0.914265513 0.032534774 -0.403807014 -88.362800598 -0.035192069 0.999380171 0.000841288 -0.725288570 0.403584093 0.013441641 0.914843798 93.921356201
0.912525654 0.033070620 -0.407680392 -88.677215576 -0.036200821 0.999344528 0.000036217 -0.728269994 0.407414347 0.014725316 0.913124740 94.619651794
0.910487473 0.039576475 -0.411638439 -89.022789001 -0.040943053 0.999146283 0.005501322 -0.739344060 0.411504745 0.011844847 0.911330640 95.311187744
0.907880306 0.042501044 -0.417069674 -89.349990845 -0.042234585 0.999058902 0.009871497 -0.746318281 0.417096734 0.008652625 0.908820927 96.019760132
0.905715287 0.037671149 -0.422209352 -89.665824890 -0.037846290 0.999251783 0.007969975 -0.759408653 0.422193646 0.008760526 0.906463444 96.692314148
0.903396010 0.036036745 -0.427290380 -90.000564575 -0.039009105 0.999237299 0.001798734 -0.768709481 0.427029282 0.015043248 0.904112637 97.380622864
0.901145220 0.033383317 -0.432230055 -90.336051941 -0.039188839 0.999221623 -0.004528871 -0.778506398 0.431742400 0.021019764 0.901752055 98.065063477
