1.000000000 0.000000000 0.000000000 0.000000000 0.000000000 1.000000000 0.000000000 0.000000000 0.000000000 0.000000000 1.000000000 0.000000000
0.999934018 -0.002443776 0.011226655 0.015561278 0.002432922 0.999996543 0.000980383 -0.003299014 -0.011229012 -0.000953005 0.999936521 0.294492394
0.999827564 -0.004560543 0.018002655 0.024432423 0.004540954 0.999989033 0.001128844 -0.007763966 -0.018007606 -0.001046900 0.999837279 0.583047509
0.999778807 -0.007377113 0.019695790 0.039601341 0.007381327 0.999972761 -0.000141269 -0.010619381 -0.019694213 0.000286619 0.999805987 0.887010098
0.999813914 -0.008721922 0.017205205 0.048817996 0.008753790 0.999960124 -0.001777815 -0.010270377 -0.017189013 0.001928095 0.999850392 1.202777624
0.999881446 -0.011520135 0.010215021 0.055084687 0.011553305 0.999928176 -0.003194160 -0.013255917 -0.010177490 0.003311798 0.999942720 1.517930269
0.999909163 -0.013197736 -0.002735495 0.062386721 0.013182061 0.999897003 -0.005671414 -0.007993872 0.002810064 0.005634839 0.999980092 1.855367064
0.999729693 -0.012422022 -0.019653663 0.047885191 0.012304145 0.999905586 -0.006107375 -0.011722338 0.019727675 0.005863902 0.999788165 2.189852238
0.999230921 -0.007568977 -0.038474865 0.003359818 0.007347226 0.999955595 -0.005901673 -0.019218776 0.038517825 0.005614451 0.999242127 2.535408735
0.998295307 -0.004060287 -0.058223523 -0.041953679 0.003629310 0.999965250 -0.007505975 -0.020984394 0.058251981 0.007281868 0.998275399 2.883723021
0.996834219 -0.003842113 -0.079415083 -0.062919863 0.003172211 0.999958396 -0.008559864 -0.017743267 0.079444662 0.008280843 0.996804893 3.258568525
0.994916081 -0.005376664 -0.100564100 -0.114749193 0.004588115 0.999956906 -0.008070916 -0.022586530 0.100603156 0.007568484 0.994897842 3.631205320
0.992816150 -0.007199028 -0.119433410 -0.181623742 0.006472962 0.999958158 -0.006466081 -0.037241381 0.119474962 0.005646542 0.992821217 4.007186413
0.990277648 -0.005906411 -0.138979629 -0.228944197 0.005046243 0.999965847 -0.006540725 -0.033515461 0.139013529 0.005775809 0.990273654 4.417751312
0.987947941 -0.004875828 -0.154710114 -0.307879895 0.004019045 0.999974847 -0.005850279 -0.040349379 0.154734761 0.005157984 0.987942576 4.823652267
0.985699177 -0.004239324 -0.168462038 -0.390329391 0.003274992 0.999976635 -0.006001756 -0.048969056 0.168483540 0.005364214 0.985689878 5.244587421
0.983483255 -0.005640935 -0.180911586 -0.475497603 0.004416332 0.999964535 -0.007171164 -0.052273449 0.180945620 0.006253753 0.983473241 5.680306435
0.981611252 -0.009658735 -0.190646812 -0.564202428 0.008028227 0.999924362 -0.009323032 -0.062302157 0.190722451 0.007621037 0.981614470 6.115952969
0.980093777 -0.008697320 -0.198344767 -0.666518569 0.006603599 0.999915302 -0.011215004 -0.066129938 0.198425487 0.009681967 0.980068147 6.588156223
0.978500843 -0.008056721 -0.206085250 -0.767664850 0.005555688 0.999903798 -0.012711725 -0.078966051 0.206167832 0.011293489 0.978451490 7.062676907
0.976730287 -0.008823585 -0.214290172 -0.881201327 0.005707952 0.999868870 -0.015153744 -0.093237326 0.214395806 0.013577962 0.976652503 7.546788216
0.974976361 -0.012791894 -0.221940041 -0.998112023 0.009228321 0.999811411 -0.017086085 -0.101865545 0.222116753 0.014610394 0.974910617 8.042332649
0.972944915 -0.018995520 -0.230255142 -1.111821175 0.015046262 0.999708235 -0.018895540 -0.110428937 0.230546907 0.014919839 0.972946882 8.562266350
0.970771909 -0.019683570 -0.239195511 -1.231338859 0.015038882 0.999661684 -0.021227743 -0.129759267 0.239532381 0.017010065 0.970739365 9.068243027
0.968590200 -0.015906043 -0.248153433 -1.380901933 0.009794166 0.999617994 -0.025844630 -0.138281330 0.248469725 0.022602398 0.968375921 9.593451500
0.966363132 -0.012518701 -0.256876826 -1.540362597 0.005199627 0.999561489 -0.029152036 -0.154584482 0.257129133 0.026835786 0.966004431 10.136193275
0.964085400 -0.015183385 -0.265158117 -1.700967908 0.007342725 0.999506712 -0.030536057 -0.177965194 0.265490949 0.027492378 0.963721216 10.707372665
0.961553454 -0.018201388 -0.274014086 -1.861243129 0.009456933 0.999404013 -0.033199728 -0.193903834 0.274455070 0.029331978 0.961152434 11.279085159
0.959381342 -0.017697848 -0.281557024 -2.041245461 0.008112643 0.999348342 -0.035172969 -0.220779881 0.281996012 0.031460118 0.958899617 11.852388382
0.957034409 -0.016650641 -0.289496124 -2.231314182 0.005590397 0.999224007 -0.038990218 -0.249182642 0.289920717 0.035696574 0.956384659 12.437396049
0.954542637 -0.017699765 -0.297548503 -2.422477245 0.004776222 0.999015510 -0.044104505 -0.278808415 0.298036247 0.040678475 0.953687429 13.037960052
0.952680886 -0.019256463 -0.303361595 -2.621930838 0.003743500 0.998658955 -0.051635671 -0.312561840 0.303949058 0.048056684 0.951475501 13.648398399
0.951310575 -0.019976553 -0.307585984 -2.829226017 0.001508994 0.998187602 -0.060161453 -0.347156644 0.308230311 0.056768086 0.949616492 14.255521774
0.950176299 -0.019931410 -0.311075062 -3.050069094 -0.001579834 0.997632921 -0.068746589 -0.388194025 0.311708927 0.065812834 0.947895706 14.875502586
0.948837101 -0.019330930 -0.315173477 -3.274560213 -0.005327450 0.997002304 -0.077188790 -0.442619920 0.315720826 0.074918680 0.945889890 15.515583038
0.947580874 -0.018706916 -0.318967938 -3.503989458 -0.008747758 0.996391475 -0.084424220 -0.493577182 0.319396228 0.082789041 0.943997920 16.136016846
0.945816159 -0.017209960 -0.324246556 -3.740712166 -0.013096442 0.995759785 -0.091053583 -0.555514097 0.324438781 0.090366423 0.941580296 16.800212860
0.944095612 -0.016578628 -0.329254836 -3.984670162 -0.016395042 0.995137811 -0.097117804 -0.618891656 0.329264075 0.097086638 0.939233422 17.468706131
0.942514300 -0.014634326 -0.333845377 -4.234591961 -0.020857111 0.994516373 -0.102479160 -0.694142044 0.333514482 0.103551120 0.937040746 18.124322891
0.940658808 -0.011715357 -0.339151621 -4.489222050 -0.025589311 0.994109809 -0.105313249 -0.769093335 0.338387728 0.107742488 0.934818327 18.809236526
0.938961089 -0.010490209 -0.343863517 -4.762568474 -0.028007930 0.993885994 -0.106799453 -0.848615229 0.342881441 0.109911412 0.932926476 19.508201599
0.936563015 -0.010819390 -0.350332260 -5.029411793 -0.028144678 0.993974388 -0.105937898 -0.932006598 0.349367470 0.109077506 0.930615127 20.207681656
0.934235752 -0.010525561 -0.356500596 -5.309140682 -0.028668040 0.994114041 -0.104477577 -1.015769839 0.355501920 0.107826866 0.928435147 20.925771713
0.931601465 -0.010780928 -0.363321424 -5.600158215 -0.028422505 0.994338810 -0.102384105 -1.100636721 0.362368405 0.105707683 0.926021039 21.643501282
0.928235412 -0.010004536 -0.371858686 -5.902119637 -0.029233344 0.994584978 -0.099730872 -1.180229425 0.370842785 0.103444397 0.922916472 22.382572174
0.925108492 -0.007496813 -0.379628927 -6.217669010 -0.030403862 0.995132267 -0.093742035 -1.263152719 0.378483713 0.098263755 0.920377254 23.101572037
0.921553016 -0.004123564 -0.388230771 -6.542159557 -0.032939296 0.995508075 -0.088762544 -1.340501308 0.386852860 0.094587430 0.917277634 23.845952988
0.917931259 0.000159543 -0.396739572 -6.868874550 -0.036721580 0.995741367 -0.084561817 -1.424585223 0.395036489 0.092190839 0.914027929 24.572687149
0.913981140 0.001129047 -0.405755162 -7.217229366 -0.038182776 0.995797992 -0.083237462 -1.489117146 0.403956175 0.091570340 0.910183668 25.319314957
0.909787536 0.000544089 -0.415073991 -7.572610378 -0.038409814 0.995818675 -0.082883902 -1.560019255 0.413293362 0.091349646 0.906004369 26.085849762
0.905953944 0.000714294 -0.423375577 -7.941945553 -0.038985178 0.995890856 -0.081741638 -1.632538557 0.421577483 0.090559542 0.902259111 26.861295700
0.901981652 0.002234548 -0.431768417 -8.334115982 -0.040848371 0.995943069 -0.080179557 -1.706136703 0.429837614 0.089957543 0.898413658 27.647918701
0.897912383 0.001332596 -0.440172106 -8.719092369 -0.039765038 0.996152043 -0.078101389 -1.777741313 0.438374281 0.087631680 0.894510269 28.442962646
0.894258559 0.001751330 -0.447547346 -9.125483513 -0.038686011 0.996551931 -0.073400065 -1.856888890 0.445875674 0.082952455 0.891242802 29.221181870
0.890377998 0.003908223 -0.455205202 -9.543129921 -0.039141342 0.996917129 -0.068001024 -1.921471715 0.453536093 0.078363955 0.887786090 30.020086288
0.886590004 0.003978829 -0.462539136 -9.975234032 -0.037723716 0.997253895 -0.063729890 -1.988784671 0.461015433 0.073950969 0.884305358 30.825296402
0.882638454 0.003102880 -0.470042408 -10.399177551 -0.036497276 0.997411728 -0.061949838 -2.054559231 0.468633592 0.071834579 0.880467117 31.625078201
0.879504681 0.002786985 -0.475882083 -10.847328186 -0.035935372 0.997516692 -0.060572289 -2.121488571 0.474531502 0.070374601 0.877420723 32.441402435
0.876407683 0.003335586 -0.481558412 -11.311367989 -0.035818107 0.997657657 -0.058276407 -2.185220480 0.480236053 0.068322398 0.874474287 33.268627167
0.873265505 0.001002115 -0.487243474 -11.776196480 -0.032949243 0.997830272 -0.057001282 -2.239850760 0.486129165 0.065831564 0.871403813 34.101154327
0.870747030 0.000360967 -0.491731048 -12.277032852 -0.032581363 0.997844517 -0.056961905 -2.304613590 0.490650564 0.065620676 0.868882000 34.945659637
0.868199825 -0.001323285 -0.496212929 -12.739781380 -0.031557761 0.997824848 -0.057876047 -2.357353926 0.495210230 0.065907344 0.866269588 35.790931702
0.866769314 -0.001088922 -0.498708069 -13.245486259 -0.032156572 0.997794569 -0.058067746 -2.420583725 0.497671455 0.066368073 0.864822745 36.654537201
0.866330624 -0.000774488 -0.499470204 -13.752293587 -0.032261260 0.997823775 -0.057504367 -2.482774258 0.498427808 0.065931335 0.864420414 37.509639740
0.866064668 -0.000400562 -0.499931723 -14.263063431 -0.031938270 0.997912467 -0.056128338 -2.542691946 0.498910636 0.064577729 0.864244103 38.390602112
0.865835845 -0.001466041 -0.500325978 -14.792119980 -0.030245753 0.998013437 -0.055265933 -2.610024452 0.499413192 0.062983952 0.864071429 39.275463104
0.865082204 -0.003731655 -0.501616240 -15.316345215 -0.028132007 0.998037696 -0.055940840 -2.674078226 0.500840664 0.062504895 0.863279700 40.181289673
0.864001393 -0.006167721 -0.503451645 -15.849241257 -0.025722640 0.998078465 -0.056371387 -2.738799334 0.502831936 0.061655056 0.862182498 41.084854126
0.862394810 -0.006556590 -0.506193817 -16.399948120 -0.024577124 0.998194695 -0.054801021 -2.799016237 0.505639315 0.059700899 0.860676825 42.019634247
0.860202134 -0.006287483 -0.509914458 -16.947132111 -0.022704018 0.998460293 -0.050612111 -2.870854616 0.509447575 0.055113759 0.858734906 42.937339783
0.857498825 -0.006302387 -0.514447272 -17.504819870 -0.020557936 0.998706698 -0.046501640 -2.936124563 0.514074922 0.050451081 0.856260240 43.851074219
0.853507698 -0.006055288 -0.521045029 -18.085065842 -0.020011602 0.998813927 -0.044388030 -3.004554749 0.520695806 0.048312470 0.852374196 44.772262573
0.848294437 -0.009403780 -0.529441297 -18.656862259 -0.018178895 0.998735726 -0.046866294 -3.065903187 0.529212654 0.049381077 0.847051084 45.674942017
0.842147410 -0.013507174 -0.539078116 -19.230014801 -0.015934294 0.998626351 -0.049914192 -3.131607533 0.539011776 0.050624941 0.840775430 46.573467255
0.836472392 -0.013317418 -0.547847331 -19.825126648 -0.016204741 0.998666406 -0.049018182 -3.195368528 0.547769547 0.049880072 0.835141003 47.450820923
0.830111086 -0.010319754 -0.557502568 -20.414041519 -0.016788194 0.998912871 -0.043487873 -3.261989832 0.557345271 0.045459226 0.829035401 48.332950592
0.824879408 -0.005392591 -0.565283060 -21.026109695 -0.020422840 0.999017417 -0.039331928 -3.319014072 0.564939678 0.043988783 0.823958755 49.210041046
0.820915341 -0.005716995 -0.571021318 -21.649343491 -0.021317298 0.998946071 -0.040647637 -3.376128912 0.570651948 0.045540899 0.819928288 50.079841614
0.817376196 -0.008211502 -0.576045811 -22.272537231 -0.021299411 0.998784065 -0.044460263 -3.445260048 0.575710416 0.048610203 0.816207409 50.957592010
0.814271927 -0.010758143 -0.580384076 -22.901374817 -0.023664683 0.998381972 -0.051707521 -3.502805471 0.580001116 0.055838589 0.812699616 51.825695038
0.810953081 -0.012187754 -0.584984422 -23.534637451 -0.023369655 0.998310566 -0.053196047 -3.569024324 0.584644437 0.056810375 0.809298158 52.716743469
0.807604551 -0.010694622 -0.589627445 -24.176645279 -0.022702828 0.998530388 -0.049207028 -3.634361506 0.589287221 0.053126026 0.806175053 53.578994751
0.804526508 -0.007582829 -0.593868375 -24.820564270 -0.022905018 0.998778403 -0.043782871 -3.698791265 0.593474865 0.048827041 0.803370059 54.434707642
0.801558495 -0.005827418 -0.597887874 -25.452394485 -0.023074323 0.998906136 -0.040670607 -3.758282900 0.597470999 0.046395730 0.800547242 55.249565125
0.798530996 -0.005343362 -0.601930022 -26.111814499 -0.024747595 0.998823762 -0.041697200 -3.805597067 0.601444840 0.048192825 0.797459424 56.107627869
0.794744074 -0.006728662 -0.606907368 -26.766254425 -0.024131531 0.998797536 -0.042673659 -3.869972944 0.606464803 0.048560243 0.793626010 56.963436127
0.790600538 -0.009984606 -0.612250924 -27.432817459 -0.022870528 0.998687923 -0.045819372 -3.923128128 0.611905038 0.050227325 0.789334774 57.825466156
0.786554396 -0.010718814 -0.617428005 -28.091335297 -0.022379063 0.998697698 -0.045846980 -3.983496189 0.617115319 0.049878605 0.785290241 58.648460388
0.781729341 -0.011355856 -0.623514354 -28.772424698 -0.020939229 0.998792350 -0.044443175 -4.057682514 0.623266101 0.047798444 0.780547619 59.490890503
0.776987672 -0.010856124 -0.629422069 -29.457275391 -0.021347661 0.998821914 -0.043579988 -4.118815899 0.629153609 0.047297809 0.775840521 60.318031311
0.771494746 -0.012268433 -0.636117339 -30.161928177 -0.021215862 0.998761952 -0.044993538 -4.176316261 0.635881901 0.048208050 0.770279348 61.174171448
0.765794575 -0.013747797 -0.642938256 -30.870803833 -0.020241585 0.998760760 -0.045465719 -4.248802662 0.642766595 0.047831491 0.764567375 62.017982483
0.760244846 -0.014974304 -0.649463952 -31.585784912 -0.019815248 0.998734653 -0.046222415 -4.310340405 0.649334252 0.048009645 0.758986235 62.843929291
0.754682422 -0.016238725 -0.655889213 -32.314258575 -0.019920271 0.998665571 -0.047646075 -4.369557858 0.655787647 0.049023151 0.753351986 63.667404175
0.748711288 -0.017967042 -0.662652612 -33.043899536 -0.019384788 0.998611748 -0.048978467 -4.431303978 0.662612677 0.049516112 0.747323692 64.482627869
0.742306590 -0.019189874 -0.669785500 -33.793884277 -0.018398216 0.998629332 -0.049001787 -4.497763634 0.669807613 0.048697215 0.740936041 65.312911987
0.735950232 -0.018804368 -0.676774502 -34.556110382 -0.017475246 0.998753548 -0.046753887 -4.569131851 0.676810086 0.046235330 0.734704256 66.136337280
0.729048014 -0.019507708 -0.684184492 -35.315681458 -0.016859068 0.998778701 -0.046442080 -4.623788357 0.684254885 0.045393217 0.727828741 66.954895020
0.722275615 -0.021450287 -0.691272557 -36.073932648 -0.015841078 0.998743594 -0.047542688 -4.687254906 0.691423833 0.045289427 0.721028328 67.755462646
0.715761542 -0.023747215 -0.697940886 -36.858390808 -0.014459104 0.998703480 -0.048808869 -4.753034115 0.698195040 0.045027107 0.714490175 68.560882568
0.709848106 -0.023063999 -0.703977048 -37.668010712 -0.015913816 0.998683393 -0.048765831 -4.814713001 0.704174936 0.045819301 0.708546579 69.358268738
0.704237521 -0.022401460 -0.709610939 -38.494258881 -0.016192678 0.998735249 -0.047598779 -4.885666847 0.709779739 0.045011356 0.702984095 70.166519165
0.698990583 -0.022444084 -0.714778543 -39.313545227 -0.016606053 0.998728454 -0.047599383 -4.945869923 0.714937985 0.045141172 0.697729051 70.967903137
0.694107473 -0.022728322 -0.719512463 -40.146488190 -0.017523762 0.998671770 -0.048451561 -5.016635895 0.719658017 0.046239164 0.692787290 71.758758545
0.689106286 -0.024678675 -0.724239945 -40.983573914 -0.018529052 0.998493075 -0.051654119 -5.080459118 0.724423349 0.049014658 0.687610567 72.536087036
0.683940709 -0.027996883 -0.729000211 -41.820114136 -0.016746134 0.998397529 -0.054054014 -5.145771027 0.729345322 0.049177676 0.682375908 73.316802979
0.678574443 -0.028035998 -0.733996272 -42.675880432 -0.017569568 0.998365819 -0.054376904 -5.226614475 0.734321356 0.049794786 0.676972985 74.117187500
0.673685670 -0.027470456 -0.738507211 -43.547130585 -0.017153474 0.998458385 -0.052787784 -5.301098347 0.738818824 0.048230346 0.672175884 74.903854370
0.668026149 -0.027907582 -0.743614316 -44.425994873 -0.016432382 0.998499572 -0.052235365 -5.369919777 0.743956387 0.047113944 0.666565239 75.694602966
0.662908554 -0.029103002 -0.748134553 -45.295085907 -0.015871713 0.998473406 -0.052905008 -5.439855576 0.748532176 0.046945363 0.661434650 76.466514587
0.657492876 -0.030257864 -0.752852976 -46.196735382 -0.014576483 0.998495460 -0.052860625 -5.514546871 0.753319740 0.045729432 0.656062603 77.249473572
0.652680516 -0.031451803 -0.756980240 -47.092296600 -0.013003559 0.998525798 -0.052699663 -5.586181164 0.757521689 0.044239476 0.651309252 78.032203674
0.648693681 -0.032264840 -0.760365367 -48.013294220 -0.012048842 0.998540282 -0.052650679 -5.658757687 0.760954201 0.043315686 0.647358060 78.800949097
0.644652605 -0.035151180 -0.763667107 -48.921085358 -0.009671964 0.998487413 -0.054124452 -5.729639530 0.764414489 0.042277630 0.643337548 79.564636230
0.639983594 -0.039504502 -0.767372370 -49.836994171 -0.007096727 0.998331130 -0.057312924 -5.808055878 0.768355787 0.042125169 0.638635159 80.325767517
0.635202289 -0.043891311 -0.771097600 -50.759140015 -0.002730669 0.998250186 -0.059070379 -5.880571365 0.772340894 0.039627261 0.633970916 81.090576172
0.628045321 -0.047646221 -0.776716709 -51.685909271 0.002431637 0.998239219 -0.059268888 -5.959809780 0.778172851 0.035334863 0.627055347 81.847770691
0.619343281 -0.051365446 -0.783438265 -52.627388000 0.007075343 0.998182178 -0.059851576 -6.040756226 0.785088420 0.031525571 0.618580878 82.594032288
0.610300124 -0.052101605 -0.790454984 -53.583232880 0.010045500 0.998263538 -0.058042977 -6.129297733 0.792106569 0.027483119 0.609763741 83.329322815
0.601167738 -0.050720211 -0.797511637 -54.563518524 0.010292584 0.998392522 -0.055737238 -6.208022118 0.799056530 0.025298979 0.600723386 84.070999146
0.592360377 -0.050192948 -0.804108143 -55.531387329 0.009617206 0.998426855 -0.055237774 -6.293425560 0.805615723 0.024987394 0.591911256 84.766479492
0.582872748 -0.051715162 -0.810916126 -56.525333405 0.008767490 0.998314798 -0.057364363 -6.368728638 0.812516093 0.026326425 0.582343996 85.474784851
0.572278082 -0.053917825 -0.818285167 -57.526981354 0.008767882 0.998181462 -0.059639484 -6.448901653 0.820012748 0.026955744 0.571710169 86.185005188
0.562096953 -0.055475991 -0.825208783 -58.557823181 0.009433093 0.998113036 -0.060674343 -6.538145065 0.827017486 0.026320593 0.561559677 86.904464722
0.551759720 -0.056874152 -0.832061529 -59.589382172 0.013039778 0.998138368 -0.059579059 -6.625942230 0.833901167 0.022023430 0.551474333 87.585227966
0.542710602 -0.056753032 -0.838000178 -60.646911621 0.013873634 0.998184144 -0.058616474 -6.710573673 0.839805126 0.020185674 0.542512536 88.241210938
0.531603098 -0.057519618 -0.845038235 -61.689170837 0.013799541 0.998147190 -0.059260242 -6.792630672 0.846881151 0.019841786 0.531411946 88.907752991
0.520846665 -0.058329031 -0.851655185 -62.753398895 0.013166320 0.998093069 -0.060306292 -6.884761333 0.853548706 0.020197168 0.520621419 89.564407349
0.510595679 -0.058776598 -0.857809603 -63.831806183 0.011469939 0.998037577 -0.061557658 -6.970720291 0.859744370 0.021592051 0.510267854 90.205528259
0.501162827 -0.059738535 -0.863288581 -64.917602539 0.010671761 0.997965038 -0.062862739 -7.063735008 0.865287244 0.022291655 0.500780463 90.818038940
0.491944492 -0.059542049 -0.868588090 -66.037528992 0.009282916 0.997960627 -0.063152999 -7.155111790 0.870577037 0.023004744 0.491494000 91.430953979
0.483217359 -0.057390399 -0.873617351 -67.157623291 0.008541755 0.998110712 -0.060844090 -7.246387959 0.875458777 0.021938693 0.482794583 92.044494629
0.475159675 -0.056108773 -0.878108799 -68.262046814 0.009673625 0.998237550 -0.058550116 -7.338757515 0.879846394 0.019326158 0.474865019 92.642463684
0.467685193 -0.055901065 -0.882125616 -69.371994019 0.008935882 0.998246133 -0.058522098 -7.424999237 0.883849919 0.019487347 0.467364430 93.207580566
0.459339947 -0.059453703 -0.886268675 -70.503868103 0.011249521 0.998066962 -0.061123017 -7.511813164 0.888189316 0.018106146 0.459120780 93.802902222
0.452721864 -0.062474236 -0.889460444 -71.641830444 0.013645472 0.997910976 -0.063146293 -7.603232861 0.891547382 0.016450595 0.452628613 94.370758057
0.446980625 -0.064957432 -0.892182171 -72.745620728 0.014540888 0.997755826 -0.065359056 -7.702601910 0.894425452 0.016241113 0.446922183 94.913894653
0.441562235 -0.068467736 -0.894614458 -73.895423889 0.016533323 0.997535765 -0.068184160 -7.803863525 0.897078335 0.015316603 0.441606164 95.475280762
0.436513036 -0.069189571 -0.897033513 -75.042175293 0.019527510 0.997532308 -0.067438766 -7.912261963 0.899485886 0.011921064 0.436786979 96.030578613
0.432630032 -0.066668980 -0.899103165 -76.195045471 0.021115037 0.997737885 -0.063822672 -8.010597229 0.901324272 0.008627006 0.433059067 96.580451965
0.428519100 -0.064826764 -0.901204109 -77.339851379 0.024555745 0.997889876 -0.060105562 -8.114301682 0.903198898 0.003626640 0.429206789 97.130157471
0.425436616 -0.063827761 -0.902734578 -78.482673645 0.024992939 0.997958064 -0.058781955 -8.205558777 0.904643059 0.002446013 0.426163107 97.653572083
0.423049301 -0.063964017 -0.903846204 -79.618713379 0.026709588 0.997952104 -0.058122229 -8.293679237 0.905712903 0.000447214 0.423891425 98.172027588
0.420808315 -0.062347114 -0.905004561 -80.742851257 0.027693212 0.998053253 -0.055880617 -8.395568848 0.906726778 -0.001547449 0.421715766 98.689117432
0.418696702 -0.061359454 -0.906050801 -81.875335693 0.029829424 0.998105586 -0.053809047 -8.481930733 0.907636106 -0.004497301 0.419733882 99.198318481
0.416268945 -0.062717989 -0.907075822 -83.014671326 0.032271460 0.998008788 -0.054195561 -8.563015938 0.908668697 -0.006712732 0.417463988 99.726860046
0.414272279 -0.062975436 -0.907971680 -84.097785950 0.033994950 0.997977853 -0.053707544 -8.643771172 0.909517884 -0.008616906 0.415575415 100.222824097
0.412033767 -0.061721593 -0.909075677 -85.203445435 0.037500236 0.998006403 -0.050762758 -8.728863716 0.910396576 -0.013174580 0.413526952 100.732444763
0.409849167 -0.061773922 -0.910059154 -86.296638489 0.039552104 0.997969270 -0.049928717 -8.802747726 0.911295414 -0.015531511 0.411460131 101.226791382
0.408465892 -0.063565314 -0.910557568 -87.398284912 0.042071309 0.997823119 -0.050784528 -8.877506256 0.911803544 -0.017564602 0.410250962 101.716270447
0.406969070 -0.064070649 -0.911192119 -88.469642639 0.043176960 0.997771263 -0.050874203 -8.967728615 0.912420928 -0.018638277 0.408828437 102.199249268
0.406207830 -0.064857334 -0.911476076 -89.533706665 0.042874958 0.997732103 -0.051887382 -9.051428795 0.912774324 -0.018002436 0.408067375 102.674537659
0.407325149 -0.065513700 -0.910930336 -90.587898254 0.041533902 0.997720599 -0.053183604 -9.131168365 0.912338257 -0.016171476 0.409117758 103.139060974
0.409674793 -0.065403126 -0.909884036 -91.631774902 0.039429739 0.997764051 -0.053966768 -9.211249352 0.911379099 -0.013767669 0.411337584 103.599952698
0.414596170 -0.065082632 -0.907675147 -92.669776917 0.037260171 0.997816861 -0.054526791 -9.297592163 0.909242332 -0.011213537 0.416116089 104.061775208
0.419562608 -0.065615535 -0.905351758 -93.710693359 0.035615202 0.997805953 -0.055811185 -9.380170822 0.907027423 -0.008828006 0.420978963 104.532180786
0.425890177 -0.065674461 -0.902388334 -94.740623474 0.035108626 0.997810483 -0.056049343 -9.460117340 0.904093444 -0.007810751 0.427263439 105.007278442
0.432631254 -0.064854607 -0.899235368 -95.750350952 0.033928078 0.997873902 -0.055645481 -9.533984184 0.900932372 -0.006435350 0.433911830 105.495681763
0.440825164 -0.063044570 -0.895376325 -96.761123657 0.032684118 0.997996211 -0.054178633 -9.616491318 0.896997690 -0.005381280 0.442002416 105.979026794
0.450069547 -0.062739432 -0.890786946 -97.740745544 0.032490682 0.998018920 -0.053876050 -9.694482803 0.892402232 -0.004694297 0.451216429 106.465972900
0.459781289 -0.062534280 -0.885827601 -98.729446411 0.031388395 0.998038590 -0.054163836 -9.764204025 0.887477279 -0.002901191 0.460842311 106.969284058
0.469559878 -0.062804908 -0.880663991 -99.708618164 0.030536408 0.998025179 -0.054892909 -9.850262642 0.882372379 -0.001116808 0.470550418 107.488792419
0.479353219 -0.065082431 -0.875205517 -100.670486450 0.029249988 0.997877240 -0.058184274 -9.914913177 0.877134502 0.002291061 0.480239302 108.022125244
0.490900367 -0.066307090 -0.868688822 -101.628738403 0.027727621 0.997783482 -0.060491882 -9.990836143 0.870774388 0.005608813 0.491650850 108.557464600
0.503337681 -0.064614668 -0.861670494 -102.573356628 0.025636276 0.997877896 -0.059853323 -10.070036888 0.863709390 0.008036413 0.503926039 109.105773926
0.516387880 -0.062347472 -0.854082167 -103.496330261 0.024769051 0.998016298 -0.057878911 -10.147286415 0.855996490 0.008733162 0.516907811 109.649978638
0.529302955 -0.058966532 -0.846381307 -104.445533752 0.023005765 0.998212516 -0.055157322 -10.237149239 0.848120928 0.009723278 0.529713452 110.229454041
0.541640699 -0.058775634 -0.838552833 -105.368026733 0.023444843 0.998220742 -0.054823481 -10.308395386 0.840283096 0.010034889 0.542055011 110.808326721
0.552572727 -0.058103442 -0.831436872 -106.258613586 0.023044966 0.998250723 -0.054445248 -10.397564888 0.833145976 0.010924524 0.552945137 111.409187317
0.563273609 -0.059820812 -0.824102044 -107.121299744 0.023532864 0.998132586 -0.056368820 -10.465133667 0.825935245 0.012357586 0.563629568 112.005752563
0.574370146 -0.061268881 -0.816299558 -107.977104187 0.026202137 0.998059988 -0.056474745 -10.547538757 0.818176329 0.011048609 0.574861407 112.604568481
0.585269570 -0.060763180 -0.808558822 -108.838249207 0.026322676 0.998086393 -0.055952687 -10.628455162 0.810411394 0.011463975 0.585749090 113.224967957
0.595741153 -0.058063261 -0.801074982 -109.674346924 0.024548179 0.998233795 -0.054097749 -10.701913834 0.802801251 0.012563323 0.596114337 113.842529297
0.605755031 -0.055369448 -0.793722272 -110.489913940 0.024357202 0.998398542 -0.051058508 -10.767651558 0.795278311 0.011596100 0.606133640 114.464660645
0.615934968 -0.054444995 -0.785913348 -111.294975281 0.023888320 0.998441100 -0.050446358 -10.832967758 0.787434697 0.012297528 0.616275370 115.087654114
0.625714123 -0.053675409 -0.778203607 -112.093688965 0.022719895 0.998460591 -0.050599393 -10.918970108 0.779721558 0.013980045 0.625970364 115.735633850
0.635416687 -0.053222585 -0.770333111 -112.862831116 0.021063283 0.998445332 -0.051608693 -10.985239029 0.771882176 0.016567275 0.635549724 116.361991882
0.644893706 -0.053256992 -0.762414515 -113.633789062 0.021077704 0.998429179 -0.051914610 -11.043107986 0.763981700 0.017409459 0.645003080 116.999176025
0.653717399 -0.050142504 -0.755075753 -114.369064331 0.020168973 0.998602331 -0.048852865 -11.125254631 0.756470025 0.016706863 0.653814971 117.655380249
0.662572980 -0.049941245 -0.747330487 -115.087959290 0.021919237 0.998640120 -0.047302008 -11.175937653 0.748676419 0.014960120 0.662766695 118.286865234
0.670621872 -0.049428023 -0.740150750 -115.801986694 0.022334194 0.998670578 -0.046456099 -11.238267899 0.741463006 0.014623807 0.670834303 118.937583923
0.678533852 -0.048459336 -0.732968986 -116.504463196 0.021103071 0.998695672 -0.046491709 -11.296637535 0.734265864 0.016078304 0.678671539 119.581237793
0.685969293 -0.047879394 -0.726053476 -117.192031860 0.020678371 0.998712420 -0.046323065 -11.348319054 0.727336586 0.016762594 0.686076164 120.235954285
0.693086684 -0.045552086 -0.719413579 -117.872467041 0.020114649 0.998834908 -0.043866038 -11.400500298 0.720573604 0.015932212 0.693195403 120.892295837
0.700531781 -0.042473141 -0.712356031 -118.539916992 0.018945683 0.998982310 -0.040931586 -11.459595680 0.713369608 0.015177807 0.700623631 121.544349670
0.708148181 -0.040613513 -0.704894781 -119.184112549 0.017890599 0.999055862 -0.039588854 -11.517218590 0.705837250 0.015423780 0.708206117 122.190399170
0.715587378 -0.039753750 -0.697391093 -119.821807861 0.017196672 0.999079227 -0.039305668 -11.566858292 0.698311567 0.016133832 0.715612113 122.850311279
0.723785698 -0.036821485 -0.689041615 -120.443466187 0.014693416 0.999171138 -0.037960097 -11.615747452 0.689868212 0.017350601 0.723726988 123.490470886
0.732901216 -0.034105714 -0.679479599 -121.050331116 0.013977624 0.999286652 -0.035081513 -11.659386635 0.680191457 0.016213777 0.732855201 124.141258240
0.742410719 -0.029859714 -0.669279277 -121.645256042 0.011865372 0.999435604 -0.031427659 -11.715456963 0.669839978 0.015390983 0.742345989 124.796051025
0.752519846 -0.027793368 -0.657982826 -122.218719482 0.010094806 0.999478459 -0.030673033 -11.755961418 0.658492208 0.016439857 0.752407968 125.447654724
0.762711823 -0.027011381 -0.646174192 -122.772872925 0.008739412 0.999466658 -0.031464152 -11.800591469 0.646679461 0.018350899 0.762541056 126.092956543
0.772623956 -0.028147884 -0.634239554 -123.314666748 0.009025248 0.999402642 -0.033359554 -11.840375900 0.634799600 0.020050220 0.772416592 126.751808167
0.782627463 -0.027190654 -0.621896505 -123.844161987 0.008691574 0.999425471 -0.032759111 -11.878713608 0.622429848 0.020232910 0.782414019 127.426063538
0.792703450 -0.025520626 -0.609073222 -124.357887268 0.008246014 0.999480784 -0.031146888 -11.916412354 0.609551907 0.019667815 0.792502284 128.109161377
0.802830875 -0.023275334 -0.595752418 -124.857917786 0.008050453 0.999569774 -0.028203275 -11.954563141 0.596152604 0.017846381 0.802672803 128.790512085
0.812818170 -0.021600347 -0.582116902 -125.381057739 0.008138029 0.999635816 -0.025729785 -11.993022919 0.582460642 0.016176352 0.812697947 129.490127563
0.822003067 -0.020300124 -0.569121122 -125.855606079 0.008913788 0.999700665 -0.022784052 -12.028360367 0.569413245 0.013655541 0.821937978 130.189743042
0.830383956 -0.019193009 -0.556860924 -126.339691162 0.009220582 0.999743044 -0.020707957 -12.056797981 0.557115316 0.012060974 0.830347538 130.895599365
0.837556839 -0.020100258 -0.545980334 -126.781715393 0.011428252 0.999748945 -0.019274320 -12.093317032 0.546230674 0.009903738 0.837576270 131.599243164
0.844307840 -0.019666079 -0.535497427 -127.233421326 0.011230413 0.999756277 -0.019009164 -12.111897469 0.535740674 0.010035730 0.844322920 132.310623169
0.850968957 -0.018946836 -0.524874151 -127.676322937 0.010554598 0.999764204 -0.018977370 -12.146002769 0.525110006 0.010609316 0.850968301 133.032409668
0.857684374 -0.017164344 -0.513889968 -128.123046875 0.009260637 0.999796331 -0.017937966 -12.174153328 0.514093161 0.010626166 0.857668519 133.785751343
0.863924265 -0.016138615 -0.503363013 -128.545959473 0.008480879 0.999810934 -0.017499739 -12.198791504 0.503550291 0.010849487 0.863897800 134.522079468
0.869957685 -0.016378623 -0.492854416 -128.980697632 0.008897661 0.999807000 -0.017520126 -12.229146004 0.493046224 0.010856519 0.869935393 135.270980835
0.875078976 -0.018045120 -0.483643621 -129.384216309 0.010378663 0.999774575 -0.018523762 -12.253398895 0.483868927 0.011190178 0.875068963 136.028259277
0.879519105 -0.018732803 -0.475494742 -129.791961670 0.011040726 0.999759138 -0.018965010 -12.277401924 0.475735545 0.011430280 0.879514098 136.788421631
0.882967293 -0.017837569 -0.469095320 -130.206756592 0.010442638 0.999776900 -0.018361051 -12.302271843 0.469318211 0.011313617 0.882956624 137.562835693
0.886541963 -0.015895681 -0.462375045 -130.621749878 0.010045409 0.999835372 -0.015111942 -12.324516296 0.462539196 0.008752624 0.886555612 138.350784302
0.889465272 -0.011489173 -0.456858158 -131.032241821 0.007486675 0.999916077 -0.010570177 -12.348970413 0.456941307 0.005981456 0.889476717 139.145507812
0.892891586 -0.009031609 -0.450180948 -131.448608398 0.006121672 0.999949932 -0.007919411 -12.367325783 0.450229943 0.004315318 0.892902195 139.957092285
0.896237135 -0.006171789 -0.443532169 -131.856536865 0.004177446 0.999976218 -0.005473473 -12.384037971 0.443555415 0.003052698 0.896241724 140.773269653
0.899510741 -0.004460901 -0.436875761 -132.264144897 0.003348111 0.999988914 -0.003317168 -12.394287109 0.436885685 0.001521119 0.899515748 141.608001709
0.902857006 -0.003054183 -0.429930091 -132.672592163 0.003091244 0.999994993 -0.000612230 -12.403110504 0.429929823 -0.000776263 0.902861953 142.460845947
0.906431437 -0.003113477 -0.422341466 -133.073654175 0.004001872 0.999991238 0.001216960 -12.411499023 0.422333986 -0.002793249 0.906435966 143.321243286
0.910051644 -0.003444033 -0.414480537 -133.489624023 0.004781977 0.999986172 0.002190354 -12.421593666 0.414467305 -0.003975371 0.910055459 144.223770142
0.913944006 -0.004030725 -0.405820280 -133.896743774 0.005417686 0.999982715 0.002268999 -12.428429604 0.405804127 -0.004272345 0.913950086 145.113174438
0.917898953 -0.006946721 -0.396753162 -134.294769287 0.008229055 0.999964893 0.001529829 -12.433405876 0.396728635 -0.004669133 0.917924106 146.026397705
0.921767235 -0.008258156 -0.387655526 -134.671325684 0.009145204 0.999958038 0.000443540 -12.445067406 0.387635648 -0.003954030 0.921804190 146.963348389
0.926411748 -0.008980808 -0.376404881 -135.044586182 0.009089902 0.999957561 -0.001486260 -12.453235626 0.376402229 -0.002044596 0.926454008 147.892410278
0.931782842 -0.007090549 -0.362946928 -135.425827026 0.006825809 0.999974668 -0.002011860 -12.460862160 0.362951964 -0.000602790 0.931807637 148.860488892
0.937747598 -0.003492123 -0.347299933 -135.782989502 0.003338040 0.999993861 -0.001041929 -12.467825890 0.347301394 -0.000182235 0.937753499 149.833389282
0.944437921 -0.000210905 -0.328689843 -136.138946533 0.001024192 0.999996781 0.002301204 -12.479380608 0.328688294 -0.002509986 0.944435060 150.839553833
0.951041877 0.003154557 -0.309045941 -136.468780518 -0.002130215 0.999991000 0.003651902 -12.490303993 0.309054703 -0.002814777 0.951040089 151.838958740
0.957716644 0.004497832 -0.287677675 -136.794937134 -0.003351609 0.999984324 0.004476781 -12.493349075 0.287693322 -0.003323305 0.957716882 152.881103516
0.963749886 0.006339446 -0.266732126 -137.091751099 -0.004855831 0.999968886 0.006221379 -12.506622314 0.266763240 -0.004700647 0.963750601 153.932220459
0.969527662 0.006960143 -0.244883090 -137.369583130 -0.004973228 0.999949515 0.008731146 -12.502160072 0.244931504 -0.007247228 0.969513357 155.009948730
0.974743545 0.009626998 -0.223119289 -137.612167358 -0.007031921 0.999898136 0.012422492 -12.514050484 0.223216131 -0.010539788 0.974712014 156.078109741
0.979583383 0.011878795 -0.200686619 -137.847366333 -0.008730864 0.999824762 0.016563652 -12.508006096 0.200848162 -0.014473313 0.979515493 157.181930542
0.983860075 0.013920724 -0.178396657 -138.058441162 -0.010481118 0.999740779 0.020208687 -12.506906509 0.178631723 -0.018012727 0.983751118 158.304962158
0.987662852 0.015828772 -0.155792743 -138.258224487 -0.012897437 0.999720514 0.019808557 -12.491971970 0.156062767 -0.017554853 0.987591088 159.464111328
0.990834832 0.014842270 -0.134261072 -138.409622192 -0.012561101 0.999762297 0.017821729 -12.483299255 0.134493664 -0.015971925 0.990785778 160.607345581
0.993493855 0.015818775 -0.112781756 -138.562194824 -0.014015007 0.999761164 0.016768415 -12.470083237 0.113020077 -0.015078677 0.993478298 161.794418335
0.995569289 0.014108776 -0.092965409 -138.664688110 -0.012428083 0.999749064 0.018632947 -12.458030701 0.093204990 -0.017395008 0.995494902 162.983642578
0.997262418 0.014548751 -0.072498277 -138.766937256 -0.013118573 0.999710619 0.020164352 -12.446149826 0.072770663 -0.019158075 0.997164607 164.175888062
0.998515427 0.015324742 -0.052271031 -138.834106445 -0.014229496 0.999672711 0.021261379 -12.438382149 0.052579746 -0.020486023 0.998406529 165.394943237
0.999345422 0.017741239 -0.031527922 -138.887847900 -0.017050728 0.999611855 0.022037033 -12.430187225 0.031906646 -0.021485036 0.999259889 166.599777222
0.999772310 0.018097756 -0.011301088 -138.898590088 -0.017837180 0.999582112 0.022747612 -12.411925316 0.011708048 -0.022540851 0.999677360 167.847183228
0.999761343 0.019848138 0.009124192 -138.897567749 -0.020043854 0.999559522 0.021883553 -12.402062416 -0.008685825 -0.022061210 0.999718845 169.091781616
0.999340415 0.021258902 0.029440617 -138.881179810 -0.021876412 0.999543965 0.020813823 -12.386829376 -0.028984716 -0.021444147 0.999349773 170.373504639
0.998568594 0.021300867 0.049062043 -138.824859619 -0.022224288 0.999584496 0.018353440 -12.371008873 -0.048650719 -0.019417539 0.998627007 171.661346436
0.997432113 0.023135953 0.067778625 -138.736846924 -0.024260541 0.999580562 0.015816128 -12.360895157 -0.067384288 -0.017419860 0.997574985 172.946182251
0.995917201 0.023474997 0.087165907 -138.639663696 -0.024800565 0.999592185 0.014155598 -12.359645844 -0.086798057 -0.016259570 0.996093214 174.245605469
0.994089007 0.023422087 0.106012084 -138.504333496 -0.024719913 0.999634564 0.010944663 -12.349430084 -0.105716996 -0.013500579 0.994304597 175.556045532
0.991829813 0.024799235 0.125134379 -138.355880737 -0.025695834 0.999654353 0.005555898 -12.350995064 -0.124953352 -0.008725938 0.992124259 176.892990112
0.989291310 0.026555514 0.143518358 -138.185302734 -0.026689891 0.999643266 -0.000989169 -12.364407539 -0.143493399 -0.002851913 0.989647150 178.202896118
0.986587942 0.028943380 0.160643995 -137.977676392 -0.028335566 0.999579966 -0.006073677 -12.378640175 -0.160752311 0.001440278 0.986993670 179.527313232
0.983483315 0.031737499 0.178194717 -137.749969482 -0.030443121 0.999486446 -0.009994168 -12.407090187 -0.178420410 0.004404292 0.983944476 180.870193481
0.980056524 0.033195365 0.195926547 -137.492675781 -0.031253602 0.999427021 -0.012994909 -12.432200432 -0.196245641 0.006612336 0.980532467 182.205688477
0.976352692 0.032974996 0.213653728 -137.216369629 -0.030945536 0.999438584 -0.012837240 -12.464504242 -0.213957086 0.005922046 0.976825118 183.576034546
0.972537756 0.031939529 0.230543375 -136.901763916 -0.029599991 0.999469280 -0.013600346 -12.495227814 -0.230855405 0.006402769 0.972967029 184.925689697
0.968264520 0.032544784 0.247799739 -136.563278198 -0.028878948 0.999413252 -0.018414995 -12.541046143 -0.248253658 0.010674393 0.968636274 186.286026001
0.963945925 0.033592451 0.263969094 -136.204208374 -0.028565327 0.999330461 -0.022860732 -12.580964088 -0.264560312 0.014496148 0.964260101 187.625808716
0.959079742 0.036025591 0.280834645 -135.821228027 -0.030868199 0.999264121 -0.022767888 -12.625876427 -0.281448185 0.013167360 0.959486067 189.012817383
0.953810394 0.038073704 0.297986865 -135.395797729 -0.032510132 0.999192536 -0.023606591 -12.671652794 -0.298645079 0.012828618 0.954278052 190.397537231
0.947863758 0.041988190 0.315897495 -134.960189819 -0.035443436 0.999021888 -0.026437588 -12.724245071 -0.316698611 0.013862738 0.948424876 191.781616211
0.941892982 0.042698264 0.333188295 -134.502288818 -0.034495555 0.998939395 -0.030498819 -12.777491570 -0.334137172 0.017233105 0.942366838 193.138946533
0.935621321 0.043683182 0.350292087 -133.994995117 -0.034381106 0.998872578 -0.032733366 -12.837824821 -0.351327062 0.018582603 0.936068356 194.515243530
0.928909659 0.044579152 0.367613196 -133.468154907 -0.032810617 0.998731136 -0.038204525 -12.907849312 -0.368849933 0.023426935 0.929193676 195.882736206
0.920986116 0.047889486 0.386640847 -132.922073364 -0.033296462 0.998460710 -0.044356886 -12.983542442 -0.388169914 0.027978310 0.921163023 197.251754761
0.911690176 0.051401537 0.407650501 -132.340835571 -0.035131838 0.998262584 -0.047302499 -13.065865517 -0.409373671 0.028803712 0.911912024 198.608688354
0.900154889 0.054441802 0.432154059 -131.733169556 -0.036873035 0.998120964 -0.048936404 -13.162046432 -0.434006274 0.028115511 0.900471032 199.977737427
