1.000000000 0.000000000 0.000000000 0.000000000 0.000000000 1.000000000 0.000000000 0.000000000 0.000000000 0.000000000 1.000000000 0.000000000
0.999934316 -0.002415743 0.011203632 0.015814235 0.002404690 0.999996603 0.000999908 -0.003491214 -0.011206009 -0.000972901 0.999936759 0.294217974
0.999827683 -0.004538210 0.017998951 0.024396377 0.004518489 0.999989152 0.001136146 -0.007872258 -0.018003911 -0.001054622 0.999837339 0.582523286
0.999777377 -0.007398791 0.019760555 0.038355120 0.007402953 0.999972582 -0.000137511 -0.010765493 -0.019758996 0.000283767 0.999804735 0.887682974
0.999815404 -0.008613787 0.017175652 0.048537772 0.008647089 0.999960899 -0.001865578 -0.009680471 -0.017158909 0.002013752 0.999850750 1.201800942
0.999882340 -0.011386468 0.010281503 0.052877568 0.011419889 0.999929667 -0.003197669 -0.013153403 -0.010244370 0.003314706 0.999942005 1.515399337
0.999910533 -0.013079648 -0.002788726 0.062494740 0.013062863 0.999896944 -0.005955074 -0.005015078 0.002866329 0.005918113 0.999978304 1.848130226
0.999731123 -0.012295713 -0.019656403 0.047286447 0.012176623 0.999906778 -0.006166924 -0.011235750 0.019730400 0.005925917 0.999787748 2.182450533
0.999227345 -0.007455814 -0.038589019 0.003792318 0.007231481 0.999956131 -0.005949695 -0.019142989 0.038631693 0.005666042 0.999237418 2.529673815
0.998293996 -0.003955569 -0.058251932 -0.043283984 0.003519542 0.999965012 -0.007585876 -0.019826563 0.058279898 0.007367914 0.998273075 2.876867533
0.996837914 -0.003876697 -0.079365917 -0.067662388 0.003240409 0.999961495 -0.008144367 -0.024134703 0.079394445 0.007861434 0.996812284 3.245716333
0.994888842 -0.005378967 -0.100832567 -0.113126531 0.004594446 0.999957383 -0.008011047 -0.023542266 0.100871347 0.007506831 0.994871140 3.627503633
0.992689729 -0.007184543 -0.120480321 -0.172434092 0.006389352 0.999955177 -0.006985180 -0.032111257 0.120525114 0.006164324 0.992691100 4.013644695
0.990304947 -0.006010601 -0.138780311 -0.230632454 0.005167549 0.999965906 -0.006434248 -0.035717744 0.138814256 0.005654713 0.990302265 4.411200523
0.987958729 -0.005024610 -0.154636264 -0.308453113 0.004200988 0.999975264 -0.005652501 -0.043186769 0.154660851 0.004934812 0.987955213 4.817750454
0.985713720 -0.004428110 -0.168371335 -0.390967488 0.003507012 0.999977231 -0.005767603 -0.052288003 0.168393046 0.005094725 0.985706747 5.237480640
0.983500719 -0.005654467 -0.180816069 -0.477057606 0.004470295 0.999965847 -0.006955890 -0.055467982 0.180849224 0.006032821 0.983492255 5.672905922
0.981691957 -0.009792684 -0.190223739 -0.569699168 0.008228394 0.999925554 -0.009011524 -0.066576481 0.190297827 0.007281303 0.981699407 6.111934662
0.980063975 -0.009081549 -0.198474780 -0.664209783 0.007021656 0.999913990 -0.011079979 -0.069031246 0.198558331 0.009465467 0.980043352 6.582384109
0.978514373 -0.008372528 -0.206008434 -0.767891824 0.005915757 0.999903917 -0.012538661 -0.082324691 0.206093624 0.011050565 0.978469908 7.053940296
0.976737559 -0.009199237 -0.214240566 -0.880628169 0.006112867 0.999867916 -0.015064156 -0.095538698 0.214350834 0.013404102 0.976664782 7.537925720
0.974992692 -0.013182016 -0.221845508 -0.998269320 0.009647602 0.999808788 -0.017008027 -0.104549907 0.222027302 0.014442424 0.974933505 8.030479431
0.973001480 -0.019414386 -0.229980916 -1.113643169 0.015569407 0.999707222 -0.018521737 -0.115855411 0.230273187 0.014441012 0.973018944 8.549447060
0.970776796 -0.020133682 -0.239138022 -1.229383707 0.015552512 0.999657869 -0.021028752 -0.133370340 0.239479601 0.016695026 0.970757842 9.059872627
0.968534946 -0.016354149 -0.248339623 -1.377202749 0.010277473 0.999615669 -0.025746081 -0.141076162 0.248665243 0.022383679 0.968330860 9.588182449
0.966331482 -0.013096954 -0.256966561 -1.535935044 0.005854889 0.999564350 -0.028927827 -0.157962516 0.257233471 0.026449362 0.965987206 10.130217552
0.964015424 -0.015780684 -0.265377551 -1.691459417 0.008001418 0.999506652 -0.030369597 -0.180791795 0.265725881 0.027153363 0.963666141 10.697090149
0.961534441 -0.018874871 -0.274035364 -1.853291035 0.010339532 0.999416411 -0.032557979 -0.200327292 0.274489939 0.028472219 0.961168349 11.264512062
0.959338427 -0.018312301 -0.281663895 -2.033885479 0.008865512 0.999355733 -0.034777183 -0.225403026 0.282119244 0.030865993 0.958882689 11.840583801
0.956934571 -0.017382482 -0.289782852 -2.219673872 0.006497500 0.999238074 -0.038482457 -0.254617959 0.290230989 0.034942333 0.956318498 12.421804428
0.954501927 -0.018374417 -0.297638208 -2.411708593 0.005481107 0.999012232 -0.044095624 -0.280248851 0.298154444 0.040457975 0.953659832 13.023426056
0.952700555 -0.019880462 -0.303259790 -2.612415314 0.004379230 0.998652518 -0.051710062 -0.314090520 0.303879142 0.047936164 0.951503873 13.631988525
0.951279283 -0.020634145 -0.307639480 -2.818219423 0.002197785 0.998186588 -0.060154904 -0.348470747 0.308322847 0.056547981 0.949599564 14.241964340
0.950024307 -0.020636994 -0.311493039 -3.034783125 -0.000854669 0.997636795 -0.068701968 -0.389158517 0.312174737 0.065534763 0.947761655 14.867751122
0.948628485 -0.020178055 -0.315748125 -3.258162260 -0.004481817 0.997007072 -0.077179380 -0.443609238 0.316360444 0.074629687 0.945698977 15.507342339
0.947341740 -0.020010961 -0.319598496 -3.487841129 -0.007407663 0.996409059 -0.084345482 -0.496535361 0.320138663 0.082271487 0.943791628 16.146320343
0.945587218 -0.017919987 -0.324874640 -3.721876860 -0.012450903 0.995757878 -0.091165587 -0.555149972 0.325130194 0.090249985 0.941352844 16.808191299
0.943864584 -0.017371502 -0.329875469 -3.965173483 -0.015602130 0.995157421 -0.097047769 -0.620711327 0.329963923 0.096746698 0.939022839 17.472606659
0.942339599 -0.015406807 -0.334303319 -4.216885090 -0.020014420 0.994557142 -0.102252454 -0.696822643 0.334059149 0.103047416 0.936902225 18.125492096
0.940380335 -0.012254172 -0.339903921 -4.464424610 -0.025159540 0.994106650 -0.105445914 -0.769176245 0.339192986 0.107711099 0.934530079 18.820688248
0.938588023 -0.011268103 -0.344855875 -4.734639168 -0.027396992 0.993877053 -0.107040659 -0.846914530 0.343950540 0.109915085 0.932532489 19.521976471
0.936340451 -0.011129946 -0.350916892 -5.007312775 -0.027987015 0.993950605 -0.106201775 -0.932169378 0.349976093 0.109262116 0.930364728 20.213392258
0.933906734 -0.010867340 -0.357351393 -5.284277439 -0.028459020 0.994106472 -0.104606748 -1.017167568 0.356382072 0.107862830 0.928093433 20.929363251
0.931324542 -0.011082990 -0.364021659 -5.574082851 -0.028316582 0.994307339 -0.102718681 -1.100309491 0.363087803 0.105972297 0.925708890 21.645524979
0.927935421 -0.010373806 -0.372596592 -5.873998642 -0.029074719 0.994552553 -0.100099571 -1.178476095 0.371605277 0.103719078 0.922578931 22.382654190
0.924746037 -0.008006091 -0.380500406 -6.187684536 -0.030039014 0.995124280 -0.093943439 -1.262744546 0.379397333 0.098303683 0.919996738 23.101282120
0.921246767 -0.004750358 -0.388949543 -6.515549183 -0.032399353 0.995513558 -0.088898033 -1.340978503 0.387626857 0.094498731 0.916959882 23.844701767
0.917573273 -0.000589388 -0.397566229 -6.842128754 -0.036177095 0.995726407 -0.084972024 -1.422838330 0.395917296 0.092350855 0.913630545 24.572938919
0.913642526 0.000514918 -0.406518131 -7.194322109 -0.037633680 0.995811999 -0.083319701 -1.492344737 0.404772729 0.091423191 0.909835517 25.319841385
0.909402668 -0.000105616 -0.415916890 -7.549479961 -0.037632890 0.995877266 -0.082537249 -1.566860676 0.414210856 0.090711750 0.905649364 26.086914062
0.905781686 0.000695792 -0.423744053 -7.921910763 -0.038882777 0.995916426 -0.081479259 -1.636721373 0.421956927 0.090278767 0.902109742 26.847715378
0.901736915 0.001167967 -0.432283580 -8.302686691 -0.039672252 0.995999932 -0.080064654 -1.702508688 0.430460900 0.089346915 0.898176193 27.621307373
0.897783399 0.000565361 -0.440436929 -8.693571091 -0.038837973 0.996205330 -0.077888265 -1.780633450 0.438721597 0.087032460 0.894398510 28.413158417
0.894066393 0.001255495 -0.447932541 -9.094426155 -0.038110111 0.996583462 -0.073273934 -1.858980656 0.446310103 0.082582518 0.891059697 29.188419342
0.890053272 0.002825140 -0.455847621 -9.505116463 -0.037734129 0.997005582 -0.067497805 -1.925124288 0.454291910 0.077277645 0.887494802 29.984554291
0.886235356 0.003105458 -0.463224888 -9.928284645 -0.036505811 0.997335732 -0.063156269 -1.994726419 0.461794615 0.072881721 0.883987546 30.785758972
0.882378578 0.002303155 -0.470534652 -10.364669800 -0.035397395 0.997479439 -0.061497197 -2.057311296 0.469206929 0.070919514 0.880235910 31.599678040
0.879077315 0.002015954 -0.476674974 -10.801425934 -0.035271045 0.997524917 -0.060827661 -2.115033627 0.475372463 0.070285045 0.876972616 32.397907257
0.876024783 0.002531523 -0.482259393 -11.266793251 -0.035034366 0.997678101 -0.058402859 -2.180509567 0.480991781 0.068058006 0.874079406 33.221794128
0.872754931 0.000252985 -0.488158554 -11.727941513 -0.032333549 0.997833967 -0.057290446 -2.235876799 0.487086624 0.065784417 0.870872557 34.058712006
0.870161951 -0.000555233 -0.492765605 -12.227590561 -0.031772915 0.997855306 -0.057231314 -2.300431490 0.491740525 0.065457098 0.868278027 34.904335022
0.867732644 -0.002464753 -0.497025162 -12.690105438 -0.030300511 0.997865438 -0.057848655 -2.355888367 0.496106744 0.065257281 0.865805745 35.745723724
0.866243064 -0.002135482 -0.499618292 -13.201060295 -0.031191288 0.997809052 -0.058344617 -2.417607069 0.498648256 0.066124365 0.864278615 36.613376617
0.865777075 -0.002393292 -0.500424087 -13.700571060 -0.030302098 0.997902870 -0.057197765 -2.486958504 0.499511510 0.064684421 0.863888979 37.466491699
0.865551174 -0.002088872 -0.500816226 -14.218525887 -0.029724509 0.998014092 -0.055534951 -2.548592806 0.499937654 0.062954850 0.863770247 38.357295990
0.865150988 -0.002974774 -0.501502633 -14.739348412 -0.028617682 0.998060107 -0.055289086 -2.611178398 0.500694215 0.062185250 0.863387644 39.233337402
0.864512444 -0.005123137 -0.502585471 -15.268898964 -0.026470445 0.998096228 -0.055706773 -2.678882122 0.501913965 0.061462857 0.862730920 40.137367249
0.863333344 -0.007870349 -0.504572690 -15.800149918 -0.023759138 0.998135626 -0.056221295 -2.740337133 0.504074514 0.060525931 0.861536741 41.044670105
0.861484826 -0.008438573 -0.507713199 -16.347364426 -0.022563575 0.998238146 -0.054877203 -2.797395229 0.507281780 0.058731709 0.859776556 41.983509064
0.859596550 -0.007460088 -0.510918856 -16.904167175 -0.021383436 0.998492241 -0.050555911 -2.866739988 0.510525703 0.054382894 0.858141005 42.888309479
0.856974065 -0.007306740 -0.515307605 -17.466011047 -0.019314244 0.998741627 -0.046281781 -2.933399916 0.514997363 0.049615074 0.855754614 43.801219940
0.852823555 -0.007893734 -0.522139668 -18.042335510 -0.017912969 0.998854995 -0.044358432 -3.000560284 0.521892071 0.047182981 0.851705611 44.719730377
0.847516119 -0.011041384 -0.530654848 -18.611888885 -0.016070366 0.998791337 -0.046448145 -3.065891981 0.530526340 0.047893375 0.846314311 45.622005463
0.841345966 -0.015088691 -0.540286303 -19.184259415 -0.014118121 0.998655796 -0.049874716 -3.126878262 0.540312529 0.049589723 0.840001941 46.518253326
0.835379958 -0.015243632 -0.549461544 -19.776584625 -0.014066957 0.998695135 -0.049093511 -3.188580513 0.549492896 0.048740979 0.834075511 47.398708344
0.829361856 -0.011449327 -0.558594525 -20.378234863 -0.015819415 0.998907983 -0.043961827 -3.250799894 0.558487833 0.045296907 0.828275025 48.280162811
0.824132502 -0.006467777 -0.566360176 -20.994550705 -0.019449273 0.999021888 -0.039710116 -3.309510708 0.566063046 0.043741696 0.823200583 49.159103394
0.820017159 -0.007031854 -0.572295785 -21.607564926 -0.019986464 0.998962820 -0.040912073 -3.367981672 0.571989894 0.044986770 0.819026113 50.017757416
0.816315830 -0.009850280 -0.577521980 -22.231805801 -0.019902077 0.998781145 -0.045166519 -3.428051472 0.577262938 0.048364025 0.815124810 50.904434204
0.813407898 -0.011625501 -0.581577659 -22.868206024 -0.023139358 0.998362243 -0.052320082 -3.487309694 0.581233501 0.056014895 0.811806619 51.766643524
0.810130477 -0.013179066 -0.586101532 -23.506156921 -0.022823744 0.998280287 -0.053995095 -3.551591635 0.585805357 0.057120096 0.808436453 52.643783569
0.806934416 -0.011378125 -0.590531588 -24.158969879 -0.022369798 0.998508275 -0.049806163 -3.620141745 0.590217471 0.053400367 0.805476069 53.508838654
0.803505838 -0.008847030 -0.595231175 -24.803770065 -0.022017306 0.998763740 -0.044566091 -3.683504343 0.594889641 0.048914496 0.802317679 54.378242493
0.800239205 -0.007185686 -0.599637926 -25.446723938 -0.022230607 0.998885453 -0.041637585 -3.744439125 0.599268734 0.046650346 0.799187481 55.236957550
0.797861576 -0.005973010 -0.602810979 -26.105224609 -0.024201611 0.998827338 -0.041929461 -3.800354481 0.602354586 0.048042908 0.796781421 56.056198120
0.794099569 -0.007406874 -0.607742548 -26.766540527 -0.023977609 0.998765469 -0.043502536 -3.858539581 0.607314467 0.049117558 0.792941689 56.919956207
0.790034890 -0.010262113 -0.612975895 -27.447984695 -0.022826914 0.998674095 -0.046139758 -3.921991587 0.612636745 0.050444376 0.788753152 57.789634705
0.785611689 -0.011624697 -0.618610561 -28.119930267 -0.021911897 0.998673558 -0.046593968 -3.981200457 0.618331730 0.050159700 0.784315050 58.637638092
0.781162858 -0.011453683 -0.624222219 -28.794576645 -0.021512402 0.998744130 -0.045246683 -4.046779156 0.623956621 0.048773553 0.779935479 59.460968018
0.776106238 -0.011035414 -0.630505621 -29.482116699 -0.022173448 0.998751104 -0.044774514 -4.106965065 0.630212247 0.048730262 0.774892211 60.313785553
0.770988286 -0.012213565 -0.636732161 -30.185407639 -0.022020441 0.998706937 -0.045820326 -4.167142391 0.636468410 0.049348053 0.769722462 61.142868042
0.765508294 -0.013896557 -0.643275917 -30.894823074 -0.020874623 0.998704135 -0.046415914 -4.233035564 0.643087327 0.048959907 0.764226198 61.987655640
0.759365022 -0.015724411 -0.650474787 -31.609617233 -0.019595543 0.998701811 -0.047018226 -4.301364899 0.650369704 0.048450403 0.758071065 62.846191406
0.753987968 -0.017151900 -0.656664252 -32.343318939 -0.019354170 0.998645067 -0.048306990 -4.360529423 0.656603038 0.049132083 0.752634406 63.663768768
0.747733057 -0.018745022 -0.663734794 -33.071163177 -0.018436164 0.998629987 -0.048972376 -4.430141449 0.663743436 0.048854984 0.746363044 64.479637146
0.741408706 -0.020003375 -0.670755506 -33.812110901 -0.017397432 0.998646677 -0.049011756 -4.493791103 0.670828223 0.048007160 0.740057349 65.300064087
0.735196412 -0.019789064 -0.677565157 -34.569419861 -0.016888000 0.998728752 -0.047493432 -4.557160378 0.677643776 0.046359722 0.733927608 66.107955933
0.728546441 -0.020149238 -0.684700072 -35.336563110 -0.016468788 0.998763084 -0.046914831 -4.617456913 0.684798539 0.045455802 0.727313399 66.926765442
0.721947670 -0.022128560 -0.691593707 -36.122581482 -0.014833365 0.998763859 -0.047441319 -4.689856529 0.691788614 0.044508811 0.720727026 67.732551575
0.715337873 -0.024160501 -0.698360980 -36.909378052 -0.014196729 0.998693347 -0.049092647 -4.753011227 0.698634505 0.045032274 0.714060128 68.536453247
0.709406555 -0.023346424 -0.704412639 -37.713794708 -0.015820907 0.998671830 -0.049032152 -4.816266060 0.704621792 0.045928176 0.708095074 69.325103760
0.703852057 -0.022949522 -0.709975719 -38.529861450 -0.015750326 0.998728037 -0.047897741 -4.881387711 0.710171878 0.044895273 0.702595353 70.128082275
0.699321151 -0.022413818 -0.714456141 -39.368350983 -0.016808521 0.998716235 -0.047784038 -4.951552391 0.714609981 0.045425344 0.698046684 70.911766052
0.694639981 -0.023209231 -0.718983054 -40.198810577 -0.016656801 0.998692393 -0.048331276 -5.024565697 0.719164610 0.045548797 0.693345249 71.700111389
0.689724326 -0.024862446 -0.723645151 -41.040161133 -0.017883955 0.998520434 -0.051352046 -5.092632771 0.723851264 0.048360396 0.688259304 72.479896545
0.684711576 -0.027630763 -0.728290081 -41.907470703 -0.016958691 0.998406470 -0.053822715 -5.155719757 0.728616714 0.049203888 0.683151960 73.275848389
0.679153919 -0.028286858 -0.733450592 -42.755214691 -0.016936949 0.998387158 -0.054187745 -5.227772713 0.733800530 0.049224235 0.677579463 74.063529968
0.674152553 -0.027774163 -0.738069713 -43.618686676 -0.017173255 0.998433053 -0.053257897 -5.296497345 0.738392413 0.048579011 0.672619283 74.845588684
0.669082880 -0.027742503 -0.742669761 -44.501335144 -0.016773574 0.998484790 -0.052410070 -5.369305134 0.742998481 0.047523916 0.667603731 75.628524780
0.663220704 -0.029553415 -0.747840166 -45.366798401 -0.015573056 0.998458803 -0.053268388 -5.437618732 0.748261869 0.046974856 0.661738276 76.414512634
0.658578992 -0.030573858 -0.751890242 -46.253582001 -0.014453429 0.998476088 -0.053260416 -5.511089802 0.752372801 0.045943581 0.657133400 77.181617737
0.653753042 -0.031304859 -0.756060243 -47.140716553 -0.013977472 0.998473823 -0.053428166 -5.582025528 0.756578743 0.045496628 0.652317703 77.948165894
0.649244726 -0.032222919 -0.759896696 -48.040660858 -0.012757246 0.998500228 -0.053240351 -5.659122467 0.760472536 0.044260200 0.647859931 78.724403381
0.645111084 -0.035528466 -0.763262331 -48.952907562 -0.009650129 0.998459876 -0.054632802 -5.731560230 0.764027834 0.042609803 0.643774688 79.495857239
0.640825629 -0.039755683 -0.766656399 -49.866107941 -0.007224669 0.998301685 -0.057806760 -5.806798458 0.767652452 0.042582896 0.639450133 80.250122070
0.635543048 -0.044657640 -0.770772815 -50.795425415 -0.002860518 0.998182714 -0.060192142 -5.873830318 0.772060156 0.040459506 0.634260356 81.024330139
0.628479302 -0.047672112 -0.776364028 -51.733112335 0.001869729 0.998209774 -0.059780817 -5.959098816 0.777824044 0.036119420 0.627443314 81.792678833
0.620254815 -0.051793303 -0.782688618 -52.652126312 0.006633683 0.998128355 -0.060792740 -6.040086746 0.784372330 0.032514881 0.619437456 82.515960693
0.611102343 -0.052544955 -0.789805710 -53.609962463 0.009274984 0.998201013 -0.059232883 -6.126825333 0.791497350 0.028871914 0.610490263 83.252029419
0.602160633 -0.051119756 -0.796736658 -54.574748993 0.009608554 0.998339772 -0.056792907 -6.203220844 0.798317015 0.026542967 0.601652145 83.972137451
0.593486905 -0.051253226 -0.803210020 -55.559162140 0.008985505 0.998330057 -0.057064600 -6.280692577 0.804793477 0.026649844 0.592956424 84.684753418
0.583862484 -0.052780062 -0.810135067 -56.549800873 0.008350468 0.998222113 -0.059015710 -6.359395981 0.811809659 0.027692050 0.583265245 85.379089355
0.574096501 -0.054647192 -0.816961944 -57.564868927 0.008474967 0.998113453 -0.060809009 -6.448204517 0.818743706 0.027986517 0.573476613 86.067192078
0.564431071 -0.056403395 -0.823550940 -58.597618103 0.008854728 0.998019159 -0.062283691 -6.530273914 0.825432658 0.027862532 0.563812554 86.765495300
0.553916991 -0.057017203 -0.830617309 -59.632137299 0.011617538 0.998084486 -0.060765453 -6.620658398 0.832490802 0.024009287 0.553518355 87.469177246
0.542541385 -0.057510708 -0.838058114 -60.677734375 0.013116924 0.998112023 -0.060002591 -6.703557014 0.839926660 0.021561146 0.542271435 88.174842834
0.532634139 -0.058463324 -0.844323933 -61.736339569 0.013405115 0.998068869 -0.060652554 -6.788133144 0.846239388 0.020987364 0.532389224 88.830398560
0.521907151 -0.059481557 -0.850925922 -62.824943542 0.012966860 0.998003662 -0.061809521 -6.877274990 0.852903783 0.021224992 0.521636546 89.494659424
0.511852205 -0.060136791 -0.856966019 -63.910850525 0.011520530 0.997937679 -0.063148312 -6.962925911 0.858996212 0.022449899 0.511489391 90.127838135
0.502142429 -0.061367135 -0.862604797 -64.995979309 0.010756010 0.997845054 -0.064727016 -7.053306580 0.864718080 0.023223992 0.501720309 90.750305176
0.492151350 -0.061058123 -0.868365705 -66.098068237 0.009885356 0.997864842 -0.064561121 -7.150410175 0.870453596 0.023189737 0.491704077 91.374275208
0.483780473 -0.058967061 -0.873200774 -67.223236084 0.008355125 0.997993350 -0.062765300 -7.241915226 0.875149548 0.023068924 0.483302355 91.983451843
0.475480258 -0.057444673 -0.877848923 -68.337654114 0.008664003 0.998123169 -0.060622394 -7.331256390 0.879683793 0.021219065 0.475085557 92.592643738
0.468201190 -0.057498898 -0.881749153 -69.458862305 0.008637772 0.998130679 -0.060501568 -7.425971508 0.883579731 0.020710558 0.467822641 93.174858093
0.460133970 -0.060606249 -0.885778546 -70.572586060 0.010302329 0.997964740 -0.062930442 -7.513561726 0.887789667 0.019830855 0.459821820 93.763671875
0.453397900 -0.063785791 -0.889022946 -71.711578369 0.012928522 0.997801602 -0.064996980 -7.610326767 0.891214490 0.017975735 0.453225762 94.336303711
0.447090358 -0.066685602 -0.891999602 -72.855613708 0.014114171 0.997618914 -0.067507319 -7.712203979 0.894377410 0.017592043 0.446967036 94.911796570
0.441430837 -0.070113085 -0.894551873 -74.002967834 0.016223263 0.997403204 -0.070168726 -7.817908764 0.897148609 0.016462091 0.441422015 95.478164673
0.436659902 -0.070989415 -0.896821380 -75.156234741 0.019052694 0.997387886 -0.069673203 -7.925522327 0.899424911 0.013336634 0.436871797 96.037490845
0.432600349 -0.068387814 -0.898988366 -76.308265686 0.020770386 0.997610271 -0.065895312 -8.029319763 0.901346505 0.009834003 0.432987034 96.589553833
0.428772599 -0.066449419 -0.900965393 -77.458557129 0.024039706 0.997777283 -0.062149059 -8.134760857 0.903092504 0.004988870 0.429416955 97.132545471
0.425439328 -0.065840788 -0.902588725 -78.588371277 0.024655510 0.997823119 -0.061166313 -8.225310326 0.904651046 0.003768771 0.426136434 97.666481018
0.422890365 -0.065967143 -0.903776646 -79.725044250 0.026378186 0.997820318 -0.060488712 -8.316379547 0.905796885 0.001740101 0.423708647 98.187286377
0.421101332 -0.064113215 -0.904744864 -80.858970642 0.026907520 0.997942567 -0.058193780 -8.421648026 0.906614423 0.000161037 0.421960086 98.695327759
0.418982625 -0.063242406 -0.905789137 -81.990447998 0.028884817 0.997994840 -0.056319240 -8.511660576 0.907534719 -0.002566767 0.419969261 99.207664490
0.416165709 -0.064719215 -0.906982720 -83.132980347 0.031909224 0.997888923 -0.056564536 -8.594538689 0.908728778 -0.005400890 0.417352289 99.740539551
0.414482385 -0.064694047 -0.907754958 -84.208084106 0.033116262 0.997881651 -0.055996265 -8.683283806 0.909454584 -0.006851983 0.415746778 100.232604980
0.412355870 -0.063772231 -0.908788085 -85.313301086 0.036316719 0.997904718 -0.053547360 -8.767260551 0.910298645 -0.010923630 0.413807839 100.741378784
0.410293370 -0.063419081 -0.909745753 -86.409774780 0.038520794 0.997893989 -0.052191146 -8.848922729 0.911139667 -0.013630447 0.411872208 101.233421326
0.408731997 -0.065515749 -0.910299897 -87.513122559 0.040962987 0.997731805 -0.053415656 -8.923760414 0.911734641 -0.015455912 0.410488695 101.727821350
0.407233328 -0.066034675 -0.910933852 -88.566528320 0.042234302 0.997677505 -0.053441938 -9.015009880 0.912347138 -0.016709313 0.409076422 102.208023071
0.406559408 -0.066705808 -0.911185980 -89.632530212 0.042046860 0.997640371 -0.054274164 -9.104254723 0.912656307 -0.016246833 0.408404857 102.683685303
0.407563895 -0.067469858 -0.910680830 -90.686500549 0.041048523 0.997612298 -0.055539619 -9.186341286 0.912253678 -0.014746157 0.409360290 103.149543762
0.409698486 -0.067545608 -0.909716785 -91.735588074 0.039116837 0.997638464 -0.056457117 -9.272712708 0.911381900 -0.012454848 0.411373168 103.618591309
0.414192706 -0.067336582 -0.907694936 -92.773971558 0.036945820 0.997681618 -0.057153314 -9.359917641 0.909439087 -0.009863047 0.415720224 104.086784363
0.419594646 -0.067599684 -0.905190945 -93.813179016 0.035361808 0.997683406 -0.058115326 -9.450001717 0.907022536 -0.007624308 0.421013057 104.551040649
0.425428599 -0.067630492 -0.902461410 -94.846282959 0.034929819 0.997687817 -0.058300525 -9.534263611 0.904317677 -0.006720105 0.426807255 105.040405273
0.432311356 -0.066532753 -0.899266541 -95.853439331 0.033734191 0.997769415 -0.057603251 -9.613695145 0.901093125 -0.005433488 0.433591545 105.523612976
0.440575212 -0.064563192 -0.895390987 -96.858985901 0.032373358 0.997904301 -0.056025788 -9.699396133 0.897131801 -0.004303241 0.441742063 106.007835388
0.449374944 -0.064487316 -0.891012669 -97.850265503 0.032085478 0.997912705 -0.056042191 -9.780054092 0.892766893 -0.003404613 0.450506061 106.504325867
0.458911628 -0.064076953 -0.886168361 -98.837234497 0.030936625 0.997943640 -0.056138314 -9.853719711 0.887943208 -0.001652537 0.459950209 107.008117676
0.468197882 -0.064712062 -0.881250858 -99.813400269 0.030184831 0.997903943 -0.057241306 -9.939224243 0.883107960 0.000199845 0.469169766 107.532470703
0.478747696 -0.066639923 -0.875419796 -100.787651062 0.029171281 0.997771978 -0.060000669 -10.013854027 0.877467752 0.003188066 0.479625016 108.056907654
0.490713626 -0.067773290 -0.868681192 -101.745674133 0.027530098 0.997678578 -0.062285881 -10.091974258 0.870885909 0.006649651 0.491440266 108.586494446
0.502990663 -0.066058323 -0.861763716 -102.693290710 0.025527576 0.997775376 -0.061584447 -10.175518036 0.863914788 0.008977662 0.503557980 109.136222839
0.515374243 -0.063760556 -0.854589999 -103.617759705 0.024181569 0.997913241 -0.059870761 -10.249191284 0.856624007 0.010190523 0.515840590 109.692939758
0.528690398 -0.060517270 -0.846654654 -104.567779541 0.022679742 0.998106241 -0.057180457 -10.340282440 0.848511696 0.011028845 0.529061675 110.264297485
0.540693641 -0.060119156 -0.839068592 -105.486114502 0.023003696 0.998126686 -0.056692127 -10.416189194 0.840905011 0.011351396 0.541063786 110.845260620
0.551716626 -0.059609622 -0.831898689 -106.372428894 0.022782141 0.998147607 -0.056413006 -10.507884979 0.833720505 0.012171558 0.552052557 111.442695618
0.563030422 -0.061953962 -0.824110568 -107.242218018 0.023718690 0.997986734 -0.058820847 -10.569687843 0.826095760 0.013571103 0.563366294 112.033111572
0.574121535 -0.063477241 -0.816305697 -108.098648071 0.026380889 0.997906685 -0.059044704 -10.652970314 0.818345010 0.012363965 0.574594259 112.632057190
0.584863663 -0.062662914 -0.808707416 -108.958396912 0.026490455 0.997955263 -0.058168717 -10.741582870 0.810698926 0.012597742 0.585327685 113.254837036
0.594965756 -0.059832346 -0.801520944 -109.781600952 0.024832945 0.998117685 -0.056074608 -10.818944931 0.803367257 0.013458352 0.595331728 113.876167297
0.605050087 -0.057212997 -0.794129133 -110.597221375 0.024669519 0.998283088 -0.053125456 -10.885649681 0.795805037 0.012552782 0.605422676 114.496086121
0.615426481 -0.056131892 -0.786193073 -111.403182983 0.024100319 0.998334587 -0.052412625 -10.953817368 0.787825763 0.013308617 0.615754366 115.113746643
0.625585377 -0.055898350 -0.778150678 -112.184074402 0.023433128 0.998326123 -0.052875835 -11.032341957 0.779803693 0.014843836 0.625847936 115.737052917
0.635207236 -0.055661615 -0.770333409 -112.955566406 0.021900490 0.998296678 -0.054074585 -11.097988129 0.772031128 0.017477883 0.635344267 116.365554810
0.644736707 -0.055618480 -0.762378693 -113.724601746 0.021866625 0.998283267 -0.054336231 -11.160064697 0.764092028 0.018361906 0.644845963 117.000221252
0.653918922 -0.053008940 -0.754705310 -114.463050842 0.021091534 0.998431981 -0.051852927 -11.232646942 0.756270468 0.017989716 0.654011726 117.648857117
0.662695229 -0.051250130 -0.747133434 -115.193832397 0.021473728 0.998545766 -0.049449082 -11.297973633 0.748581171 0.016725933 0.662832141 118.292755127
0.671011508 -0.050581161 -0.739719570 -115.912788391 0.021952242 0.998588324 -0.048369076 -11.369830132 0.741121888 0.016217703 0.671174645 118.941169739
0.679125905 -0.049501255 -0.732350767 -116.616752625 0.020336032 0.998609364 -0.048640206 -11.426072121 0.733739972 0.018139714 0.679188192 119.578071594
0.686378479 -0.049414109 -0.725563765 -117.311721802 0.021008596 0.998619795 -0.048136443 -11.486684799 0.726940989 0.017796746 0.686469316 120.240516663
0.693440259 -0.046983216 -0.718980610 -117.989524841 0.020394158 0.998751700 -0.045595720 -11.541172981 0.720225394 0.016954906 0.693532944 120.897903442
0.701055527 -0.044092324 -0.711742103 -118.661163330 0.019295147 0.998894095 -0.042875908 -11.599960327 0.712845504 0.016325228 0.701131105 121.550071716
0.708240807 -0.042406131 -0.704696119 -119.297378540 0.018273031 0.998961031 -0.041749008 -11.658416748 0.705734313 0.016691420 0.708279908 122.200164795
0.715810061 -0.041724253 -0.697047472 -119.937522888 0.017650470 0.998975515 -0.041671652 -11.708423615 0.698072016 0.017525770 0.715813100 122.859611511
0.723976851 -0.038302746 -0.688760042 -120.553382874 0.014874367 0.999091923 -0.039925765 -11.765872002 0.689663887 0.018660454 0.723889172 123.497604370
0.733176351 -0.035745397 -0.679098427 -121.159210205 0.014275541 0.999206424 -0.037182447 -11.809730530 0.679888725 0.017566795 0.733104885 124.148048401
0.742671132 -0.031670865 -0.668906987 -121.752853394 0.012570797 0.999364316 -0.033360038 -11.868916512 0.669538319 0.016366845 0.742597163 124.796165466
0.752836943 -0.029470343 -0.657547116 -122.327865601 0.010641960 0.999411523 -0.032608073 -11.910958290 0.658121109 0.017550968 0.752707541 125.449127197
0.762911260 -0.028864704 -0.645858467 -122.877731323 0.009445134 0.999393821 -0.033507969 -11.954130173 0.646434247 0.019463385 0.762721360 126.094917297
0.772865057 -0.030079383 -0.633856952 -123.423713684 0.009836634 0.999323785 -0.035428580 -11.994490623 0.634494066 0.021146495 0.772638381 126.756095886
0.782929540 -0.028981097 -0.621434987 -123.954681396 0.009484163 0.999354243 -0.034656812 -12.036547661 0.622038126 0.021240044 0.782698810 127.429527283
0.793116570 -0.027416736 -0.608452499 -124.476860046 0.009264004 0.999413788 -0.032957755 -12.080047607 0.608999431 0.020502634 0.792905629 128.114990234
0.803201735 -0.025340123 -0.595167935 -124.975280762 0.009172340 0.999502480 -0.030176822 -12.113188744 0.595636606 0.018778989 0.803034544 128.796585083
0.813203812 -0.023487335 -0.581504822 -125.490676880 0.009123522 0.999576926 -0.027614763 -12.157633781 0.581907392 0.017151063 0.813074172 129.493713379
0.822171092 -0.022130821 -0.568810046 -125.964599609 0.009891131 0.999648452 -0.024596686 -12.198589325 0.569154501 0.014596508 0.822101057 130.206069946
0.830672145 -0.021025773 -0.556364775 -126.450820923 0.010290754 0.999695718 -0.022415396 -12.230597496 0.556666911 0.012894429 0.830635786 130.909759521
0.837749362 -0.022011833 -0.545611084 -126.900115967 0.012623597 0.999700785 -0.020948697 -12.258202553 0.545908988 0.010662181 0.837776661 131.621810913
0.844539225 -0.021293413 -0.535070121 -127.354682922 0.012122124 0.999713182 -0.020650929 -12.288379669 0.535356581 0.010954333 0.844555140 132.343658447
0.851272583 -0.020843768 -0.524309397 -127.801551819 0.011593363 0.999713898 -0.020920265 -12.310576439 0.524595499 0.011730340 0.851270735 133.061950684
0.857950270 -0.018757915 -0.513390124 -128.242324829 0.009927586 0.999751866 -0.019937832 -12.340308189 0.513636768 0.012008942 0.857923687 133.809341431
0.864369988 -0.017560497 -0.502549529 -128.670715332 0.009078889 0.999772131 -0.019319437 -12.369591713 0.502774239 0.012136551 0.864332438 134.554183960
0.870385230 -0.018260561 -0.492032677 -129.092834473 0.009955337 0.999760449 -0.019493032 -12.394618988 0.492270768 0.012068095 0.870358467 135.298629761
0.875361860 -0.019484397 -0.483075321 -129.503250122 0.011091702 0.999733925 -0.020224508 -12.424771309 0.483340800 0.012345637 0.875345170 136.051498413
0.879744112 -0.019680222 -0.475039959 -129.919219971 0.011185875 0.999723077 -0.020701552 -12.455012321 0.475315869 0.012898331 0.879720628 136.820816040
0.883401453 -0.019290501 -0.468219608 -130.326644897 0.011179173 0.999735534 -0.020096771 -12.472678185 0.468483478 0.012519210 0.883383512 137.588882446
0.886720598 -0.017067295 -0.461990535 -130.746429443 0.010537088 0.999804854 -0.016711405 -12.502318382 0.462185591 0.009950312 0.886727393 138.369949341
0.889898300 -0.012962975 -0.455974847 -131.159057617 0.008153256 0.999888480 -0.012513765 -12.522079468 0.456086218 0.007418297 0.889904678 139.170043945
0.893295527 -0.010236326 -0.449353427 -131.566177368 0.006575502 0.999931276 -0.009706742 -12.544631004 0.449421942 0.005716264 0.893301249 139.974044800
0.896599889 -0.007541048 -0.442777395 -131.975006104 0.004773842 0.999961495 -0.007363815 -12.564156532 0.442815870 0.004488647 0.896601260 140.791961670
0.899852812 -0.006095183 -0.436151057 -132.384582520 0.004243367 0.999977350 -0.005219843 -12.575313568 0.436172932 0.002846342 0.899858356 141.633117676
0.903393149 -0.004271652 -0.428792179 -132.796356201 0.003626822 0.999990761 -0.002320862 -12.589104652 0.428798079 0.000541498 0.903400123 142.474548340
0.906932175 -0.004162938 -0.421256214 -133.192123413 0.004375976 0.999990344 -0.000460965 -12.602240562 0.421254098 -0.001425342 0.906941533 143.324096680
0.910501778 -0.005034118 -0.413474321 -133.614868164 0.005668754 0.999983847 0.000308057 -12.603297234 0.413466096 -0.002624371 0.910515726 144.237976074
0.914206624 -0.005369937 -0.405212820 -134.009674072 0.006230183 0.999980271 0.000804128 -12.623494148 0.405200511 -0.003259689 0.914222002 145.132888794
0.918059230 -0.008574415 -0.396350354 -134.403900146 0.009131699 0.999958217 -0.000480928 -12.617888451 0.396337926 -0.003177831 0.918099165 146.047927856
0.922025383 -0.009974895 -0.387000829 -134.775238037 0.010203732 0.999946892 -0.001463208 -12.629430771 0.386994869 -0.002599738 0.922078192 146.967987061
0.926884294 -0.010843552 -0.375190258 -135.169586182 0.010305068 0.999940991 -0.003441731 -12.641325951 0.375205398 -0.000676275 0.926941454 147.910583496
0.931872308 -0.008954202 -0.362675786 -135.538299561 0.007901655 0.999959171 -0.004385464 -12.651588440 0.362700284 0.001220953 0.931905091 148.889602661
0.938113630 -0.004522258 -0.346298009 -135.883834839 0.003854538 0.999989092 -0.002616860 -12.673025131 0.346306145 0.001120093 0.938120902 149.856491089
0.944812357 -0.000928387 -0.327610672 -136.240447998 0.001149879 0.999999166 0.000482381 -12.684041977 0.327609956 -0.000832472 0.944812715 150.863601685
0.951457560 0.001838541 -0.307774484 -136.587860107 -0.001286855 0.999997139 0.001995447 -12.695310593 0.307777286 -0.001502522 0.951457262 151.894744873
0.958012462 0.003399130 -0.286706388 -136.895767212 -0.002709102 0.999992371 0.002803389 -12.699587822 0.286713779 -0.001908965 0.958014369 152.919723511
0.964253068 0.004711402 -0.264941216 -137.215911865 -0.003718793 0.999984086 0.004247995 -12.701108932 0.264956951 -0.003110880 0.964255214 153.988098145
0.969891727 0.005727906 -0.243469328 -137.488555908 -0.004200934 0.999968052 0.006790479 -12.702051163 0.243500456 -0.005563230 0.969884813 155.063934326
0.975158930 0.007989370 -0.221362680 -137.735778809 -0.005801491 0.999927640 0.010532119 -12.712691307 0.221430823 -0.008986257 0.975134671 156.127700806
0.979946077 0.010940928 -0.198962256 -137.965972900 -0.008214349 0.999860764 0.014524293 -12.707723618 0.199093431 -0.012598678 0.979899526 157.228576660
0.984267771 0.012424907 -0.176246420 -138.184967041 -0.009383828 0.999792576 0.018077694 -12.704066277 0.176434457 -0.016139422 0.984180033 158.352233887
0.987957358 0.013921234 -0.154099137 -138.368621826 -0.011325102 0.999778926 0.017712224 -12.692076683 0.154311657 -0.015753733 0.987896621 159.501647949
0.991164386 0.013262495 -0.131975010 -138.527450562 -0.011285935 0.999812782 0.015713554 -12.687337875 0.132158712 -0.014085254 0.991128445 160.652221680
0.993710279 0.013885088 -0.111116648 -138.658386230 -0.012305803 0.999813497 0.014886103 -12.678669930 0.111302607 -0.013425095 0.993695855 161.828323364
0.995777965 0.012486692 -0.090940014 -138.761108398 -0.010988015 0.999795854 0.016961912 -12.672520638 0.091133229 -0.015891047 0.995711923 163.016082764
0.997401595 0.013029321 -0.070852920 -138.854125977 -0.011722749 0.999754071 0.018825281 -12.668450356 0.071080767 -0.017945776 0.997309089 164.194213867
0.998619378 0.013789551 -0.050684679 -138.921310425 -0.012805985 0.999724329 0.019679407 -12.654431343 0.050942060 -0.019003171 0.998520792 165.429595947
0.999436975 0.015242383 -0.029887656 -138.968490601 -0.014646955 0.999691844 0.020040933 -12.644487381 0.030183917 -0.019591888 0.999352336 166.641738892
0.999832630 0.015627677 -0.009523593 -138.981033325 -0.015427224 0.999665260 0.020770179 -12.633111000 0.009844995 -0.020619778 0.999738932 167.870452881
0.999778569 0.018057793 0.010804761 -138.978088379 -0.018276824 0.999622226 0.020528162 -12.623599052 -0.010429987 -0.020721097 0.999730825 169.128952026
0.999341846 0.018917246 0.030952424 -138.950729370 -0.019509764 0.999629974 0.018954139 -12.610221863 -0.030582411 -0.019545538 0.999341130 170.395156860
0.998534560 0.019081375 0.050642304 -138.893020630 -0.019947246 0.999662340 0.016647652 -12.595709801 -0.050307553 -0.017633433 0.998578072 171.698760986
0.997367442 0.021111302 0.069372237 -138.807571411 -0.022142909 0.999654889 0.014135298 -12.587710381 -0.069049880 -0.015634190 0.997490644 172.980560303
0.995816290 0.021376226 0.088842601 -138.707565308 -0.022575533 0.999666810 0.012516294 -12.587265015 -0.088545449 -0.014469598 0.995967031 174.265426636
0.993973613 0.021336503 0.107522868 -138.569854736 -0.022452177 0.999705791 0.009176158 -12.584832191 -0.107295446 -0.011534982 0.994160235 175.588241577
0.991760314 0.022643693 0.126090184 -138.411193848 -0.023318391 0.999720573 0.003877290 -12.585526466 -0.125967190 -0.006785562 0.992011189 176.911117554
0.989332557 0.023803519 0.143716693 -138.229980469 -0.023693599 0.999716222 -0.002476508 -12.602389336 -0.143734828 -0.000955076 0.989615738 178.226089478
0.986551523 0.026256867 0.161327973 -138.023910522 -0.025380393 0.999649763 -0.007491604 -12.620953560 -0.161468178 0.003296286 0.986872435 179.547225952
0.983459949 0.028312549 0.178899109 -137.794021606 -0.026628280 0.999575675 -0.011809396 -12.642245293 -0.179157555 0.006850291 0.983796537 180.898941040
0.979994416 0.030799659 0.196627229 -137.539047241 -0.028498033 0.999488294 -0.014524881 -12.672984123 -0.196973965 0.008630813 0.980370700 182.241821289
0.976339221 0.029498894 0.214223161 -137.254364014 -0.027120054 0.999533653 -0.014035648 -12.710819244 -0.214537308 0.007893810 0.976683855 183.614593506
0.972460806 0.028733516 0.231288299 -136.939758301 -0.026043750 0.999553025 -0.014674961 -12.744078636 -0.231606573 0.008247209 0.972774565 184.980514526
0.968237221 0.029272690 0.248313710 -136.606903076 -0.025206808 0.999491334 -0.019538317 -12.786073685 -0.248759329 0.012658527 0.968482614 186.310485840
0.963871777 0.030407773 0.264625221 -136.246902466 -0.024924330 0.999399900 -0.024055393 -12.823625565 -0.265197903 0.016590705 0.964051187 187.669509888
0.959063709 0.032866374 0.281276584 -135.850250244 -0.027188988 0.999340594 -0.024064308 -12.871717453 -0.281881988 0.015431581 0.959324956 189.050827026
0.953712702 0.034841537 0.298694134 -135.431365967 -0.028819799 0.999283135 -0.024542702 -12.922550201 -0.299335122 0.014798380 0.954033256 190.430191040
0.947912037 0.038111825 0.316243857 -134.994552612 -0.030960768 0.999139190 -0.027608225 -12.974961281 -0.317023814 0.016379019 0.948276103 191.816284180
0.941994965 0.038586359 0.333401531 -134.522781372 -0.029830426 0.999063432 -0.031343944 -13.033343315 -0.334298730 0.019580318 0.942263722 193.180175781
0.935564220 0.039852668 0.350900710 -134.029968262 -0.029928440 0.998985052 -0.033662640 -13.094430923 -0.351886094 0.020991651 0.935807407 194.545120239
0.928917408 0.040393595 0.368077040 -133.502655029 -0.028082263 0.998854458 -0.038745198 -13.166251183 -0.369220495 0.025654649 0.928987622 195.917434692
0.920872867 0.043783497 0.387396663 -132.960983276 -0.028741168 0.998594046 -0.044540856 -13.243116379 -0.388802141 0.029882237 0.920836568 197.278503418
0.911584854 0.047293574 0.408382714 -132.361434937 -0.030358180 0.998392820 -0.047855858 -13.325530052 -0.409989566 0.031226918 0.911555469 198.653671265
0.900286794 0.050077736 0.432407141 -131.763092041 -0.031982891 0.998285413 -0.049023479 -13.419640541 -0.434120715 0.030305561 0.900344968 199.992416382
