1.000000000 -0.000000000 0.000000000 0.000000000 -0.000000000 1.000000000 0.000000000 0.000000000 0.000000000 0.000000000 1.000000000 0.000000000
0.999997437 0.000984304 0.002030929 -0.009214847 -0.000982096 0.999998927 -0.001087641 -0.016929386 -0.002031997 0.001085643 0.999997318 1.206707001
0.999994576 0.000778628 0.003181975 -0.002821020 -0.000776080 0.999999344 -0.000801913 -0.034699306 -0.003182597 0.000799440 0.999994636 2.407721996
0.999990642 0.000109935 0.004328225 -0.002210410 -0.000108009 0.999999881 -0.000445180 -0.055290468 -0.004328273 0.000444708 0.999990523 3.600204706
0.999985456 -0.000098375 0.005381841 -0.001701015 0.000100850 0.999999881 -0.000459604 -0.076190807 -0.005381795 0.000460140 0.999985397 4.796070099
0.999981105 -0.000469393 0.006130679 0.003345918 0.000470146 0.999999821 -0.000121399 -0.100442499 -0.006130621 0.000124279 0.999981284 5.996857166
0.999974728 -0.000089127 0.007102109 0.004381378 0.000097966 0.999999344 -0.001244217 -0.119476393 -0.007101993 0.001244881 0.999974012 7.170210838
0.999970675 -0.000000997 0.007654415 0.010026224 0.000011444 0.999999046 -0.001364912 -0.142834917 -0.007654408 0.001364959 0.999969780 8.357322693
0.999966621 -0.000437369 0.008158027 0.007775815 0.000437419 0.999999821 -0.000004320 -0.163163990 -0.008158024 0.000007888 0.999966741 9.546256065
0.999976337 -0.001483213 0.006709150 0.014205537 0.001475615 0.999998212 0.001137350 -0.186761290 -0.006710825 -0.001127423 0.999976873 10.750653267
0.999985874 -0.002829862 0.004492364 0.005936003 0.002826934 0.999995768 0.000657855 -0.208185688 -0.004494207 -0.000645146 0.999989688 11.921381950
0.999994755 -0.002224989 0.002372689 0.002121772 0.002224217 0.999997556 0.000328086 -0.228270546 -0.002373412 -0.000322807 0.999997139 13.118963242
0.999997318 -0.002155186 0.000809024 0.005553049 0.002155043 0.999997556 0.000177265 -0.252615809 -0.000809404 -0.000175522 0.999999583 14.307377815
0.999999881 -0.000348090 0.000047375 -0.003956020 0.000348090 0.999999881 -0.000016348 -0.272451431 -0.000047370 0.000016364 1.000000000 15.503752708
0.999999762 -0.000525631 -0.000630353 -0.008137880 0.000525749 0.999999821 0.000188418 -0.292048812 0.000630254 -0.000188749 0.999999821 16.708869934
0.999999046 -0.001100656 -0.000854100 -0.018271400 0.001101039 0.999999285 0.000447913 -0.313104361 0.000853606 -0.000448853 0.999999523 17.902544022
0.999997735 -0.001248472 -0.001732820 -0.020762138 0.001249758 0.999998987 0.000741273 -0.332743019 0.001731893 -0.000743437 0.999998212 19.094053268
0.999996662 -0.001122469 -0.002324303 -0.027073169 0.001122556 0.999999285 0.000036304 -0.354814649 0.002324261 -0.000038913 0.999997318 20.293455124
0.999996245 -0.001013713 -0.002561782 -0.038767673 0.001011526 0.999999106 -0.000854837 -0.375811577 0.002562647 0.000852242 0.999996305 21.486858368
0.999993622 -0.000617852 -0.003506523 -0.057284489 0.000616354 0.999999702 -0.000428026 -0.396810651 0.003506787 0.000425862 0.999993742 22.687189102
0.999991417 -0.000877036 -0.004026272 -0.073886074 0.000875147 0.999999464 -0.000471008 -0.418506324 0.004026684 0.000467480 0.999991775 23.886219025
0.999986589 -0.000971494 -0.005111900 -0.076550767 0.000965784 0.999998868 -0.001119299 -0.444030404 0.005112981 0.001114347 0.999986231 25.081398010
0.999981701 -0.000459786 -0.006032981 -0.092474252 0.000457895 0.999999821 -0.000314740 -0.465567142 0.006033124 0.000311972 0.999981701 26.282199860
0.999974847 -0.001883993 -0.006835130 -0.101454489 0.001893698 0.999997199 0.001413779 -0.487929255 0.006832446 -0.001426687 0.999975622 27.481445312
0.999968708 -0.001852234 -0.007696709 -0.115160711 0.001863158 0.999997258 0.001412349 -0.505362928 0.007694073 -0.001426645 0.999969363 28.686697006
0.999961257 -0.002479216 -0.008436234 -0.130714178 0.002483992 0.999996662 0.000555603 -0.526476800 0.008434830 -0.000576537 0.999964237 29.884963989
0.999945700 -0.003085529 -0.009941463 -0.137764528 0.003080462 0.999995053 -0.000524910 -0.546968639 0.009943035 0.000494257 0.999950409 31.081298828
0.999945879 -0.002207189 -0.010164086 -0.165329933 0.002204599 0.999997497 -0.000265976 -0.569649816 0.010164648 0.000243554 0.999948263 32.290920258
0.999936342 -0.002683787 -0.010950603 -0.178826869 0.002686968 0.999996424 0.000275767 -0.590441525 0.010949822 -0.000305173 0.999939978 33.497177124
0.999927461 -0.003006207 -0.011661247 -0.198553875 0.003007608 0.999995410 0.000102629 -0.608464897 0.011660885 -0.000137694 0.999931931 34.685157776
0.999918759 -0.003760219 -0.012174573 -0.216768607 0.003765276 0.999992847 0.000392533 -0.634164691 0.012173011 -0.000438342 0.999925792 35.908473969
0.999912441 -0.003844426 -0.012657019 -0.239094630 0.003846996 0.999992609 0.000178769 -0.652133405 0.012656238 -0.000227445 0.999919891 37.114131927
0.999903858 -0.005083851 -0.012898582 -0.257450908 0.005096838 0.999986529 0.000974200 -0.677724004 0.012893456 -0.001039849 0.999916255 38.305824280
0.999907553 -0.004686903 -0.012767080 -0.272952467 0.004713811 0.999986768 0.002078330 -0.691507459 0.012757170 -0.002138319 0.999916255 39.509792328
0.999910235 -0.003919205 -0.012812540 -0.296458155 0.003958395 0.999987602 0.003034786 -0.714439034 0.012800487 -0.003085230 0.999913275 40.718280792
0.999912024 -0.003290133 -0.012848281 -0.321217060 0.003324540 0.999991000 0.002657501 -0.733227611 0.012839421 -0.002699982 0.999913871 41.931304932
0.999921918 -0.002093071 -0.012315452 -0.348622292 0.002124569 0.999994457 0.002545043 -0.748214126 0.012310060 -0.002571010 0.999920905 43.114925385
0.999928653 0.000449335 -0.011930338 -0.367010087 -0.000394294 0.999989212 0.004615488 -0.765151799 0.011932285 -0.004610455 0.999918163 44.315837860
0.999945939 0.000518253 -0.010397454 -0.387271523 -0.000438879 0.999970794 0.007634880 -0.784439385 0.010401108 -0.007629903 0.999916732 45.524482727
0.999962032 0.000876122 -0.008673298 -0.405921727 -0.000786521 0.999946415 0.010328704 -0.793623865 0.008681884 -0.010321489 0.999908984 46.720653534
0.999974668 0.000925387 -0.007067837 -0.418411523 -0.000828582 0.999906003 0.013687256 -0.802547991 0.007079839 -0.013681050 0.999881387 47.919429779
0.999985278 0.000703590 -0.005382111 -0.444416404 -0.000621379 0.999883354 0.015261445 -0.816611409 0.005392220 -0.015257875 0.999868989 49.120834351
0.999993265 -0.001070257 -0.003508475 -0.457099974 0.001119267 0.999901414 0.013997162 -0.820667148 0.003493148 -0.014000994 0.999895871 50.337650299
0.999995768 0.000064635 -0.002913852 -0.457572639 -0.000029227 0.999926209 0.012150036 -0.824183524 0.002914421 -0.012149899 0.999921918 51.536495209
0.999998033 -0.000581544 -0.001878660 -0.483383358 0.000603687 0.999930084 0.011808025 -0.831830502 0.001871662 -0.011809137 0.999928534 52.732173920
0.999998271 -0.000711085 -0.001726349 -0.491479933 0.000730079 0.999938905 0.011026784 -0.834066033 0.001718402 -0.011028025 0.999937713 53.939708710
0.999996483 -0.001306610 -0.002347366 -0.503857613 0.001329791 0.999950051 0.009901009 -0.840742886 0.002334313 -0.009904091 0.999948204 55.140258789
0.999989450 -0.000922432 -0.004492085 -0.508655667 0.000970008 0.999943316 0.010600368 -0.846765459 0.004482052 -0.010604612 0.999933660 56.352958679
0.999987245 -0.001536459 -0.004807235 -0.552811623 0.001592020 0.999931693 0.011575428 -0.855249584 0.004789122 -0.011582934 0.999921441 57.518672943
0.999980092 -0.002154730 -0.005939652 -0.562769413 0.002227501 0.999922216 0.012272492 -0.866578519 0.005912746 -0.012285480 0.999907017 58.724201202
0.999977887 -0.000439179 -0.006623070 -0.580673158 0.000516481 0.999931753 0.011674481 -0.867190242 0.006617491 -0.011677645 0.999909937 59.929439545
0.999975741 -0.000144298 -0.006960006 -0.596879780 0.000223731 0.999934912 0.011413422 -0.871954262 0.006957906 -0.011414703 0.999910712 61.129989624
0.999972582 -0.001205576 -0.007304355 -0.619121552 0.001288037 0.999935389 0.011295105 -0.886808991 0.007290266 -0.011304202 0.999909520 62.330062866
0.999967575 -0.002269667 -0.007728803 -0.630641103 0.002351829 0.999940693 0.010638188 -0.896949232 0.007704199 -0.010656017 0.999913514 63.538700104
0.999964595 -0.003089285 -0.007832065 -0.653654277 0.003178873 0.999929428 0.011452080 -0.908845603 0.007796132 -0.011476572 0.999903679 64.726295471
0.999961317 -0.003554068 -0.008045633 -0.667352259 0.003662752 0.999901772 0.013534263 -0.921611309 0.007996741 -0.013563208 0.999876022 65.931533813
0.999962449 -0.002642608 -0.008247004 -0.694570065 0.002737182 0.999930382 0.011477438 -0.925560713 0.008216100 -0.011499583 0.999900103 67.126647949
0.999968350 -0.000804479 -0.007908727 -0.716594577 0.000886411 0.999945879 0.010361626 -0.933501661 0.007899963 -0.010368310 0.999915063 68.323661804
0.999965668 0.001390278 -0.008157469 -0.733220994 -0.001306738 0.999946773 0.010237399 -0.936348855 0.008171267 -0.010226390 0.999914229 69.517135620
0.999962211 0.003719122 -0.007855377 -0.754257977 -0.003636909 0.999938786 0.010454370 -0.944475889 0.007893776 -0.010425405 0.999914408 70.708381653
0.999957561 0.005036001 -0.007708829 -0.768041551 -0.004949835 0.999925494 0.011156254 -0.955543518 0.007764437 -0.011117627 0.999908030 71.938713074
0.999960899 0.005579545 -0.006845439 -0.781140029 -0.005497901 0.999914169 0.011888191 -0.960705578 0.006911181 -0.011850095 0.999905944 73.132369995
0.999958694 0.007257395 -0.005470244 -0.780289114 -0.007189553 0.999898255 0.012321368 -0.963971674 0.005559109 -0.012281529 0.999909103 74.351272583
0.999979198 0.005757930 -0.002897812 -0.790840685 -0.005728047 0.999931395 0.010216766 -0.974597216 0.002956440 -0.010199955 0.999943554 75.538673401
0.999993682 0.003519092 -0.000189916 -0.802561402 -0.003518043 0.999979913 0.005267001 -0.984537721 0.000208447 -0.005266299 0.999986112 76.697891235
0.999988854 0.004245811 0.002039838 -0.804599166 -0.004255896 0.999978602 0.004965275 -0.997069478 -0.002018713 -0.004973902 0.999985635 77.883094788
0.999976754 0.004123593 0.005427334 -0.819616675 -0.004169598 0.999955177 0.008492670 -1.009904504 -0.005392070 -0.008515101 0.999949217 79.040817261
0.999944210 0.005026697 0.009284981 -0.819947898 -0.005116938 0.999939620 0.009720955 -1.021756411 -0.009235556 -0.009767924 0.999909639 80.204147339
0.999896765 0.004459765 0.013657290 -0.833653092 -0.004571042 0.999956608 0.008127530 -1.036300898 -0.013620448 -0.008189120 0.999873638 81.381103516
0.999847174 0.003129997 0.017202701 -0.818320930 -0.003221443 0.999980748 0.005290686 -1.051444530 -0.017185811 -0.005345293 0.999837995 82.541999817
0.999779165 0.002257016 0.020893849 -0.821318269 -0.002294184 0.999995828 0.001755056 -1.071940899 -0.020889802 -0.001802603 0.999780178 83.741752625
0.999701321 0.001369094 0.024400977 -0.795729697 -0.001392850 0.999998510 0.000956587 -1.089108825 -0.024399633 -0.000990288 0.999701798 84.897697449
0.999623954 0.001721635 0.027368935 -0.758148134 -0.001795489 0.999994814 0.002674137 -1.109897375 -0.027364191 -0.002722272 0.999621809 86.073669434
0.999504983 0.002968246 0.031320799 -0.733425498 -0.003071851 0.999989986 0.003260292 -1.132240534 -0.031310808 -0.003354892 0.999504089 87.240097046
0.999388278 0.002121144 0.034908630 -0.694308341 -0.002155936 0.999997199 0.000959037 -1.148189187 -0.034906495 -0.001033711 0.999390066 88.392379761
0.999283075 0.001762306 0.037818696 -0.650418937 -0.001717217 0.999997854 -0.001224703 -1.168348551 -0.037820764 0.001158883 0.999283910 89.539276123
0.999151886 0.001867559 0.041132573 -0.604404092 -0.001799483 0.999996960 -0.001691988 -1.183340549 -0.041135602 0.001616536 0.999152243 90.719444275
0.999032378 0.000643091 0.043977194 -0.560261905 -0.000615126 0.999999702 -0.000649440 -1.204837918 -0.043977588 0.000621760 0.999032319 91.858261108
0.998904705 0.000064008 0.046790276 -0.503611147 -0.000114965 0.999999404 0.001086362 -1.226558447 -0.046790183 -0.001090551 0.998904109 93.034629822
0.998782337 -0.000864340 0.049326193 -0.445081174 0.000730044 0.999995887 0.002740547 -1.242804885 -0.049328364 -0.002701199 0.998778939 94.195465088
0.998671532 -0.002400904 0.051471502 -0.380567729 0.002217532 0.999991000 0.003619399 -1.257480621 -0.051479727 -0.003500452 0.998667836 95.358993530
0.998530924 -0.003523159 0.054072991 -0.331496567 0.003447768 0.999992907 0.001487450 -1.277099609 -0.054077867 -0.001298834 0.998535872 96.504623413
0.998422682 -0.004965278 0.055925235 -0.261940062 0.005086316 0.999984980 -0.002022165 -1.295545578 -0.055914365 0.002303429 0.998432994 97.659034729
0.998299003 -0.004093349 0.058158055 -0.196325421 0.004377006 0.999979138 -0.004750796 -1.318262219 -0.058137391 0.004997272 0.998296082 98.823547363
0.998206198 -0.004084198 0.059730146 -0.127492458 0.004427755 0.999974430 -0.005620590 -1.338745475 -0.059705652 0.005874979 0.998198748 99.998695374
0.998170257 -0.003695900 0.060353514 -0.066653349 0.004008891 0.999979138 -0.005065713 -1.362223625 -0.060333531 0.005298394 0.998164237 101.177963257
0.998244643 -0.003822876 0.059103228 0.012451161 0.004024424 0.999986470 -0.003291429 -1.383240342 -0.059089843 0.003523508 0.998246431 102.372474670
0.998288929 -0.004302877 0.058318481 0.063144997 0.004416755 0.999988616 -0.001823950 -1.407860518 -0.058309980 0.002078407 0.998296320 103.548103333
0.998406529 -0.003628358 0.056315217 0.121483453 0.003689266 0.999992728 -0.000977653 -1.425403476 -0.056311261 0.001183856 0.998412549 104.719200134
0.998552322 -0.003499759 0.053675387 0.183084384 0.003532662 0.999993622 -0.000518138 -1.445072889 -0.053673230 0.000707005 0.998558283 105.929161072
0.998698711 -0.002924699 0.050915524 0.231598973 0.002946868 0.999995589 -0.000360336 -1.467325091 -0.050914250 0.000509908 0.998702884 107.130020142
0.998887658 -0.001521999 0.047127984 0.285843313 0.001579131 0.999998033 -0.001175064 -1.481775641 -0.047126114 0.001248178 0.998888135 108.348976135
0.999071836 -0.001406429 0.043051470 0.341520697 0.001433870 0.999998808 -0.000606536 -1.502446413 -0.043050569 0.000667704 0.999072611 109.571693420
0.999240935 -0.001205692 0.038938224 0.378797710 0.001190948 0.999999225 0.000401855 -1.526516318 -0.038938668 -0.000355177 0.999241531 110.781684875
0.999402881 -0.000535959 0.034550101 0.410627216 0.000487183 0.999998868 0.001420154 -1.549279332 -0.034550820 -0.001402474 0.999401987 111.984283447
0.999545217 -0.000706011 0.030146969 0.444033176 0.000644668 0.999997675 0.002044489 -1.569273829 -0.030148344 -0.002024124 0.999543369 113.200508118
0.999675751 0.000275454 0.025466163 0.462634325 -0.000321257 0.999998391 0.001794511 -1.579029918 -0.025465624 -0.001802110 0.999674022 114.406272888
0.999791682 0.000559433 0.020398933 0.484273851 -0.000600261 0.999997795 0.001995430 -1.603131413 -0.020397773 -0.002007259 0.999789894 115.635688782
0.999871731 0.000648277 0.016002927 0.481825531 -0.000674389 0.999998450 0.001626338 -1.615108609 -0.016001849 -0.001636922 0.999870598 116.862930298
0.999943256 0.002018127 0.010473966 0.508592248 -0.002030513 0.999997258 0.001172028 -1.639928699 -0.010471571 -0.001193229 0.999944448 118.083831787
0.999969184 0.003798111 0.006871924 0.514907956 -0.003805530 0.999992192 0.001066790 -1.655965686 -0.006867818 -0.001092908 0.999975860 119.317153931
0.999974191 0.005598097 0.004509650 0.513995349 -0.005603347 0.999983668 0.001152539 -1.671738505 -0.004503124 -0.001177778 0.999989152 120.554054260
0.999967337 0.007144152 0.003815097 0.507562518 -0.007147331 0.999974132 0.000820544 -1.693969011 -0.003809137 -0.000847785 0.999992371 121.784683228
0.999952614 0.009346211 0.002707361 0.503639698 -0.009349245 0.999955595 0.001110021 -1.712569833 -0.002696866 -0.001135280 0.999995708 123.019805908
0.999941468 0.010693514 0.001641953 0.497756511 -0.010696520 0.999941051 0.001832347 -1.728904247 -0.001622262 -0.001849803 0.999996901 124.256637573
0.999944568 0.010493294 0.000820248 0.488325179 -0.010494821 0.999943137 0.001880858 -1.740839601 -0.000800465 -0.001889362 0.999997854 125.510437012
0.999898612 0.014240724 0.000077982 0.476974070 -0.014240926 0.999889731 0.004216395 -1.763581753 -0.000017929 -0.004217078 0.999991119 126.752716064
0.999879062 0.015535239 -0.000737946 0.468867749 -0.015529335 0.999851823 0.007426875 -1.774595857 0.000853215 -0.007414517 0.999972165 128.006408691
0.999905288 0.013675642 -0.001570252 0.467705399 -0.013664234 0.999881685 0.007057932 -1.793605685 0.001666588 -0.007035806 0.999973834 129.252700806
0.999899328 0.013990495 -0.002380351 0.460958153 -0.013977055 0.999886811 0.005572797 -1.802204609 0.002458048 -0.005538965 0.999981642 130.498779297
0.999929905 0.011393244 -0.003240528 0.460418373 -0.011369712 0.999909461 0.007190478 -1.821190953 0.003322158 -0.007153130 0.999968886 131.748565674
0.999958396 0.008431470 -0.003512911 0.437220693 -0.008402721 0.999931753 0.008120379 -1.821031094 0.003581138 -0.008090523 0.999960840 133.050765991
0.999981284 0.005280159 -0.003090380 0.420586646 -0.005248079 0.999933183 0.010299209 -1.834027410 0.003144555 -0.010282798 0.999942183 134.327804565
0.999989748 0.002478751 -0.003803932 0.411022097 -0.002437158 0.999937594 0.010899641 -1.841228127 0.003830712 -0.010890257 0.999933302 135.618576050
0.999989092 -0.001308841 -0.004475893 0.426743001 0.001351088 0.999954402 0.009448770 -1.851109862 0.004463324 -0.009454714 0.999945343 136.840332031
0.999983966 -0.003740296 -0.004245118 0.416007549 0.003775116 0.999959052 0.008224125 -1.856990337 0.004214184 -0.008240020 0.999957144 138.113479614
0.999977589 -0.004848788 -0.004619899 0.416394472 0.004886418 0.999954700 0.008168623 -1.866840839 0.004580082 -0.008191013 0.999955952 139.388748169
0.999978483 -0.005116608 -0.004102932 0.405169845 0.005151047 0.999951303 0.008427840 -1.875016212 0.004059610 -0.008448794 0.999956071 140.666351318
0.999980807 -0.005007835 -0.003628245 0.398725778 0.005045826 0.999931753 0.010538423 -1.886507273 0.003575223 -0.010556531 0.999937892 141.942886353
0.999992192 -0.002608356 -0.002956721 0.383631736 0.002643230 0.999926329 0.011852769 -1.892669439 0.002925587 -0.011860495 0.999925375 143.217773438
0.999992371 -0.003123303 -0.002356288 0.377130002 0.003147381 0.999942124 0.010285021 -1.904255509 0.002324028 -0.010292360 0.999944329 144.502899170
0.999995708 -0.002387393 -0.001689679 0.363031179 0.002401937 0.999959588 0.008658649 -1.915382028 0.001668939 -0.008662672 0.999961078 145.772583008
0.999996543 -0.002451677 -0.000934618 0.347693056 0.002457515 0.999977171 0.006297464 -1.932690740 0.000919157 -0.006299739 0.999979734 147.063720703
0.999992549 -0.003718730 -0.001004902 0.349669546 0.003720887 0.999990761 0.002152271 -1.950200558 0.000996888 -0.002155993 0.999997199 148.340637207
0.999993801 -0.003497897 -0.000451944 0.339106381 0.003497179 0.999992609 -0.001580418 -1.967928052 0.000457469 0.001578828 0.999998689 149.617507935
0.999992251 -0.003916976 -0.000382957 0.337822407 0.003916065 0.999989569 -0.002355771 -1.993091106 0.000392180 0.002354253 0.999997139 150.888153076
0.999992490 -0.003870728 -0.000278860 0.328498334 0.003870181 0.999990642 -0.001939870 -2.019305706 0.000286366 0.001938776 0.999998093 152.156784058
0.999993145 -0.003644830 -0.000679207 0.329418778 0.003644034 0.999992728 -0.001169190 -2.049319506 0.000683464 0.001166707 0.999999106 153.413848877
0.999993563 -0.003330763 -0.001347485 0.331314415 0.003330631 0.999994457 -0.000101008 -2.074706078 0.001347814 0.000096520 0.999999106 154.670700073
0.999996006 -0.002512879 -0.001270846 0.312503427 0.002513460 0.999996841 0.000455108 -2.095145464 0.001269698 -0.000458300 0.999999106 155.945159912
0.999996245 -0.002037517 -0.001836589 0.303907812 0.002037788 0.999997854 0.000145180 -2.115792036 0.001836289 -0.000148922 0.999998271 157.212509155
0.999994814 -0.001927021 -0.002573557 0.297124803 0.001928227 0.999998033 0.000466337 -2.141206980 0.002572654 -0.000471297 0.999996543 158.484451294
0.999990582 -0.002541342 -0.003512244 0.289509863 0.002546587 0.999995649 0.001489644 -2.158461332 0.003508443 -0.001498574 0.999992728 159.758911133
0.999992490 -0.001116819 -0.003711937 0.274482608 0.001124167 0.999997318 0.001978134 -2.184091091 0.003709719 -0.001982292 0.999991119 161.040206909
0.999988198 -0.001145328 -0.004739799 0.268485278 0.001149938 0.999998868 0.000969991 -2.203432560 0.004738683 -0.000975430 0.999988198 162.309341431
0.999988377 -0.000303188 -0.004798817 0.248470828 0.000301168 0.999999821 -0.000421647 -2.219473839 0.004798944 0.000420196 0.999988377 163.566802979
0.999984324 0.000727514 -0.005541666 0.235380769 -0.000728962 0.999999702 -0.000259234 -2.242621422 0.005541475 0.000263269 0.999984622 164.830001831
0.999980450 0.000143482 -0.006253303 0.221668333 -0.000153207 0.999998748 -0.001554705 -2.260693550 0.006253071 0.001555633 0.999979198 166.102645874
0.999974549 0.000321996 -0.007141085 0.207059413 -0.000340410 0.999996662 -0.002577492 -2.284666777 0.007140232 0.002579856 0.999971092 167.372909546
0.999968708 0.000281331 -0.007898035 0.194367304 -0.000299197 0.999997377 -0.002261061 -2.312878132 0.007897380 0.002263353 0.999966204 168.643020630
0.999960721 0.000498907 -0.008841270 0.180801794 -0.000507813 0.999999285 -0.001005111 -2.336352110 0.008840763 0.001009561 0.999960423 169.918029785
0.999957144 0.000852444 -0.009217435 0.161669269 -0.000855828 0.999999583 -0.000363159 -2.363023281 0.009217122 0.000371032 0.999957442 171.167129517
0.999947906 0.001239895 -0.010126767 0.143492967 -0.001242372 0.999999225 -0.000238331 -2.382264853 0.010126462 0.000250900 0.999948740 172.439941406
0.999943018 0.001578401 -0.010556301 0.119624898 -0.001577049 0.999998748 0.000136458 -2.404450178 0.010556503 -0.000119802 0.999944270 173.724731445
0.999933779 0.001718489 -0.011376363 0.105282277 -0.001730871 0.999997914 -0.001078681 -2.424044371 0.011374487 0.001098301 0.999934733 175.012023926
0.999932826 0.002424719 -0.011336171 0.063311793 -0.002441013 0.999996006 -0.001423736 -2.449132919 0.011332674 0.001451312 0.999934733 176.286422729
0.999920547 0.003467213 -0.012117353 0.055362966 -0.003478224 0.999993503 -0.000887709 -2.472834587 0.012114199 0.000929785 0.999926150 177.540374756
0.999916017 0.003650096 -0.012435107 0.034101967 -0.003679991 0.999990284 -0.002382035 -2.490557194 0.012426295 0.002427595 0.999919772 178.803375244
0.999924183 0.001266132 -0.012249683 0.004551617 -0.001311596 0.999992192 -0.003704146 -2.517906189 0.012244901 0.003719932 0.999918103 180.071655273
0.999921858 -0.001246647 -0.012437710 0.001318197 0.001201949 0.999992788 -0.003600524 -2.543128252 0.012442108 0.003585294 0.999916136 181.338989258
0.999904692 -0.001019021 -0.013772082 -0.011392781 0.001017095 0.999999523 -0.000146846 -2.565066338 0.013772226 0.000132824 0.999905169 182.605361938
0.999913514 -0.001952155 -0.013001805 -0.040117506 0.002010987 0.999987781 0.004513376 -2.590371847 0.012992837 -0.004539132 0.999905288 183.859008789
0.999913573 -0.000748429 -0.013125774 -0.061931960 0.000795768 0.999993205 0.003601721 -2.605495214 0.013122992 -0.003611854 0.999907374 185.117797852
0.999918580 0.000442823 -0.012752728 -0.088818692 -0.000436238 0.999999762 0.000519132 -2.622515440 0.012752953 -0.000513526 0.999918520 186.359497070
0.999913156 0.000675117 -0.013165484 -0.110275507 -0.000696743 0.999998391 -0.001638128 -2.642324924 0.013164358 0.001647159 0.999911904 187.597961426
0.999911487 0.000955489 -0.013266881 -0.134516984 -0.000971922 0.999998689 -0.001232228 -2.665290356 0.013265686 0.001245013 0.999911189 188.841995239
0.999915302 0.000416639 -0.013002739 -0.160377994 -0.000418431 0.999999881 -0.000135073 -2.689189434 0.013002684 0.000140503 0.999915481 190.096435547
0.999914169 0.000070158 -0.013098354 -0.180718929 -0.000043488 0.999997914 0.002036359 -2.712365866 0.013098472 -0.002035615 0.999912202 191.337585449
0.999929309 -0.000174912 -0.011886059 -0.204590067 0.000209597 0.999995708 0.002916967 -2.732775927 0.011885499 -0.002919252 0.999925077 192.584884644
0.999942541 -0.000204770 -0.010717946 -0.222913578 0.000228021 0.999997616 0.002168162 -2.750908852 0.010717478 -0.002170482 0.999940217 193.825851440
0.999957025 -0.001135605 -0.009193529 -0.241467759 0.001141987 0.999999106 0.000688952 -2.774200916 0.009192739 -0.000699422 0.999957502 195.052276611
0.999967873 -0.001060254 -0.007955702 -0.248961553 0.001055238 0.999999225 -0.000634586 -2.797293186 0.007956369 0.000626170 0.999968052 196.272048950
0.999975920 -0.001851315 -0.006679193 -0.259636849 0.001843977 0.999997735 -0.001104617 -2.821947336 0.006681222 0.001092275 0.999976993 197.487869263
0.999985278 -0.001326778 -0.005259625 -0.274710119 0.001323325 0.999998868 -0.000659893 -2.843018770 0.005260495 0.000652923 0.999985874 198.715713501
0.999989390 -0.001745821 -0.004250646 -0.279448003 0.001751974 0.999997377 0.001444081 -2.869361401 0.004248114 -0.001451513 0.999989867 199.933807373
0.999995649 -0.000961302 -0.002791386 -0.294716716 0.000966003 0.999998212 0.001682884 -2.893220186 0.002789764 -0.001685574 0.999994695 201.147109985
0.999998629 -0.000854421 -0.001472448 -0.307975352 0.000856353 0.999998808 0.001312005 -2.908883572 0.001471325 -0.001313264 0.999998093 202.356384277
0.999998927 -0.001193587 -0.000868172 -0.308388203 0.001195049 0.999997854 0.001685867 -2.935928583 0.000866158 -0.001686902 0.999998212 203.570327759
0.999998927 -0.000928087 0.001105705 -0.329795778 0.000926035 0.999997973 0.001854866 -2.952987909 -0.001107424 -0.001853841 0.999997616 204.765563965
0.999998927 -0.000648465 0.001258379 -0.328375161 0.000645950 0.999997854 0.001998702 -2.976311684 -0.001259673 -0.001997887 0.999997199 205.955413818
0.999994159 -0.001060997 0.003236838 -0.348834872 0.001055735 0.999998152 0.001626848 -2.991812706 -0.003238558 -0.001623421 0.999993443 207.133239746
0.999993384 -0.001561780 0.003282285 -0.343533576 0.001557593 0.999997973 0.001277906 -3.009604692 -0.003284274 -0.001272785 0.999993801 208.307189941
0.999992669 -0.001675532 0.003427925 -0.345954835 0.001666883 0.999995351 0.002524412 -3.036929607 -0.003432139 -0.002518680 0.999990940 209.460647583
0.999992192 -0.002136758 0.003304862 -0.347921520 0.002125724 0.999992132 0.003338685 -3.055276394 -0.003311970 -0.003331634 0.999988973 210.589370728
0.999994516 -0.002069711 0.002540675 -0.349155605 0.002061588 0.999992669 0.003195581 -3.076636314 -0.002547271 -0.003190325 0.999991655 211.701431274
0.999996424 -0.001274724 0.002340692 -0.354784459 0.001269347 0.999996543 0.002297278 -3.098725796 -0.002343612 -0.002294298 0.999994636 212.818923950
0.999997973 -0.000948556 0.001781429 -0.356986403 0.000946470 0.999998808 0.001171167 -3.114792824 -0.001782538 -0.001169478 0.999997675 213.905715942
0.999998808 -0.000979320 0.001123284 -0.361133456 0.000977917 0.999998689 0.001249783 -3.135675192 -0.001124507 -0.001248683 0.999998569 214.978149414
0.999998689 -0.001591768 0.000067909 -0.369028956 0.001591698 0.999998212 0.001020781 -3.154174566 -0.000069534 -0.001020671 0.999999464 216.041107178
0.999995530 -0.002176702 -0.002015263 -0.367316693 0.002180819 0.999995530 0.002042637 -3.176509857 0.002010808 -0.002047023 0.999995887 217.090744019
0.999986827 -0.002984134 -0.004180161 -0.378239542 0.002999379 0.999988794 0.003645336 -3.195875406 0.004169237 -0.003657825 0.999984622 218.131027222
0.999977767 -0.002744256 -0.006077107 -0.389840007 0.002775335 0.999983072 0.005111600 -3.212041140 0.006062977 -0.005128352 0.999968410 219.164505005
0.999962330 -0.002404212 -0.008331815 -0.407527983 0.002448253 0.999983072 0.005279851 -3.228772640 0.008318979 -0.005300051 0.999951363 220.176834106
0.999942541 -0.002126939 -0.010498938 -0.428914279 0.002176165 0.999986768 0.004679509 -3.241645575 0.010488845 -0.004702087 0.999933958 221.171691895
0.999903142 -0.001908260 -0.013779566 -0.445362121 0.001971029 0.999987721 0.004543189 -3.257219315 0.013770727 -0.004569909 0.999894738 222.149154663
0.999854267 -0.001298205 -0.017023603 -0.461341232 0.001387272 0.999985337 0.005221221 -3.275598049 0.017016577 -0.005244077 0.999841452 223.094696045
0.999802053 -0.000838776 -0.019880686 -0.487114429 0.000943554 0.999985635 0.005261562 -3.296621561 0.019875990 -0.005279279 0.999788523 224.024536133
0.999736011 -0.000640789 -0.022970915 -0.512146950 0.000746900 0.999989033 0.004611076 -3.310056925 0.022967711 -0.004627016 0.999725580 224.929138184
0.999667168 -0.000703416 -0.025786873 -0.542750835 0.000801842 0.999992311 0.003806769 -3.323945761 0.025784001 -0.003826180 0.999660254 225.817489624
0.999575853 -0.000293447 -0.029118126 -0.579133093 0.000399034 0.999993384 0.003620430 -3.347371101 0.029116871 -0.003630513 0.999569416 226.667419434
0.999502897 0.000032723 -0.031525575 -0.619146168 0.000066218 0.999995053 0.003137394 -3.364829779 0.031525526 -0.003137921 0.999498069 227.498580933
0.999407887 0.001705532 -0.034362093 -0.649666250 -0.001603967 0.999994278 0.002983061 -3.382087231 0.034366984 -0.002926179 0.999405026 228.314041138
0.999404073 0.002346551 -0.034435887 -0.689767182 -0.002226390 0.999991298 0.003527328 -3.395634413 0.034443866 -0.003448558 0.999400675 229.121704102
0.999415219 0.002987626 -0.034063883 -0.725448132 -0.002850585 0.999987781 0.004070901 -3.407716990 0.034075629 -0.003971418 0.999411345 229.906677246
0.999432743 0.002826776 -0.033559095 -0.755431414 -0.002667374 0.999985039 0.004793700 -3.422692537 0.033572145 -0.004701466 0.999425173 230.666748047
0.999444246 0.002538725 -0.033239014 -0.781559408 -0.002383005 0.999985993 0.004723644 -3.440762520 0.033250548 -0.004641810 0.999436259 231.409011841
0.999458730 0.003461047 -0.032714367 -0.814033508 -0.003381741 0.999991179 0.002479230 -3.450001001 0.032722659 -0.002367256 0.999461591 232.144958496
0.999488831 0.003280125 -0.031801153 -0.838321924 -0.003268998 0.999994516 0.000401868 -3.463939905 0.031802297 -0.000297705 0.999494076 232.875442505
0.999535501 0.003429084 -0.030281365 -0.867862105 -0.003463347 0.999993443 -0.001079152 -3.478308916 0.030277465 0.001183526 0.999540746 233.596984863
0.999557614 0.004378832 -0.029417489 -0.885365367 -0.004427485 0.999988914 -0.001588943 -3.489425659 0.029410210 0.001718485 0.999565959 234.335937500
0.999608397 0.004035253 -0.027692834 -0.905949116 -0.004081036 0.999990463 -0.001596926 -3.504234076 0.027686128 0.001709315 0.999615192 235.056182861
0.999665141 0.004037959 -0.025561219 -0.931298554 -0.004076495 0.999990642 -0.001455660 -3.523606777 0.025555106 0.001559373 0.999672234 235.762283325
0.999716341 0.003908697 -0.023492739 -0.955823243 -0.003953135 0.999990463 -0.001845426 -3.536276817 0.023485297 0.001937772 0.999722242 236.487838745
0.999752879 0.003426959 -0.021965647 -0.964656353 -0.003477896 0.999991357 -0.002281128 -3.550151110 0.021957641 0.002356959 0.999756098 237.194351196
0.999814928 0.003391966 -0.018938448 -0.985503376 -0.003427997 0.999992371 -0.001870386 -3.564209938 0.018931961 0.001934961 0.999818921 237.913757324
0.999874532 0.002402004 -0.015655357 -0.994982004 -0.002416290 0.999996662 -0.000893659 -3.580942154 0.015653158 0.000931375 0.999876976 238.614395142
0.999921799 0.001661400 -0.012390362 -1.009709358 -0.001668125 0.999998510 -0.000532438 -3.595759869 0.012389460 0.000553065 0.999923050 239.315795898
0.999953330 0.001211714 -0.009589642 -1.014911532 -0.001217314 0.999999225 -0.000578221 -3.610014200 0.009588934 0.000589867 0.999953806 240.012588501
0.999980271 0.000906657 -0.006210762 -1.024862647 -0.000911898 0.999999225 -0.000841087 -3.623679876 0.006209995 0.000846734 0.999980271 240.699066162
0.999994695 0.001007064 -0.003105022 -1.030604243 -0.001010422 0.999998927 -0.001079903 -3.640210152 0.003103931 0.001083035 0.999994576 241.399169922
0.999997795 0.002029499 -0.000663094 -1.027773261 -0.002030938 0.999995589 -0.002176268 -3.651089668 0.000658674 0.002177610 0.999997377 242.091049194
0.999994397 0.001961786 0.002702998 -1.032727838 -0.001955315 0.999995172 -0.002394647 -3.665636539 -0.002707683 0.002389349 0.999993503 242.793472290
0.999982238 0.002099356 0.005583918 -1.030155301 -0.002091206 0.999996781 -0.001465023 -3.680794716 -0.005586976 0.001453319 0.999983370 243.489151001
0.999965310 0.002318052 0.007992906 -1.026270986 -0.002310568 0.999996901 -0.000945365 -3.692303658 -0.007995073 0.000926864 0.999967635 244.190994263
0.999945819 0.002116005 0.010186727 -1.020678401 -0.002103957 0.999997139 -0.001193309 -3.705457449 -0.010189222 0.001171813 0.999947369 244.897003174
0.999914289 0.001855850 0.012959338 -1.020121336 -0.001819647 0.999994397 -0.002804843 -3.718520403 -0.012964471 0.002781021 0.999912143 245.599456787
0.999888957 0.002169098 0.014742779 -1.013242602 -0.002093860 0.999984682 -0.005116898 -3.731567621 -0.014753652 0.005085460 0.999878228 246.307250977
0.999880612 0.001050320 0.015422385 -1.000261903 -0.000944921 0.999976158 -0.006839863 -3.743150234 -0.015429202 0.006824473 0.999857783 247.024780273
0.999883056 0.000880435 0.015265277 -0.987731695 -0.000768411 0.999972761 -0.007342769 -3.759081125 -0.015271327 0.007330181 0.999856532 247.747589111
0.999886692 -0.000358140 0.015046765 -0.975452900 0.000473174 0.999970615 -0.007642299 -3.776594400 -0.015043586 0.007648554 0.999857605 248.478195190
0.999884665 0.000984795 0.015151710 -0.968036950 -0.000864047 0.999967933 -0.007973711 -3.792318344 -0.015159076 0.007959698 0.999853432 249.210922241
0.999880552 0.001301532 0.015401710 -0.959010363 -0.001171691 0.999963760 -0.008436318 -3.808197975 -0.015412131 0.008417264 0.999845803 249.951126099
0.999872804 -0.000037107 0.015944982 -0.951438367 0.000201596 0.999946773 -0.010314500 -3.825809240 -0.015943751 0.010316405 0.999819636 250.695068359
0.999859929 -0.003194143 0.016429203 -0.939907670 0.003403639 0.999913096 -0.012739341 -3.842059851 -0.016387086 0.012793476 0.999783874 251.443588257
0.999836147 -0.006387882 0.016936926 -0.922789752 0.006616804 0.999887049 -0.013494777 -3.860661745 -0.016848810 0.013604634 0.999765515 252.213989258
0.999840260 -0.004055610 0.017409947 -0.912334740 0.004221864 0.999945760 -0.009523257 -3.876464128 -0.017370382 0.009595237 0.999803126 252.989334106
0.999840915 0.000245946 0.017834600 -0.908142686 -0.000184551 0.999994040 -0.003444025 -3.893319607 -0.017835340 0.003440185 0.999835014 253.756439209
0.999823332 -0.000557146 0.018789517 -0.898077726 0.000553589 0.999999762 0.000194502 -3.913329363 -0.018789621 -0.000184066 0.999823391 254.543609619
0.999774337 -0.001517584 0.021192115 -0.879899502 0.001567016 0.999996066 -0.002316149 -3.921757221 -0.021188514 0.002348834 0.999772668 255.342788696
0.999678969 -0.000612905 0.025329750 -0.868224323 0.000823015 0.999965370 -0.008285354 -3.937561750 -0.025323790 0.008303540 0.999644816 256.133056641
0.999586046 0.000067282 0.028770041 -0.857930720 0.000278051 0.999927938 -0.011999067 -3.953152180 -0.028768774 0.012002099 0.999513984 256.921386719
0.999492168 0.002025942 0.031802118 -0.834871948 -0.001650837 0.999928832 -0.011816779 -3.967818022 -0.031823795 0.011758277 0.999424279 257.745269775
0.999398112 0.000434040 0.034688741 -0.804017186 -0.000114323 0.999957502 -0.009218169 -3.990837336 -0.034691267 0.009208653 0.999355614 258.575195312
0.999266505 -0.000393822 0.038291879 -0.770375133 0.000649637 0.999977529 -0.006668444 -3.992856979 -0.038288385 0.006688428 0.999244392 259.458190918
0.999150634 -0.002938994 0.041103147 -0.735590100 0.003148930 0.999982297 -0.005043754 -4.011055946 -0.041087586 0.005168900 0.999142230 260.300842285
0.999025702 -0.002742363 0.044047918 -0.700762153 0.002956335 0.999984086 -0.004793324 -4.026594162 -0.044034068 0.004918874 0.999018013 261.135742188
0.998909295 -0.001813869 0.046657480 -0.676368773 0.002128979 0.999975145 -0.006704851 -4.050184727 -0.046644170 0.006796871 0.998888373 261.931915283
0.998783946 -0.000884427 0.049293038 -0.643485248 0.001321756 0.999960005 -0.008840111 -4.068860531 -0.049283259 0.008894515 0.998745203 262.767883301
0.998654664 -0.000166441 0.051854834 -0.603661537 0.000644139 0.999957383 -0.009195638 -4.081489563 -0.051851105 0.009216667 0.998612225 263.610687256
0.998537600 -0.000213078 0.054061603 -0.549131274 0.000571211 0.999978006 -0.006609188 -4.114449024 -0.054059003 0.006630402 0.998515725 264.457794189
0.998360872 0.001353910 0.057216536 -0.508527577 -0.001086836 0.999988377 -0.004698642 -4.138902664 -0.057222225 0.004628754 0.998350739 265.298248291
0.998198032 0.002184564 0.059966572 -0.459384203 -0.001884660 0.999985456 -0.005057302 -4.153862953 -0.059976742 0.004935172 0.998187602 266.156280518
0.998012781 0.002493163 0.062963597 -0.415274680 -0.002109728 0.999978840 -0.006155550 -4.164314270 -0.062977612 0.006010481 0.997996867 266.999786377
0.997867286 0.000428109 0.065274976 -0.356682003 -0.000016514 0.999980092 -0.006305971 -4.186399460 -0.065276377 0.006291444 0.997847438 267.847808838
0.997741580 -0.002567145 0.067121945 -0.304633200 0.002961608 0.999978960 -0.005777972 -4.202182293 -0.067105703 0.005963711 0.997728109 268.688629150
0.997682691 -0.003081620 0.067970529 -0.239981025 0.003486856 0.999976814 -0.005844113 -4.220732689 -0.067950949 0.006067573 0.997670233 269.544006348
0.997651696 -0.004072370 0.068370491 -0.188706487 0.004444973 0.999976039 -0.005298507 -4.248570442 -0.068347290 0.005589970 0.997645855 270.409515381
0.997646689 -0.004024590 0.068446189 -0.128565341 0.004409939 0.999975264 -0.005479776 -4.261093140 -0.068422444 0.005768723 0.997639716 271.257751465
0.997634053 -0.004407230 0.068607323 -0.082982488 0.004730686 0.999978423 -0.004552849 -4.286216736 -0.068585791 0.004866637 0.997633338 272.120300293
0.997675002 -0.004096067 0.068027556 -0.026234269 0.004404073 0.999980748 -0.004378312 -4.301236153 -0.068008311 0.004667731 0.997673750 272.977539062
0.997768700 -0.004282310 0.066627711 0.030266743 0.004636036 0.999975979 -0.005155284 -4.319859028 -0.066604033 0.005452669 0.997764528 273.834411621
0.997856140 -0.004837369 0.065266587 0.080355421 0.005235821 0.999968708 -0.005935344 -4.336697578 -0.065235838 0.006264344 0.997850180 274.712341309
0.997948766 -0.004027609 0.063891590 0.128716335 0.004461749 0.999967933 -0.006653699 -4.354739189 -0.063862741 0.006925118 0.997934699 275.574645996
0.998062253 -0.002444325 0.062175468 0.181896940 0.002884205 0.999971390 -0.006986045 -4.374555111 -0.062156618 0.007151834 0.998040736 276.427124023
0.998146892 -0.001592994 0.060829297 0.220644891 0.002043567 0.999970913 -0.007345671 -4.395545483 -0.060815826 0.007456368 0.998121142 277.278900146
0.998317778 -0.001626736 0.057956576 0.278047889 0.001996909 0.999977946 -0.006329743 -4.421801567 -0.057945009 0.006434829 0.998299062 278.147094727
0.998468518 -0.001882106 0.055290677 0.317252427 0.002151284 0.999985993 -0.004809295 -4.441944599 -0.055280861 0.004920875 0.998458803 278.998352051
0.998704970 -0.002541856 0.050812032 0.373647064 0.002684003 0.999992669 -0.002729480 -4.453097820 -0.050804716 0.002862325 0.998704493 279.869049072
0.998916984 -0.003792197 0.046373405 0.391908258 0.003826277 0.999992430 -0.000646147 -4.475143433 -0.046370603 0.000822884 0.998923957 280.678009033
0.999141037 -0.004179473 0.041227143 0.434467465 0.004177142 0.999991238 0.000142693 -4.489287376 -0.041227378 0.000029641 0.999149799 281.538146973
0.999326587 -0.003779686 0.036499456 0.458471566 0.003755296 0.999992728 0.000736797 -4.506042957 -0.036501963 -0.000599235 0.999333441 282.364044189
0.999486625 -0.004057684 0.031781603 0.479918271 0.004028918 0.999991417 0.000969105 -4.519508362 -0.031785261 -0.000840562 0.999494433 283.172302246
0.999611795 -0.005388563 0.027335728 0.494987726 0.005350234 0.999984622 0.001475068 -4.537153721 -0.027343258 -0.001328243 0.999625206 283.975860596
0.999716699 -0.005759954 0.023098167 0.510069847 0.005723962 0.999982297 0.001624066 -4.557229996 -0.023107115 -0.001491393 0.999731898 284.756774902
0.999801576 -0.005466883 0.019154418 0.523909330 0.005452070 0.999984801 0.000825487 -4.567407131 -0.019158639 -0.000720892 0.999816179 285.536285400
0.999870777 -0.004929329 0.015299797 0.529770732 0.004918760 0.999987662 0.000728344 -4.580816746 -0.015303197 -0.000652994 0.999882638 286.282165527
