1.000000000 0.000000000 0.000000000 0.000000000 0.000000000 1.000000000 -0.000000000 0.000000000 0.000000000 -0.000000000 1.000000000 0.000000000
0.999997675 -0.001610003 -0.001424357 -0.002427194 0.001608682 0.999998271 -0.000928289 -0.007570543 0.001425849 0.000925996 0.999998569 0.564734399
0.999995530 -0.001808010 -0.002383660 -0.007848220 0.001801818 0.999994993 -0.002597045 -0.017970543 0.002388343 0.002592738 0.999993801 1.119545698
0.999987006 -0.002521246 -0.004429417 -0.010662351 0.002505524 0.999990582 -0.003551336 -0.035612013 0.004438329 0.003540192 0.999983907 1.680679917
0.999970555 -0.004255968 -0.006387036 -0.018681029 0.004220671 0.999975801 -0.005529659 -0.042102773 0.006410415 0.005502539 0.999964297 2.250203848
0.999944925 -0.006829158 -0.007969782 -0.019802643 0.006769823 0.999949396 -0.007448250 -0.058326229 0.008020243 0.007393884 0.999940515 2.795949697
0.999925017 -0.007879412 -0.009377494 -0.028641246 0.007803508 0.999936759 -0.008103509 -0.069416597 0.009440755 0.008029726 0.999923170 3.370033741
0.999909759 -0.007939340 -0.010838469 -0.038431719 0.007858824 0.999941409 -0.007451256 -0.081804506 0.010896993 0.007365406 0.999913514 3.953823805
0.999896944 -0.008344341 -0.011687090 -0.052303709 0.008253078 0.999935269 -0.007835445 -0.097303510 0.011751716 0.007738183 0.999900997 4.541727066
0.999887645 -0.007504355 -0.012984308 -0.063385509 0.007365978 0.999915957 -0.010672506 -0.112564445 0.013063309 0.010575665 0.999858677 5.133522511
0.999879062 -0.005834568 -0.014419316 -0.075927615 0.005627193 0.999880672 -0.014380778 -0.130250424 0.014501503 0.014297898 0.999792576 5.753747940
0.999861836 -0.004936228 -0.015874689 -0.088678047 0.004647692 0.999824286 -0.018161705 -0.140502125 0.015961552 0.018085413 0.999709010 6.341087818
0.999853313 -0.002435185 -0.016959203 -0.095173679 0.002134069 0.999840200 -0.017750930 -0.158758059 0.016999722 0.017712135 0.999698579 6.952380657
0.999835849 -0.000220254 -0.018123606 -0.116636984 0.000015064 0.999935925 -0.011321073 -0.167203084 0.018124936 0.011318938 0.999771655 7.598632812
0.999826729 0.000537804 -0.018609745 -0.133422270 -0.000547280 0.999999702 -0.000504083 -0.182060122 0.018609468 0.000514178 0.999826670 8.256309509
0.999812543 0.001445799 -0.019310819 -0.156456515 -0.001324928 0.999979436 0.006270567 -0.195353910 0.019319490 -0.006243807 0.999793828 8.947547913
0.999783397 0.004081171 -0.020408839 -0.178405732 -0.003977325 0.999979019 0.005126276 -0.208943382 0.020429328 -0.005043993 0.999778569 9.633384705
0.999752164 0.005519114 -0.021572214 -0.193477169 -0.005559076 0.999982953 -0.001792964 -0.216280162 0.021561949 0.001912440 0.999765694 10.315310478
0.999724209 0.005560037 -0.022817809 -0.210854605 -0.005743476 0.999951601 -0.007981602 -0.217842996 0.022772329 0.008110453 0.999707818 11.001908302
0.999705851 0.003328152 -0.024024015 -0.229656026 -0.003485346 0.999972761 -0.006504322 -0.219199568 0.024001716 0.006586141 0.999690235 11.739315033
0.999701917 0.003210993 -0.024203550 -0.252772689 -0.003141599 0.999990761 0.002904606 -0.232657418 0.024212657 -0.002827704 0.999702811 12.497129440
0.999698937 0.002282802 -0.024434568 -0.282372147 -0.002039007 0.999947906 0.009997765 -0.233277157 0.024456125 -0.009944933 0.999651492 13.268158913
0.999691725 0.000988011 -0.024807883 -0.310344189 -0.000674136 0.999919593 0.012657442 -0.235491544 0.024818398 -0.012636819 0.999612093 14.053530693
0.999684572 -0.000288006 -0.025111564 -0.324727148 0.000582341 0.999931097 0.011714542 -0.238947585 0.025106458 -0.011725470 0.999616027 14.868278503
0.999696195 -0.000874008 -0.024630977 -0.347939551 0.001101288 0.999956846 0.009215325 -0.234645188 0.024621859 -0.009239651 0.999654174 15.689763069
0.999701023 0.001469052 -0.024404090 -0.369883388 -0.001324791 0.999981463 0.005926464 -0.236132234 0.024412345 -0.005892361 0.999684572 16.530887604
0.999727845 -0.001344674 -0.023287669 -0.393561155 0.001350481 0.999998927 0.000233664 -0.242900923 0.023287334 -0.000265047 0.999728858 17.383176804
0.999730170 -0.004480291 -0.022793930 -0.403913587 0.004345016 0.999972641 -0.005980772 -0.250968903 0.022820102 0.005880119 0.999722302 18.256910324
0.999757826 -0.002649498 -0.021845354 -0.430079728 0.002399941 0.999931693 -0.011442098 -0.266452998 0.021874173 0.011386902 0.999695897 19.147438049
0.999781430 -0.001415453 -0.020861777 -0.463990688 0.001158560 0.999923408 -0.012320965 -0.280156106 0.020877616 0.012294102 0.999706507 20.047826767
0.999749303 -0.001589087 -0.022332774 -0.472529054 0.001328051 0.999930680 -0.011698401 -0.298553795 0.022349816 0.011665810 0.999682128 20.990036011
0.999751151 -0.000300190 -0.022302501 -0.501252949 0.000013758 0.999917507 -0.012842081 -0.325466931 0.022304516 0.012838581 0.999668837 21.925144196
0.999758184 0.003188645 -0.021753903 -0.533628881 -0.003515459 0.999881327 -0.015001575 -0.350242227 0.021703485 0.015074424 0.999650717 22.870567322
0.999729335 0.006328704 -0.022385966 -0.556942225 -0.006684230 0.999852240 -0.015842650 -0.373040795 0.022282394 0.015987994 0.999623775 23.837928772
0.999716938 0.007903998 -0.022436567 -0.586600780 -0.008259949 0.999840796 -0.015816757 -0.399227798 0.022307979 0.015997605 0.999623120 24.813381195
0.999712050 0.009121973 -0.022193292 -0.625836611 -0.009476543 0.999828339 -0.015924098 -0.425321579 0.022044219 0.016129829 0.999626815 25.788888931
0.999712169 0.008815921 -0.022319721 -0.639199495 -0.009170092 0.999832928 -0.015815688 -0.453239292 0.022176558 0.016015809 0.999625802 26.766424179
0.999695837 0.010038917 -0.022526992 -0.668038487 -0.010367217 0.999841094 -0.014504455 -0.482991427 0.022377800 0.014733586 0.999641001 27.764196396
0.999676704 0.010510226 -0.023153981 -0.691230416 -0.010797093 0.999866128 -0.012299499 -0.513313055 0.023021610 0.012545519 0.999656320 28.781904221
0.999671400 0.010970764 -0.023166122 -0.725659013 -0.011240649 0.999870121 -0.011552075 -0.538767874 0.023036376 0.011808681 0.999664903 29.800291061
0.999670148 0.010883748 -0.023260567 -0.752228796 -0.011175784 0.999859869 -0.012462095 -0.566312850 0.023121674 0.012717940 0.999651790 30.825336456
0.999645114 0.012194006 -0.023685087 -0.781585991 -0.012517727 0.999829650 -0.013567914 -0.591333508 0.023515604 0.013859582 0.999627352 31.856563568
0.999648809 0.012142027 -0.023556447 -0.822575271 -0.012435629 0.999846280 -0.012357588 -0.619548857 0.023402780 0.012646186 0.999646127 32.894962311
0.999638975 0.011263696 -0.024396678 -0.845644891 -0.011506990 0.999885261 -0.009855120 -0.645292163 0.024282871 0.010132294 0.999653757 33.945507050
0.999626815 0.011765266 -0.024655728 -0.879620135 -0.011931209 0.999907136 -0.006594183 -0.663077533 0.024575852 0.006885896 0.999674201 34.999809265
0.999608636 0.012035565 -0.025257256 -0.916096330 -0.012152810 0.999916136 -0.004493700 -0.680970132 0.025201051 0.004798889 0.999670863 36.054157257
0.999597192 0.011408382 -0.025987180 -0.937233627 -0.011499410 0.999928296 -0.003356078 -0.713671863 0.025947031 0.003653563 0.999656618 37.140647888
0.999587774 0.010946350 -0.026543241 -0.966748953 -0.011079906 0.999926686 -0.004889787 -0.730873883 0.026487770 0.005181867 0.999635756 38.217895508
0.999557853 0.011561253 -0.027395228 -1.003738523 -0.011718369 0.999915779 -0.005581571 -0.747661829 0.027328392 0.005900131 0.999609113 39.310585022
0.999552906 0.011220249 -0.027715752 -1.044949770 -0.011335009 0.999927819 -0.003986995 -0.775155067 0.027669016 0.004299371 0.999607921 40.371536255
0.999528110 0.011130310 -0.028629085 -1.078485489 -0.011204648 0.999934256 -0.002437545 -0.793622911 0.028600074 0.002757174 0.999587059 41.501552582
0.999507785 0.011359698 -0.029245717 -1.115010500 -0.011372241 0.999935389 -0.000262614 -0.810211539 0.029240841 0.000595075 0.999572158 42.586574554
0.999473453 0.012647962 -0.029883537 -1.148963571 -0.012659298 0.999919891 -0.000190182 -0.834708571 0.029878737 0.000568387 0.999553323 43.666332245
0.999451280 0.014225801 -0.029913574 -1.193173766 -0.014351265 0.999889016 -0.003983699 -0.857375145 0.029853584 0.004410811 0.999544501 44.768558502
0.999427497 0.015625911 -0.030006334 -1.230065823 -0.015868124 0.999843299 -0.007851016 -0.880011916 0.029878953 0.008322665 0.999518871 45.853275299
0.999423563 0.016031347 -0.029926799 -1.271220088 -0.016283691 0.999833763 -0.008207404 -0.903333366 0.029790251 0.008689991 0.999518394 46.936168671
0.999430716 0.016673502 -0.029329428 -1.317049623 -0.016841719 0.999843061 -0.005497697 -0.927777112 0.029233161 0.005988525 0.999554753 48.006038666
0.999416947 0.017116204 -0.029543618 -1.351100206 -0.017210305 0.999847591 -0.002933815 -0.959182441 0.029488899 0.003440559 0.999559164 49.125328064
0.999435604 0.015313212 -0.029900104 -1.379528165 -0.015372654 0.999880254 -0.001759161 -0.980408847 0.029869586 0.002217812 0.999551356 50.228347778
0.999460816 0.015263365 -0.029069792 -1.422490120 -0.015335329 0.999879837 -0.002254195 -1.006416082 0.029031897 0.002698774 0.999574840 51.315582275
0.999473512 0.014392029 -0.029079925 -1.458757043 -0.014521093 0.999885559 -0.004231836 -1.024732590 0.029015696 0.004651879 0.999568224 52.404468536
0.999476373 0.014952432 -0.028694108 -1.491990209 -0.015150171 0.999862850 -0.006686276 -1.050137162 0.028590193 0.007117496 0.999565840 53.491683960
0.999496222 0.013928206 -0.028515227 -1.525638580 -0.014189068 0.999859154 -0.008966401 -1.078034401 0.028386319 0.009366490 0.999553144 54.587627411
0.999517739 0.012542161 -0.028405372 -1.562096834 -0.012892152 0.999842763 -0.012171881 -1.112652302 0.028248241 0.012532219 0.999522328 55.670604706
0.999546409 0.011008030 -0.028032655 -1.592327476 -0.011400950 0.999838412 -0.013895383 -1.145851851 0.027875172 0.014208679 0.999510348 56.747520447
0.999565542 0.009471906 -0.027913947 -1.624895215 -0.009793417 0.999886990 -0.011403727 -1.178508878 0.027802780 0.011672143 0.999545276 57.833839417
0.999577165 0.008466944 -0.027818181 -1.655367494 -0.008635331 0.999945045 -0.005938504 -1.202048063 0.027766373 0.006176213 0.999595344 58.931545258
0.999593139 0.006700390 -0.027724469 -1.683798075 -0.006703305 0.999977529 -0.000012145 -1.224175692 0.027723761 0.000197985 0.999615550 60.018318176
0.999598742 0.005004068 -0.027880635 -1.712870240 -0.004987319 0.999987423 0.000670262 -1.243036866 0.027883634 -0.000530944 0.999610960 61.110107422
0.999618173 0.001950157 -0.027564153 -1.745309353 -0.002019176 0.999994934 -0.002476350 -1.261152744 0.027559182 0.002531061 0.999616921 62.200634003
0.999627471 0.000424692 -0.027289346 -1.780089855 -0.000575718 0.999984562 -0.005526604 -1.284397483 0.027286578 0.005540256 0.999612272 63.274822235
0.999626756 0.002468855 -0.027206745 -1.820960283 -0.002725705 0.999952018 -0.009407642 -1.311783671 0.027182216 0.009478290 0.999585569 64.362342834
0.999630988 0.002895839 -0.027006809 -1.855886579 -0.003267071 0.999900699 -0.013711886 -1.338820219 0.026964419 0.013795061 0.999541163 65.442672729
0.999629736 0.005751054 -0.026596462 -1.893195629 -0.006142733 0.999873579 -0.014668555 -1.365000010 0.026508739 0.014826498 0.999538600 66.550659180
0.999627531 0.009623569 -0.025537753 -1.937737226 -0.009909312 0.999889433 -0.011086192 -1.394383073 0.025428241 0.011335125 0.999612451 67.652381897
0.999609411 0.011387819 -0.025522070 -1.979135871 -0.011612197 0.999895155 -0.008660614 -1.430798531 0.025420766 0.008953600 0.999636769 68.755813599
0.999614656 0.011197633 -0.025396675 -2.003825903 -0.011400767 0.999904037 -0.007867721 -1.456779838 0.025306137 0.008154231 0.999646425 69.830627441
0.999622405 0.009427710 -0.025808418 -2.026915550 -0.009606548 0.999930680 -0.006814116 -1.487228394 0.025742384 0.007059475 0.999643683 70.926574707
0.999644279 0.008326287 -0.025339888 -2.075722218 -0.008470400 0.999948502 -0.005585204 -1.507964015 0.025292080 0.005797857 0.999663234 72.037857056
0.999643862 0.007154656 -0.025707016 -2.104972124 -0.007248778 0.999967337 -0.003569982 -1.538039207 0.025680635 0.003755055 0.999663174 73.120895386
0.999622643 0.005762922 -0.026858116 -2.130191088 -0.005822957 0.999980688 -0.002157585 -1.557637215 0.026845163 0.002313164 0.999636948 74.211082458
0.999624431 0.004818587 -0.026977489 -2.165474176 -0.004904950 0.999983072 -0.003136081 -1.588405609 0.026961919 0.003267226 0.999631166 75.298713684
0.999603212 0.005170215 -0.027689295 -2.199876547 -0.005361729 0.999962270 -0.006846801 -1.613802671 0.027652850 0.006992547 0.999593139 76.377929688
0.999575734 0.005887362 -0.028525159 -2.228641987 -0.006150019 0.999939442 -0.009128928 -1.636503577 0.028469687 0.009300484 0.999551475 77.453804016
0.999559760 0.007871103 -0.028611001 -2.278463125 -0.008076617 0.999942303 -0.007074567 -1.669266582 0.028553667 0.007302530 0.999565601 78.540420532
0.999531567 0.008963363 -0.029263031 -2.315650225 -0.009051815 0.999954820 -0.002891574 -1.691631079 0.029235795 0.003155103 0.999567628 79.623672485
0.999511540 0.010007365 -0.029606488 -2.356167078 -0.009970877 0.999949276 0.001379809 -1.719338894 0.029618796 -0.001083933 0.999560714 80.696838379
0.999475956 0.011152586 -0.030387994 -2.395085335 -0.011106509 0.999936938 0.001684675 -1.734131217 0.030404864 -0.001346287 0.999536812 81.766342163
0.999468029 0.011152724 -0.030648820 -2.438606977 -0.011170527 0.999937475 -0.000409664 -1.752771974 0.030642342 0.000751810 0.999530137 82.828277588
0.999460995 0.010896729 -0.030966902 -2.482963085 -0.010943568 0.999939203 -0.001343478 -1.769683123 0.030950382 0.001681643 0.999519527 83.906166077
0.999433219 0.010531678 -0.031973172 -2.504289389 -0.010571296 0.999943495 -0.001070297 -1.801156282 0.031960089 0.001407688 0.999488175 84.957901001
0.999429584 0.009485272 -0.032410577 -2.547393084 -0.009512295 0.999954522 -0.000679688 -1.821045876 0.032402653 0.000987599 0.999474466 85.990928650
0.999402761 0.008375993 -0.033527400 -2.577339411 -0.008362841 0.999964893 0.000532478 -1.841327190 0.033530682 -0.000251775 0.999437749 87.025764465
0.999399126 0.008633998 -0.033568233 -2.624191046 -0.008529710 0.999958336 0.003248756 -1.865536094 0.033594884 -0.002960476 0.999431133 88.032905579
0.999367535 0.008184344 -0.034605522 -2.660988331 -0.008051962 0.999959707 0.003963126 -1.881172776 0.034636561 -0.003681978 0.999393225 89.005226135
0.999307156 0.006581128 -0.036629837 -2.709019184 -0.006432883 0.999970555 0.004163549 -1.898602605 0.036656160 -0.003925030 0.999320209 89.972541809
0.999196351 0.006166129 -0.039603919 -2.749320269 -0.006034613 0.999975801 0.003439468 -1.922611594 0.039624166 -0.003197710 0.999209523 90.908493042
0.999053299 0.006182396 -0.043059688 -2.793692589 -0.006072014 0.999977827 0.002693799 -1.941390872 0.043075386 -0.002429790 0.999068856 91.827926636
0.998939931 0.006193475 -0.045612618 -2.851382971 -0.006054861 0.999976516 0.003176479 -1.957356930 0.045631219 -0.002896934 0.998954117 92.709503174
0.998753190 0.007096400 -0.049412858 -2.888931990 -0.006892192 0.999966919 0.004301850 -1.978836298 0.049441759 -0.003955924 0.998769164 93.596717834
0.998585045 0.007642914 -0.052625313 -2.936619520 -0.007370596 0.999958456 0.005366796 -1.995190859 0.052664146 -0.004971323 0.998599887 94.439727783
0.998422623 0.008933811 -0.055429865 -2.993887186 -0.008561050 0.999939144 0.006958813 -2.010469913 0.055488661 -0.006473299 0.998438358 95.251472473
0.998263121 0.010369368 -0.057992261 -3.047675848 -0.009943319 0.999921501 0.007630427 -2.024238348 0.058066826 -0.007040539 0.998287916 96.041458130
0.998077810 0.012406129 -0.060718410 -3.097805023 -0.011927189 0.999894857 0.008244009 -2.039793015 0.060814310 -0.007503963 0.998120964 96.802772522
0.997896075 0.014513714 -0.063188039 -3.160362720 -0.014091753 0.999875307 0.007118437 -2.056766748 0.063283466 -0.006213029 0.997976243 97.533554077
0.997702360 0.015685916 -0.065908857 -3.211864471 -0.015489082 0.999873877 0.003496437 -2.071844816 0.065955386 -0.002467536 0.997819483 98.230957031
0.997481346 0.017880389 -0.068638653 -3.265400648 -0.017949987 0.999838769 -0.000397261 -2.084006786 0.068620473 0.001628323 0.997641504 98.896690369
0.997335494 0.019605363 -0.070268296 -3.328758478 -0.019866487 0.999798000 -0.003019061 -2.097614288 0.070194915 0.004407001 0.997523546 99.544456482
0.997203529 0.021883102 -0.071458742 -3.364872932 -0.022222096 0.999745250 -0.003952272 -2.113477468 0.071354046 0.005529183 0.997435749 100.150421143
0.997226715 0.024198420 -0.070379697 -3.423306942 -0.024477843 0.999695480 -0.003110396 -2.137901783 0.070283003 0.004824514 0.997515380 100.732940674
0.997379005 0.027974069 -0.066728257 -3.489094019 -0.028174970 0.999600828 -0.002071353 -2.145256758 0.066643678 0.003945991 0.997768998 101.308143616
0.997588575 0.031110194 -0.062040690 -3.504637957 -0.031168742 0.999514043 0.000024127 -2.171472549 0.062011298 0.001909662 0.998073578 101.876647949
0.998012185 0.032175340 -0.054187335 -3.538199425 -0.032111213 0.999482036 0.002053922 -2.183907270 0.054225359 -0.000309818 0.998528600 102.398727417
0.998481035 0.031894729 -0.044923402 -3.549691439 -0.031738136 0.999487340 0.004194885 -2.192645311 0.045034170 -0.002762728 0.998981595 102.901924133
0.998960257 0.031482536 -0.032971151 -3.562124729 -0.031319395 0.999494433 0.005452976 -2.204165697 0.033126161 -0.004414671 0.999441445 103.380256653
0.999328911 0.030867800 -0.019714827 -3.561088562 -0.030760612 0.999510348 0.005717417 -2.217036486 0.019881662 -0.005107140 0.999789238 103.841300964
0.999519765 0.030643582 -0.004572429 -3.558190584 -0.030623214 0.999520898 0.004460014 -2.224196196 0.004706908 -0.004317851 0.999979556 104.282524109
0.999489605 0.028920099 0.013563224 -3.539704561 -0.028944388 0.999579668 0.001598132 -2.239491463 -0.013511308 -0.001989896 0.999906659 104.707199097
0.998968065 0.029100407 0.034868170 -3.509840250 -0.029011842 0.999574482 -0.003043422 -2.248839140 -0.034941893 0.002028692 0.999387205 105.132797241
0.997909069 0.026887696 0.058774110 -3.457081556 -0.026465464 0.999618113 -0.007950733 -2.260160923 -0.058965448 0.006378625 0.998239577 105.546974182
0.995989680 0.024601569 0.086018316 -3.407241344 -0.023760129 0.999659419 -0.010792445 -2.272267342 -0.086254515 0.008705357 0.996235073 105.906906128
0.992968380 0.022198094 0.116279766 -3.338108540 -0.020899430 0.999705017 -0.012375911 -2.280907869 -0.116520174 0.009858708 0.993139386 106.300132751
0.988714993 0.019772347 0.148497909 -3.246716261 -0.017809484 0.999735713 -0.014536355 -2.292633057 -0.148746088 0.011727642 0.988805950 106.688720703
0.982698262 0.017347040 0.184399188 -3.150650501 -0.014623314 0.999763072 -0.016120583 -2.307814121 -0.184635147 0.013145140 0.982719243 107.058174133
0.974886417 0.014247357 0.222246215 -3.028435230 -0.010755491 0.999799132 -0.016914178 -2.319726706 -0.222442552 0.014099035 0.974843800 107.419914246
0.965041459 0.012213081 0.261812627 -2.911619902 -0.007789407 0.999809027 -0.017927494 -2.334843397 -0.261981547 0.015261410 0.964952230 107.734474182
0.952578306 0.012809487 0.304023564 -2.782068014 -0.007343222 0.999790311 -0.019116299 -2.352889061 -0.304204673 0.015977262 0.952472746 108.076560974
0.937323332 0.015055832 0.348135263 -2.640686512 -0.008703525 0.999765992 -0.019803485 -2.366797209 -0.348351955 0.015532264 0.937235117 108.393455505
0.919676006 0.015608725 0.392367512 -2.460812092 -0.008623026 0.999771476 -0.019560138 -2.370981693 -0.392583162 0.014605595 0.919600546 108.716415405
0.899251640 0.013773857 0.437214613 -2.285635710 -0.006774839 0.999822795 -0.017563749 -2.394872665 -0.437379062 0.012832171 0.899185717 109.012794495
0.876025975 0.013050321 0.482087314 -2.093575001 -0.005004454 0.999825954 -0.017971886 -2.414232731 -0.482237935 0.013331255 0.875938833 109.296478271
0.850265205 0.015571799 0.526124060 -1.883771658 -0.004947047 0.999754548 -0.021595050 -2.418648720 -0.526331186 0.015758764 0.850133598 109.585998535
0.822080553 0.017718347 0.569095492 -1.665277481 -0.003938425 0.999668658 -0.025434708 -2.434470654 -0.569357634 0.018668039 0.821877956 109.858001709
0.790862441 0.022335954 0.611586213 -1.430241346 -0.005362041 0.999548316 -0.029571027 -2.455625772 -0.611970365 0.020107264 0.790625036 110.127105713
0.757233441 0.028301302 0.652530849 -1.177406669 -0.008386754 0.999399662 -0.033613101 -2.468434811 -0.653090477 0.019980352 0.757016301 110.365890503
0.719483495 0.033449311 0.693703651 -0.900167584 -0.009663145 0.999224961 -0.038158823 -2.467430353 -0.694442391 0.020751286 0.719249070 110.625022888
0.680511594 0.033571526 0.731967866 -0.606320798 -0.007076022 0.999204397 -0.039249681 -2.486362457 -0.732703149 0.021530440 0.680207729 110.844123840
0.639499307 0.031092683 0.768162608 -0.289661169 -0.002683239 0.999266028 -0.038213171 -2.500014067 -0.768787026 0.022376135 0.639113367 111.049858093
0.594622493 0.030020053 0.803444386 0.035791088 -0.001925345 0.999352872 -0.035915092 -2.514552593 -0.804002702 0.019809015 0.594295621 111.260215759
0.549729705 0.027897650 0.834876657 0.368299842 -0.001747964 0.999478400 -0.032246910 -2.543160677 -0.835340738 0.016267752 0.549491704 111.405578613
0.498580843 0.027219160 0.866415739 0.713094294 -0.001493070 0.999532402 -0.030541938 -2.548347473 -0.866841912 0.013934007 0.498388320 111.610313416
0.447614729 0.023539335 0.893916607 1.085449696 0.002370736 0.999618709 -0.027509877 -2.558944702 -0.894223392 0.014433067 0.447388262 111.754981995
0.395081729 0.023099273 0.918355525 1.457677841 -0.000154493 0.999685526 -0.025078492 -2.585233927 -0.918645918 0.009766174 0.394960999 111.888786316
0.344268411 0.027732437 0.938461661 1.825639129 -0.004121447 0.999598682 -0.028027173 -2.610224485 -0.938862264 0.005781051 0.344244540 111.981803894
0.292989016 0.033873808 0.955515563 2.258445263 -0.002461053 0.999395669 -0.034674760 -2.599189520 -0.956112623 0.007807752 0.292895347 112.109458923
0.245955035 0.036073096 0.968609691 2.647061586 -0.001767160 0.999322295 -0.036768168 -2.622254372 -0.969279587 0.007331627 0.245852038 112.183578491
0.205191374 0.035834499 0.978065610 3.071177721 0.005693678 0.999268949 -0.037805840 -2.639973879 -0.978705227 0.013326225 0.204837307 112.227073669
0.170172900 0.035657246 0.984768867 3.504381895 0.014293304 0.999150693 -0.038647946 -2.657255173 -0.985310555 0.020652434 0.169518694 112.263038635
0.139681101 0.036917649 0.989508152 3.960189819 0.018927416 0.999022663 -0.039944466 -2.675697088 -0.990015566 0.024308318 0.138845816 112.299018860
0.111414887 0.035088498 0.993154287 4.435717583 0.017489791 0.999152482 -0.037262466 -2.696641445 -0.993620038 0.021521652 0.110706761 112.341758728
0.086107634 0.031900581 0.995774984 4.923589230 0.011446647 0.999389589 -0.033006206 -2.714529991 -0.996220052 0.014240373 0.085689917 112.373779297
0.062087752 0.027868079 0.997681558 5.433000565 0.006830082 0.999574959 -0.028346015 -2.735367298 -0.998047292 0.008574188 0.061871003 112.394905090
0.038879845 0.025469746 0.998919189 5.939172745 0.010318127 0.999611557 -0.025889000 -2.761849403 -0.999190629 0.011313535 0.038601935 112.425880432
0.018511903 0.026490975 0.999477684 6.474468708 0.017905770 0.999479890 -0.026822677 -2.782480001 -0.999668300 0.018392954 0.018027930 112.412979126
0.001354909 0.029045852 0.999577165 7.022504330 0.022659099 0.999320507 -0.029069109 -2.805256605 -0.999742329 0.022688903 0.000695831 112.391975403
-0.012913764 0.034216993 0.999330938 7.607712746 0.022580899 0.999169469 -0.033919662 -2.827323914 -0.999661565 0.022127761 -0.013675694 112.380187988
-0.024070533 0.038853996 0.998954892 8.223489761 0.020912074 0.999045372 -0.038353615 -2.840034246 -0.999491513 0.019967031 -0.024860075 112.380935669
-0.030883277 0.038607743 0.998777092 8.844058990 0.022985011 0.999016881 -0.037906293 -2.862616301 -0.999258697 0.021786233 -0.031740315 112.361991882
-0.033363052 0.035741664 0.998804033 9.487482071 0.029014233 0.998973727 -0.034778573 -2.885182142 -0.999022067 0.027819214 -0.034365833 112.334243774
-0.032896876 0.033956569 0.998881698 10.151733398 0.029953215 0.999007225 -0.032974359 -2.917675018 -0.999009848 0.028834965 -0.033881325 112.309921265
-0.030739445 0.033616766 0.998961985 10.837821960 0.029193714 0.999038041 -0.032720994 -2.946538925 -0.999100983 0.028157586 -0.031691272 112.300170898
-0.029047519 0.033843409 0.999004960 11.523440361 0.025994292 0.999114156 -0.033091288 -2.974812746 -0.999239981 0.025007209 -0.029901521 112.281730652
-0.027877150 0.035084855 0.998995483 12.232378960 0.024963215 0.999096513 -0.034391802 -3.000911236 -0.999299586 0.023979392 -0.028727796 112.268974304
-0.027541941 0.036007036 0.998972058 12.956153870 0.023946358 0.999087930 -0.035351012 -3.033495188 -0.999333799 0.022948101 -0.028379062 112.262245178
-0.027092753 0.035762377 0.998993039 13.706989288 0.023299610 0.999110937 -0.035134710 -3.060880184 -0.999361396 0.022324249 -0.027901920 112.253692627
-0.026550677 0.034148142 0.999064028 14.457477570 0.022384631 0.999186099 -0.033557430 -3.095645428 -0.999396861 0.021472706 -0.027293460 112.240089417
-0.025833922 0.032845367 0.999126434 15.216617584 0.023279021 0.999208808 -0.032246158 -3.133188248 -0.999395132 0.022425642 -0.026578085 112.218597412
-0.026390823 0.030575613 0.999183953 16.000003815 0.023665376 0.999271095 -0.029953221 -3.165922403 -0.999371469 0.022855576 -0.027095171 112.200942993
-0.027789980 0.028883247 0.999196410 16.775100708 0.020675177 0.999385238 -0.028313678 -3.203462124 -0.999399841 0.019871728 -0.028370064 112.183959961
-0.028735606 0.028089149 0.999192297 17.575052261 0.020982901 0.999401748 -0.027491590 -3.228170156 -0.999366760 0.020175962 -0.029307811 112.161758423
-0.029750867 0.025665976 0.999227762 18.370582581 0.023358785 0.999415159 -0.024975307 -3.253861189 -0.999284267 0.022597708 -0.030332996 112.134414673
-0.031022742 0.024074323 0.999228716 19.186267853 0.024760313 0.999421537 -0.023310246 -3.287304640 -0.999211907 0.024018064 -0.031600885 112.110328674
-0.032723866 0.023106456 0.999197304 20.015810013 0.022409406 0.999498367 -0.022379503 -3.320956469 -0.999213099 0.021659071 -0.033225249 112.086532593
-0.033883471 0.027918650 0.999035895 20.836702347 0.018866764 0.999449492 -0.027290322 -3.352154016 -0.999247611 0.017923882 -0.034391552 112.075241089
-0.035038404 0.032735519 0.998849750 21.670801163 0.020160383 0.999283135 -0.032042526 -3.382646322 -0.999182582 0.019014474 -0.035673253 112.055442810
-0.036438130 0.034400675 0.998743653 22.512271881 0.020137412 0.999229610 -0.033682723 -3.416234970 -0.999132931 0.018884772 -0.037102800 112.030776978
-0.038114570 0.032194380 0.998754680 23.351686478 0.016246948 0.999368668 -0.031594157 -3.456647158 -0.999141216 0.015022516 -0.038613565 112.007102966
-0.038881555 0.027780689 0.998857617 24.197912216 0.014030064 0.999530137 -0.027253259 -3.494739294 -0.999145269 0.012954388 -0.039253052 111.987167358
-0.039283767 0.022491015 0.998974979 25.052295685 0.012522368 0.999679267 -0.022014439 -3.529855013 -0.999149621 0.011644724 -0.039552804 111.960052490
-0.039331771 0.017195398 0.999078274 25.901891708 0.008752983 0.999819577 -0.016863570 -3.558681488 -0.999187887 0.008081644 -0.039475184 111.931938171
-0.039166104 0.015538864 0.999111891 26.737920761 0.006045726 0.999864519 -0.015313569 -3.596568823 -0.999214411 0.005440585 -0.039254736 111.908721924
-0.038661130 0.022648886 0.998995781 27.594503403 0.008280431 0.999716103 -0.022344764 -3.631514311 -0.999217987 0.007408244 -0.038837694 111.883110046
-0.037103690 0.033527639 0.998748839 28.409027100 0.011237841 0.999387801 -0.033131607 -3.666814566 -0.999248266 0.009994472 -0.037457760 111.840492249
-0.036290951 0.038729765 0.998590529 29.243316650 0.013152004 0.999180734 -0.038274687 -3.700223923 -0.999254763 0.011744441 -0.036770593 111.809799194
-0.035079278 0.033442039 0.998824835 30.080280304 0.014806638 0.999347687 -0.032939527 -3.740383863 -0.999274909 0.013633742 -0.035551559 111.783737183
-0.034785040 0.025590092 0.999067128 30.912940979 0.017702430 0.999531090 -0.024985624 -3.779800415 -0.999238014 0.016816793 -0.035221733 111.759918213
-0.034212444 0.022696402 0.999156773 31.738428116 0.019032629 0.999575675 -0.022054210 -3.816271544 -0.999233365 0.018262051 -0.034629896 111.738456726
-0.034362651 0.023388045 0.999135733 32.546440125 0.017823981 0.999581456 -0.022785472 -3.847388983 -0.999250472 0.017025603 -0.034765135 111.712654114
-0.035460919 0.024559347 0.999069273 33.364395142 0.014861532 0.999600410 -0.024044910 -3.878549576 -0.999260545 0.013995046 -0.035811737 111.692352295
-0.037521690 0.024674203 0.998991132 34.181007385 0.012991855 0.999622643 -0.024201833 -3.912690163 -0.999211371 0.012070654 -0.037828092 111.672401428
-0.039891403 0.024748681 0.998897433 34.984809875 0.012650202 0.999625564 -0.024261534 -3.947090149 -0.999123931 0.011668429 -0.040189542 111.646202087
-0.042005409 0.024548389 0.998815775 35.799251556 0.010227039 0.999656439 -0.024138944 -3.987482309 -0.999065042 0.009200962 -0.042242024 111.618690491
-0.044255823 0.025066463 0.998705804 36.603809357 0.008447204 0.999658883 -0.024716064 -4.019608974 -0.998984516 0.007342442 -0.044452470 111.589935303
-0.046786506 0.024426835 0.998606205 37.414051056 0.006689542 0.999686241 -0.024139838 -4.050010681 -0.998882532 0.005550800 -0.046935230 111.565116882
-0.048350707 0.023032023 0.998564839 38.204456329 0.007256045 0.999715805 -0.022707226 -4.084853172 -0.998804033 0.006147722 -0.048504088 111.524787903
-0.050622903 0.023077212 0.998451233 38.997047424 0.006373409 0.999720097 -0.022783399 -4.120657921 -0.998697519 0.005210177 -0.050755814 111.493446350
-0.052500162 0.024009828 0.998332322 39.780807495 0.006170372 0.999699593 -0.023718225 -4.154730320 -0.998601794 0.004914870 -0.052632540 111.457618713
-0.053565294 0.024549697 0.998262525 40.569755554 0.007443943 0.999679804 -0.024185119 -4.181493759 -0.998536646 0.006135526 -0.053730886 111.423637390
-0.054487102 0.023344381 0.998241603 41.355350494 0.008977984 0.999697685 -0.022888387 -4.215860367 -0.998474121 0.007715077 -0.054680217 111.382728577
-0.056059375 0.022168864 0.998181343 42.114269257 0.008811814 0.999725521 -0.021708280 -4.253777027 -0.998388469 0.007578835 -0.056239337 111.340225220
-0.057722848 0.021828623 0.998093963 42.880149841 0.007514361 0.999742150 -0.021430090 -4.283634186 -0.998304367 0.006263034 -0.057871990 111.305839539
-0.058965638 0.021122774 0.998036563 43.633575439 0.005974805 0.999765635 -0.020806372 -4.310896873 -0.998242140 0.004736213 -0.059078027 111.269569397
-0.060211860 0.019576333 0.997993708 44.373329163 0.004825681 0.999801755 -0.019320656 -4.345967293 -0.998173952 0.003652667 -0.060294393 111.236480713
-0.060687955 0.019298529 0.997970223 45.084957123 0.005089432 0.999806046 -0.019024538 -4.376268387 -0.998143733 0.003924542 -0.060774401 111.192008972
-0.060265284 0.021470865 0.997951448 45.794239044 0.004938616 0.999762833 -0.021211596 -4.409705162 -0.998170197 0.003650176 -0.060357023 111.145645142
-0.060073920 0.024336576 0.997897267 46.494655609 0.005165278 0.999696970 -0.024069516 -4.439168930 -0.998180628 0.003708466 -0.060181417 111.107353210
-0.060504429 0.026103117 0.997826576 47.196277618 0.003136402 0.999658108 -0.025960848 -4.466473579 -0.998163104 0.001558839 -0.060565606 111.073608398
-0.060954034 0.027117822 0.997772098 47.895824432 0.003485312 0.999630570 -0.026955413 -4.496966839 -0.998134494 0.001834504 -0.061026029 111.037261963
-0.061006725 0.026953127 0.997773290 48.591804504 0.004997985 0.999631107 -0.026697716 -4.527040005 -0.998124897 0.003358115 -0.061118931 110.996955872
-0.061682295 0.026403954 0.997746468 49.280368805 0.005366236 0.999644399 -0.026122425 -4.559353352 -0.998081446 0.003742851 -0.061802048 110.959739685
-0.061181750 0.026646709 0.997770905 49.952358246 0.001898742 0.999644876 -0.026580330 -4.586335182 -0.998124897 0.000268278 -0.061210621 110.914100647
-0.061592009 0.026506778 0.997749329 50.659481049 -0.000772064 0.999645710 -0.026604818 -4.624530792 -0.998101056 -0.002408970 -0.061549723 110.894126892
-0.061681189 0.025114825 0.997779846 51.348468781 0.000743167 0.999684274 -0.025116818 -4.655900478 -0.998095572 -0.000807718 -0.061680377 110.858734131
-0.062396880 0.024610439 0.997747838 52.015872955 0.001792814 0.999697030 -0.024546398 -4.682786942 -0.998049736 0.000257158 -0.062422093 110.812660217
-0.065811679 0.023723291 0.997550011 52.679019928 -0.002064262 0.999711931 -0.023910891 -4.717148304 -0.997829914 -0.003632820 -0.065743752 110.771575928
-0.071590096 0.023496665 0.997157276 53.362174988 -0.005318705 0.999699354 -0.023938419 -4.743770123 -0.997419834 -0.007017340 -0.071443588 110.739669800
-0.077131122 0.027867407 0.996631444 54.030857086 -0.001963254 0.999603033 -0.028102443 -4.766218662 -0.997018993 -0.004124213 -0.077045798 110.679336548
-0.083585635 0.030378686 0.996037424 54.688236237 0.001030758 0.999537468 -0.030398929 -4.799064636 -0.996500075 -0.001514241 -0.083578274 110.620239258
-0.090879217 0.031889427 0.995351195 55.357189178 0.000279696 0.999487996 -0.031996425 -4.829540730 -0.995861948 -0.002629414 -0.090841591 110.559226990
-0.096788175 0.030610232 0.994834185 56.027252197 -0.003550606 0.999510109 -0.031099543 -4.865184784 -0.995298684 -0.006542332 -0.096632056 110.495346069
-0.103077248 0.029708210 0.994229555 56.724487305 -0.004068521 0.999532998 -0.030288482 -4.894575596 -0.994664967 -0.007167098 -0.102908246 110.438453674
-0.107656896 0.030114897 0.993731856 57.428398132 -0.006472653 0.999498844 -0.030990878 -4.929574490 -0.994167030 -0.009768465 -0.107408002 110.372154236
-0.111753985 0.029769814 0.993289888 58.113758087 -0.008064364 0.999491155 -0.030862985 -4.950500488 -0.993703187 -0.011459312 -0.111457035 110.295272827
-0.113644071 0.026349472 0.993172228 58.811588287 -0.008260076 0.999588609 -0.027464872 -4.985832691 -0.993487120 -0.011324897 -0.113379672 110.211990356
-0.115358904 0.023602782 0.993043542 59.526676178 -0.006077243 0.999682188 -0.024466550 -5.012488842 -0.993305266 -0.008857402 -0.115178794 110.132049561
-0.116329923 0.020178843 0.993005693 60.238277435 -0.006576049 0.999755979 -0.021086399 -5.047144890 -0.993188858 -0.008983034 -0.116168834 110.045402527
-0.117901817 0.019850450 0.992826879 60.969158173 -0.007505476 0.999753773 -0.020880248 -5.076106071 -0.992996871 -0.009913458 -0.117723800 109.970428467
-0.118188471 0.023377033 0.992716074 61.676067352 -0.005585861 0.999691308 -0.024206324 -5.103469372 -0.992975533 -0.008406083 -0.118021399 109.882354736
-0.119025029 0.028319217 0.992487252 62.431690216 0.001199407 0.999596536 -0.028378224 -5.125021458 -0.992890477 -0.002187324 -0.119010977 109.796112061
-0.119505607 0.033231337 0.992277205 63.172813416 0.008509177 0.999437213 -0.032446317 -5.158658981 -0.992797017 0.004565946 -0.119721122 109.700263977
-0.120037653 0.033936031 0.992189109 63.913642883 0.008592224 0.999413669 -0.033143621 -5.192380905 -0.992732108 0.004546627 -0.120258868 109.609153748
-0.120742843 0.031775065 0.992175043 64.672874451 0.006860700 0.999490440 -0.031174425 -5.227167606 -0.992660046 0.003042926 -0.120899305 109.528503418
-0.120614715 0.027308309 0.992323697 65.403907776 0.007284419 0.999619126 -0.026623668 -5.254250050 -0.992672622 0.004017296 -0.120767705 109.436233521
-0.120249964 0.025244009 0.992422640 66.148841858 0.009225764 0.999661922 -0.024310283 -5.287611485 -0.992700815 0.006232545 -0.120442212 109.343048096
-0.121315382 0.024435045 0.992313206 66.883430481 0.008776805 0.999684274 -0.023543546 -5.322506428 -0.992575228 0.005853146 -0.121491544 109.255767822
-0.123349823 0.025981581 0.992023110 67.629417419 0.008475960 0.999648333 -0.025127379 -5.350240231 -0.992327094 0.005308892 -0.123526677 109.172950745
-0.125259474 0.026734181 0.991763830 68.366256714 0.007975741 0.999631643 -0.025938939 -5.380391121 -0.992091954 0.004660955 -0.125426576 109.083328247
-0.127378747 0.027017748 0.991486132 69.105972290 0.008934129 0.999619603 -0.026091596 -5.413708210 -0.991813958 0.005534553 -0.127571687 108.987998962
-0.129171342 0.027156956 0.991250336 69.844085693 0.009797612 0.999611199 -0.026109273 -5.443775654 -0.991573811 0.006339317 -0.129387215 108.890083313
-0.131311297 0.026860740 0.990977228 70.590309143 0.009429932 0.999621511 -0.025845509 -5.474553108 -0.991296291 0.005951040 -0.131514907 108.795112610
-0.132933363 0.027227025 0.990750909 71.338096619 0.007355720 0.999622166 -0.026483869 -5.503545761 -0.991097689 0.003767096 -0.133083418 108.699829102
-0.134013876 0.028728081 0.990563095 72.090423584 0.007181963 0.999581635 -0.028017987 -5.537012100 -0.990953386 0.003359386 -0.134164169 108.600906372
-0.134990171 0.029097689 0.990419626 72.849311829 0.006694029 0.999572694 -0.028454229 -5.567506790 -0.990824342 0.002788856 -0.135127276 108.504211426
-0.136190295 0.029298944 0.990249395 73.615203857 0.005772635 0.999569058 -0.028780770 -5.600545406 -0.990665853 0.001796686 -0.136300743 108.400016785
-0.137470290 0.027723309 0.990117848 74.397071838 0.006469328 0.999612212 -0.027090928 -5.629971027 -0.990484774 0.002681200 -0.137596309 108.301315308
-0.138527244 0.025142482 0.990039408 75.181938171 0.004295003 0.999683619 -0.024786441 -5.663588047 -0.990349352 0.000818626 -0.138591379 108.199279785
-0.140673444 0.023335934 0.989781022 75.971343994 0.001138746 0.999725401 -0.023408549 -5.688827991 -0.990055501 -0.002165852 -0.140661374 108.100929260
-0.142643780 0.022573888 0.989516795 76.751937866 0.001988559 0.999744534 -0.022520555 -5.724292755 -0.989772141 -0.001244705 -0.142652228 107.987426758
-0.144207597 0.023291038 0.989273369 77.545883179 0.003375621 0.999728799 -0.023045124 -5.753646851 -0.989541829 0.000016130 -0.144247100 107.874229431
-0.146394402 0.024742419 0.988916814 78.344429016 0.003018241 0.999693751 -0.024565244 -5.781239510 -0.989221752 -0.000611425 -0.146424234 107.758575439
-0.148012951 0.027825968 0.988593996 79.140457153 0.004043654 0.999612749 -0.027530700 -5.819413185 -0.988977253 -0.000077368 -0.148068160 107.643585205
-0.148153916 0.031982493 0.988447070 79.944351196 0.006021137 0.999487579 -0.031437244 -5.851514339 -0.988946080 0.001294025 -0.148270562 107.520668030
-0.150093660 0.035510853 0.988033831 80.760040283 0.006851984 0.999368131 -0.034877330 -5.899923801 -0.988648057 0.001535127 -0.150242165 107.415481567
-0.150034368 0.036955766 0.987989843 81.585433960 0.009184825 0.999310195 -0.035984416 -5.935152054 -0.988638163 0.003675615 -0.150270313 107.293991089
-0.148954228 0.035942879 0.988190711 82.414009094 0.012397379 0.999328494 -0.034479283 -5.978963852 -0.988766432 0.007115141 -0.149299815 107.164138794
-0.148580223 0.034266569 0.988306522 83.238464355 0.013033117 0.999380529 -0.032691158 -6.015310287 -0.988814473 0.008023455 -0.148934796 107.031974792
-0.147648126 0.032393418 0.988509357 84.073143005 0.011975429 0.999448776 -0.030963207 -6.057498455 -0.988967478 0.007266165 -0.147954687 106.907974243
-0.146693200 0.030095080 0.988724053 84.910995483 0.011566557 0.999520957 -0.028707629 -6.092583179 -0.989114404 0.007224920 -0.146971017 106.805419922
-0.145363107 0.027057847 0.989008307 85.763885498 0.011930289 0.999601245 -0.025594156 -6.126758575 -0.989306450 0.008078708 -0.145627946 106.689414978
-0.143228248 0.023693118 0.989405990 86.607383728 0.012289015 0.999678910 -0.022160141 -6.163159370 -0.989613354 0.008984867 -0.143473446 106.562026978
-0.141810879 0.023550782 0.989613652 87.458023071 0.010857808 0.999693811 -0.022234756 -6.197289944 -0.989834189 0.007591904 -0.142023176 106.454292297
-0.140411586 0.027764633 0.989703953 88.314933777 0.011304371 0.999586523 -0.026438100 -6.233681679 -0.990028620 0.007475763 -0.140667394 106.338005066
-0.138371110 0.034198239 0.989789963 89.157608032 0.012567714 0.999383748 -0.032772772 -6.267540932 -0.990300655 0.007904589 -0.138715670 106.220802307
-0.137122676 0.037428357 0.989846706 90.002212524 0.010043019 0.999287069 -0.036394067 -6.305916786 -0.990503132 0.004950599 -0.137400791 106.109764099
-0.136077538 0.034328237 0.990103304 90.864578247 0.008587574 0.999402702 -0.033470415 -6.350841045 -0.990661025 0.003948013 -0.136291072 106.002212524
