1.000000000 0.000000000 0.000000000 0.000000000 0.000000000 1.000000000 -0.000000000 0.000000000 0.000000000 -0.000000000 1.000000000 0.000000000
0.999991596 -0.002381687 -0.003328642 -0.004031000 0.002374458 0.999994814 -0.002174010 -0.005450351 0.003333802 0.002166088 0.999992073 0.664731383
0.999971271 -0.001075872 -0.007503322 -0.012753186 0.001048962 0.999993026 -0.003589513 -0.010526312 0.007507131 0.003581539 0.999965429 1.358734608
0.999935329 -0.001763427 -0.011232321 -0.027571054 0.001708252 0.999986410 -0.004919848 -0.012392046 0.011240845 0.004900343 0.999924839 2.071048260
0.999869764 -0.000197635 -0.016133938 -0.044643495 0.000105508 0.999983728 -0.005710804 -0.013860171 0.016134802 0.005708359 0.999853492 2.796652317
0.999791503 -0.000769391 -0.020403855 -0.062562466 0.000649383 0.999982476 -0.005887613 -0.024298249 0.020408025 0.005873135 0.999774516 3.533846855
0.999682784 0.000874368 -0.025171066 -0.086901627 -0.001056240 0.999973536 -0.007213064 -0.029774657 0.025164088 0.007237363 0.999657094 4.305400372
0.999545157 0.003318192 -0.029975813 -0.116252601 -0.003552883 0.999963343 -0.007779464 -0.036815599 0.029948903 0.007882426 0.999520242 5.062531471
0.999412298 0.003756910 -0.034073759 -0.153268948 -0.003970364 0.999972820 -0.006198966 -0.044120476 0.034049544 0.006330608 0.999400020 5.843221188
0.999248743 0.002943969 -0.038644660 -0.187060788 -0.003091852 0.999988019 -0.003767529 -0.048968054 0.038633116 0.003884181 0.999245882 6.645988941
0.999104857 0.002845895 -0.042209532 -0.214646429 -0.002881363 0.999995530 -0.000779462 -0.064365499 0.042207129 0.000900385 0.999108434 7.441797733
0.998990059 0.004121275 -0.044742718 -0.259273767 -0.004185241 0.999990344 -0.001336080 -0.073153175 0.044736780 0.001521990 0.998997629 8.258202553
0.998907208 0.003376322 -0.046617214 -0.308169216 -0.003453873 0.999992728 -0.001583112 -0.078587621 0.046611533 0.001742391 0.998911500 9.075942993
0.998810470 0.000716460 -0.048756942 -0.346891910 -0.000837241 0.999996662 -0.002456826 -0.080840863 0.048755020 0.002494725 0.998807609 9.919725418
0.998698592 0.000843864 -0.050993189 -0.382793039 -0.000923333 0.999998391 -0.001534885 -0.091103137 0.050991811 0.001579971 0.998697817 10.757200241
0.998615086 -0.000863385 -0.052604165 -0.428559840 0.000764227 0.999997795 -0.001905066 -0.097399399 0.052605700 0.001862226 0.998613656 11.607379913
0.998514354 0.001323569 -0.054472338 -0.479177773 -0.001534550 0.999991477 -0.003831535 -0.111435138 0.054466806 0.003909434 0.998507917 12.460671425
0.998423994 0.001975199 -0.056086235 -0.532360017 -0.002359499 0.999974132 -0.006786563 -0.115948178 0.056071386 0.006908202 0.998402894 13.330581665
0.998338401 0.006067536 -0.057303190 -0.598771632 -0.006574622 0.999940753 -0.008664779 -0.128225565 0.057247225 0.009027129 0.998319268 14.194831848
0.998281479 0.006882343 -0.058194805 -0.656146705 -0.007397862 0.999935210 -0.008647703 -0.136973932 0.058131512 0.009063360 0.998267889 15.081796646
0.998210669 0.006154062 -0.059478067 -0.714766383 -0.006537607 0.999958992 -0.006256047 -0.161992297 0.059437130 0.006633696 0.998210073 15.981925011
0.998120010 0.007079919 -0.060880400 -0.778704762 -0.007437096 0.999956369 -0.005642262 -0.164487168 0.060837790 0.006084428 0.998129189 16.885082245
0.998039305 0.006580757 -0.062243275 -0.815783143 -0.006922496 0.999962091 -0.005276308 -0.184327647 0.062206201 0.005696842 0.998047113 17.775772095
0.997940540 0.006451789 -0.063821308 -0.877826691 -0.006852415 0.999958158 -0.006060395 -0.196328580 0.063779540 0.006485244 0.997942984 18.683156967
0.997874379 0.005035530 -0.064973876 -0.939527154 -0.005507359 0.999959707 -0.007084766 -0.207617208 0.064935587 0.007427540 0.997861803 19.599842072
0.997831643 0.004859880 -0.065638445 -0.999039233 -0.005223053 0.999971926 -0.005362470 -0.219233140 0.065610543 0.005693675 0.997829080 20.527774811
0.997845471 0.005872751 -0.065345056 -1.076081157 -0.006030240 0.999979436 -0.002213143 -0.227427661 0.065330699 0.002602421 0.997860253 21.472490311
0.997887135 0.007068579 -0.064584233 -1.133533478 -0.006958867 0.999974072 0.001923526 -0.243764564 0.064596131 -0.001470029 0.997910321 22.380802155
0.997996807 0.005927193 -0.062984481 -1.192745447 -0.005652025 0.999973714 0.004546086 -0.247390747 0.063009761 -0.004180990 0.998004079 23.312330246
0.998087287 0.006609569 -0.061465599 -1.255630136 -0.006292657 0.999965966 0.005348071 -0.252282470 0.061498836 -0.004951060 0.998094797 24.252283096
0.998154998 0.006150711 -0.060404807 -1.305825591 -0.005993540 0.999978125 0.002782795 -0.265404761 0.060420603 -0.002415623 0.998170078 25.194110870
0.998207450 0.007177593 -0.059418958 -1.368231773 -0.007319016 0.999970913 -0.002162819 -0.270687968 0.059401698 0.002593829 0.998230815 26.142423630
0.998283148 0.006483085 -0.058212843 -1.425364137 -0.006799034 0.999963164 -0.005231060 -0.281947225 0.058176778 0.005617870 0.998290479 27.090436935
0.998313308 0.003789680 -0.057935443 -1.475156546 -0.004021052 0.999984443 -0.003877547 -0.293539882 0.057919852 0.004103967 0.998312771 28.059688568
0.998315692 0.002004001 -0.057982177 -1.536529183 -0.001953912 0.999997675 0.000920548 -0.303896010 0.057983883 -0.000805705 0.998317182 29.027593613
0.998267353 -0.001425352 -0.058823589 -1.587052107 0.001678744 0.999989510 0.004258467 -0.309716672 0.058816895 -0.004349839 0.998259246 29.999204636
0.998182833 -0.008884558 -0.059601020 -1.644593477 0.009134614 0.999950647 0.003924398 -0.320616990 0.059563208 -0.004461699 0.998214543 30.971433640
0.998055875 -0.010656639 -0.061407879 -1.694784522 0.010655130 0.999943137 -0.000352046 -0.324469507 0.061408132 -0.000302947 0.998112679 31.943225861
0.997974992 -0.010266953 -0.062773503 -1.759119511 0.010009144 0.999940097 -0.004420052 -0.331870407 0.062815122 0.003782792 0.998017967 32.919494629
0.997882187 -0.009402828 -0.064364441 -1.843484044 0.009096263 0.999945819 -0.005054364 -0.341571748 0.064408474 0.004458184 0.997913659 33.906528473
0.997791290 -0.009274881 -0.065776005 -1.888852358 0.009062062 0.999952674 -0.003533186 -0.359933197 0.065805644 0.002929316 0.997828186 34.885829926
0.997731447 -0.006136145 -0.067038745 -1.960815787 0.006086291 0.999980986 -0.000947907 -0.372755587 0.067043275 0.000537739 0.997749984 35.881256104
0.997651696 -0.006186438 -0.068211868 -2.030802488 0.006241701 0.999980271 0.000597053 -0.386372507 0.068206847 -0.001021410 0.997670710 36.868282318
0.997641265 -0.004764246 -0.068476588 -2.102588654 0.005017566 0.999981105 0.003527817 -0.403740883 0.068458490 -0.003863082 0.997646511 37.829559326
0.997604012 -0.004939061 -0.069005087 -2.170889378 0.005383044 0.999965966 0.006249596 -0.406579435 0.068971872 -0.006606082 0.997596741 38.836387634
0.997550130 0.000989443 -0.069947578 -2.237417936 -0.000391227 0.999963164 0.008565512 -0.414462209 0.069953494 -0.008517164 0.997513950 39.791019440
0.997582734 0.001147181 -0.069479033 -2.332011938 -0.000616454 0.999970496 0.007659621 -0.412986696 0.069485776 -0.007598276 0.997554064 40.803894043
0.997560978 0.000749239 -0.069796085 -2.391573429 -0.000332427 0.999982059 0.005983269 -0.416737437 0.069799326 -0.005945473 0.997543335 41.809497833
0.997557759 0.003172026 -0.069773532 -2.472548723 -0.002906057 0.999988198 0.003913071 -0.425147384 0.069785103 -0.003700749 0.997555256 42.806026459
0.997501194 0.002595245 -0.070602782 -2.545834303 -0.002339705 0.999990344 0.003701862 -0.429619193 0.070611723 -0.003527422 0.997497618 43.784450531
0.997418225 0.001042232 -0.071804598 -2.620640755 -0.000689098 0.999987543 0.004942572 -0.439184010 0.071808860 -0.004880331 0.997406542 44.772502899
0.997373343 0.001592280 -0.072415441 -2.693825960 -0.001157250 0.999980927 0.006048981 -0.451601088 0.072423704 -0.005949290 0.997356236 45.738891602
0.997326493 0.003612770 -0.072983980 -2.762230158 -0.003437565 0.999990940 0.002526060 -0.462317973 0.072992444 -0.002268420 0.997329891 46.727012634
0.997264326 0.004138441 -0.073800914 -2.842952490 -0.004278231 0.999989390 -0.001736160 -0.470354110 0.073792942 0.002047148 0.997271538 47.689704895
0.997208714 0.005381191 -0.074469611 -2.920225859 -0.005619236 0.999979794 -0.002987393 -0.477786809 0.074452020 0.003397516 0.997218847 48.650997162
0.997195721 0.003760129 -0.074742734 -2.991774321 -0.003713846 0.999992847 0.000758214 -0.498386055 0.074745037 -0.000478505 0.997202516 49.648559570
0.997207522 0.002074648 -0.074651055 -3.067398310 -0.001818780 0.999992251 0.003495340 -0.505614817 0.074657716 -0.003349806 0.997203529 50.617218018
0.997199297 0.000294086 -0.074789934 -3.145739555 0.000054617 0.999989212 0.004660354 -0.524416029 0.074790493 -0.004651385 0.997188389 51.579776764
0.997153580 -0.002893192 -0.075342059 -3.204089165 0.003137606 0.999990225 0.003125895 -0.526629567 0.075332277 -0.003353391 0.997152865 52.527782440
0.997129261 -0.005535459 -0.075516075 -3.279304266 0.005689047 0.999982178 0.001818868 -0.537196755 0.075504653 -0.002243260 0.997142971 53.482944489
0.997080684 -0.006866363 -0.076046482 -3.361774921 0.007097256 0.999971092 0.002766365 -0.544980049 0.076025285 -0.003298010 0.997100472 54.420207977
0.996889353 -0.010890036 -0.078057088 -3.414974451 0.011491857 0.999907494 0.007264971 -0.557578683 0.077970751 -0.008139392 0.996922433 55.386520386
0.996855021 -0.011578017 -0.078395687 -3.494411230 0.012554112 0.999849498 0.011969494 -0.559781432 0.078245305 -0.012916038 0.996850491 56.328769684
0.996853769 -0.009372894 -0.078706451 -3.581878901 0.010514166 0.999845266 0.014098511 -0.560542285 0.078562133 -0.014881686 0.996798158 57.266330719
0.996671557 -0.009288686 -0.080991223 -3.648169518 0.010153648 0.999895632 0.010274396 -0.567122221 0.080887347 -0.011062553 0.996661842 58.219501495
0.996599674 -0.007406431 -0.082062952 -3.727163792 0.007655763 0.999967039 0.002724038 -0.573921263 0.082040071 -0.003343029 0.996623456 59.136066437
0.996598899 -0.005186541 -0.082243003 -3.817702293 0.005037095 0.999985337 -0.002024510 -0.584906816 0.082252301 0.001603358 0.996610224 60.044086456
0.996544003 -0.000410078 -0.083065741 -3.903816462 0.000292264 0.999999106 -0.001430464 -0.593890607 0.083066247 0.001401243 0.996543050 60.946014404
0.996393800 0.001756512 -0.084830120 -3.984215498 -0.001661405 0.999997854 0.001191724 -0.611070573 0.084832050 -0.001046489 0.996394694 61.853046417
0.996317267 0.004450024 -0.085626788 -4.066911697 -0.004241735 0.999987543 0.002614303 -0.624067783 0.085637353 -0.002241469 0.996323824 62.737865448
0.996188760 0.004981670 -0.087080806 -4.143160343 -0.004784063 0.999985516 0.002477796 -0.637996972 0.087091878 -0.002051753 0.996198177 63.607177734
0.996049941 0.006480006 -0.088557564 -4.226402283 -0.006220292 0.999975562 0.003208373 -0.647551537 0.088576175 -0.002644846 0.996065915 64.459480286
0.995907962 0.007831017 -0.090032838 -4.303209305 -0.007508115 0.999964178 0.003924630 -0.661576450 0.090060346 -0.003232594 0.995931089 65.308036804
0.995791554 0.007565906 -0.091333784 -4.384653568 -0.007205984 0.999965012 0.004269874 -0.669726968 0.091362886 -0.003593755 0.995811224 66.138862610
0.995689154 0.007328138 -0.092463076 -4.464166164 -0.006846928 0.999961257 0.005520493 -0.681419909 0.092499956 -0.004863606 0.995700836 66.943450928
0.995509565 0.009910754 -0.094141185 -4.545876026 -0.009196477 0.999925613 0.008018146 -0.685581088 0.094213657 -0.007116375 0.995526552 67.747650146
0.995397151 0.011717523 -0.095116749 -4.626176834 -0.010584441 0.999866903 0.012408344 -0.696632385 0.095249496 -0.011344470 0.995388806 68.527191162
0.995188355 0.014941726 -0.096834831 -4.706968784 -0.013642010 0.999807954 0.014070202 -0.700346172 0.097026475 -0.012681478 0.995201051 69.298767090
0.995031536 0.017755082 -0.097964287 -4.790853024 -0.016851109 0.999807537 0.010047324 -0.711336613 0.098123811 -0.008346597 0.995139182 70.045112610
0.994908273 0.017856343 -0.099190108 -4.868358612 -0.017688628 0.999840200 0.002570082 -0.717740536 0.099220157 -0.000802457 0.995065212 70.762046814
0.994743407 0.016621992 -0.101040788 -4.936418056 -0.017001620 0.999851227 -0.002897113 -0.730157793 0.100977607 0.004599742 0.994877994 71.476951599
0.994697690 0.017306698 -0.101374723 -5.010893822 -0.017823176 0.999832392 -0.004191135 -0.735809922 0.101285197 0.005975732 0.994839430 72.164192200
0.994577944 0.020016637 -0.102048419 -5.092020988 -0.020169454 0.999796391 -0.000465756 -0.749083459 0.102018327 0.002521492 0.994779229 72.841125488
0.994396806 0.020537637 -0.103697516 -5.158601284 -0.020440444 0.999789059 0.001999947 -0.770689666 0.103716716 0.000130884 0.994606853 73.483139038
0.994405210 0.017217483 -0.104219928 -5.231620312 -0.017452449 0.999846816 -0.001342905 -0.779890895 0.104180835 0.003154284 0.994553328 74.121047974
0.994503319 0.009114091 -0.104308017 -5.280525208 -0.009839895 0.999930859 -0.006445777 -0.796024561 0.104242057 0.007436727 0.994524181 74.732810974
0.994644880 0.004724551 -0.103243522 -5.336024284 -0.005914271 0.999919593 -0.011220315 -0.805784881 0.103182204 0.011770838 0.994592786 75.320770264
0.994935751 0.007179404 -0.100256100 -5.397251606 -0.008394987 0.999896109 -0.011708122 -0.815340757 0.100161634 0.012490477 0.994892716 75.907142639
0.995312154 0.012240704 -0.095936745 -5.461264133 -0.013099253 0.999879479 -0.008324364 -0.833215833 0.095823281 0.009542040 0.995352626 76.465026855
0.995775819 0.011387720 -0.091109551 -5.515290260 -0.011912063 0.999915481 -0.005213345 -0.846947670 0.091042489 0.006276626 0.995827258 77.014724731
0.996298492 0.007405058 -0.085642338 -5.542105675 -0.007518896 0.999971151 -0.001006721 -0.862844706 0.085632429 0.001646930 0.996325552 77.537010193
0.997002423 0.002702368 -0.077322803 -5.581899166 -0.002549655 0.999994576 0.002073666 -0.869223058 0.077327996 -0.001870304 0.997003853 78.095329285
0.997749567 0.006465290 -0.066737883 -5.615365028 -0.006336215 0.999977529 0.002145551 -0.881354988 0.066750273 -0.001717857 0.997768164 78.609550476
0.998591006 0.011517516 -0.051801268 -5.638857365 -0.011434469 0.999932766 0.001899286 -0.892946959 0.051819660 -0.001304290 0.998655558 79.116111755
0.999298930 0.016638268 -0.033538852 -5.658826351 -0.016580380 0.999860466 0.002003345 -0.893941939 0.033567511 -0.001445854 0.999435365 79.609466553
0.999815643 0.015351607 -0.011533561 -5.649956703 -0.015325899 0.999879837 0.002314062 -0.895378113 0.011567697 -0.002136873 0.999930739 80.095443726
0.999827266 0.011638407 0.014492000 -5.620089531 -0.011692139 0.999925077 0.003628548 -0.910424709 -0.014448673 -0.003797363 0.999888361 80.553375244
0.998989344 0.010858506 0.043615740 -5.575763226 -0.011097417 0.999924660 0.005239220 -0.917872429 -0.043555565 -0.005717947 0.999034584 81.010025024
0.996973932 0.010180936 0.077066593 -5.526114464 -0.010773198 0.999915481 0.007273187 -0.932917535 -0.076986022 -0.008081432 0.996999323 81.446594238
0.993379414 0.010382756 0.114409715 -5.458732128 -0.011284219 0.999910116 0.007234422 -0.930798352 -0.114324301 -0.008477550 0.993407249 81.893112183
0.987798274 0.009877130 0.155425146 -5.344864845 -0.011081612 0.999914885 0.006885030 -0.931735635 -0.155343905 -0.008523383 0.987823606 82.311622620
0.979655981 0.009434682 0.200462073 -5.230204105 -0.011074967 0.999913752 0.007062635 -0.944423735 -0.200378165 -0.009139066 0.979676008 82.683021545
0.968419075 0.011658473 0.249055460 -5.094138622 -0.013237359 0.999901533 0.004665579 -0.948353231 -0.248976544 -0.007815070 0.968478024 83.079879761
0.953086853 0.013092916 0.302413464 -4.940911770 -0.014228184 0.999897599 0.001551265 -0.955678284 -0.302362174 -0.005781285 0.953175604 83.466415405
0.933735251 0.013131601 0.357723385 -4.755064964 -0.013768662 0.999904931 -0.000766147 -0.960097373 -0.357699424 -0.004209994 0.933827281 83.838211060
0.909655869 0.013015707 0.415158778 -4.562096596 -0.013172851 0.999910176 -0.002485255 -0.969217896 -0.415153801 -0.003208098 0.909745574 84.183647156
0.880668461 0.013041584 0.473553598 -4.353535652 -0.012678457 0.999911726 -0.003959251 -0.980656207 -0.473563492 -0.002517142 0.880756140 84.504379272
0.847608685 0.012419583 0.530476511 -4.107115746 -0.010210813 0.999922693 -0.007095224 -0.976386905 -0.530523658 0.000597376 0.847669959 84.814300537
0.810663640 0.012676291 0.585374892 -3.837764025 -0.008561339 0.999915302 -0.009796889 -0.973326266 -0.585449576 0.002930389 0.810703576 85.130043030
0.770415902 0.011087558 0.637445211 -3.567487240 -0.007538575 0.999937296 -0.008281534 -0.989891648 -0.637497067 0.001574797 0.770451248 85.406616211
0.727369428 0.011790032 0.686144710 -3.271628857 -0.006371723 0.999925375 -0.010427180 -0.951987505 -0.686216474 0.003212488 0.727390289 85.678771973
0.685786843 0.008777123 0.727749527 -2.980513334 -0.003836421 0.999956965 -0.008444909 -0.971746445 -0.727792323 0.002999455 0.685791016 85.789230347
0.639211118 0.007620692 0.768993556 -2.663319111 -0.000445308 0.999954343 -0.009539349 -0.978776097 -0.769031167 0.005755219 0.639185369 85.997619629
0.592336655 0.004924047 0.805675566 -2.330919027 0.005450248 0.999933898 -0.010118345 -0.987721503 -0.805672228 0.010384598 0.592270553 86.185493469
0.546052635 0.007103859 0.837720752 -1.998011947 0.003176494 0.999939322 -0.010550009 -1.000940919 -0.837744832 0.008421876 0.545996904 86.352134705
0.498559445 0.010049377 0.866797328 -1.662799597 -0.000030734 0.999933004 -0.011575234 -1.009826541 -0.866855562 0.005744303 0.498526305 86.518287659
0.453662217 0.012458522 0.891086698 -1.319350362 -0.000352878 0.999904692 -0.013800282 -1.013813376 -0.891173720 0.005946221 0.453623295 86.649757385
0.410592467 0.010864824 0.911754251 -0.968282819 0.006764599 0.999865115 -0.014961109 -1.012274861 -0.911793888 0.012310570 0.410463542 86.773719788
0.371224105 0.003158671 0.928537905 -0.599238753 0.021563658 0.999695122 -0.012021759 -1.022315264 -0.928292930 0.024485443 0.371042818 86.862564087
0.335221112 -0.000320924 0.942139506 -0.231449723 0.025404695 0.999639332 -0.008698694 -1.029342651 -0.941796899 0.026850749 0.335108340 86.963958740
0.301584631 0.002258147 0.953436673 0.123273753 0.024327736 0.999653578 -0.010062791 -1.041733265 -0.953128994 0.026229743 0.301425159 87.068382263
0.271011084 0.009942638 0.962524891 0.492160380 0.013432128 0.999810278 -0.014109773 -1.057838678 -0.962482512 0.016752662 0.270826101 87.164207458
0.242016405 0.013997623 0.970171154 0.868396699 0.008398969 0.999828339 -0.016520699 -1.077341557 -0.970235825 0.012146719 0.241857246 87.252128601
0.216797575 0.015595329 0.976091981 1.261358261 0.010113836 0.999782979 -0.018220209 -1.091717720 -0.976164222 0.013822134 0.216592774 87.315544128
0.192471966 0.017020185 0.981154859 1.667630911 0.017283237 0.999635816 -0.020731205 -1.103584647 -0.981150270 0.020947708 0.192107692 87.381530762
0.172473744 0.023330709 0.984737754 2.081826925 0.024142014 0.999319136 -0.027904572 -1.101356387 -0.984718204 0.028586354 0.171793029 87.426628113
0.153724894 0.030707642 0.987636387 2.483648777 0.027815113 0.998986423 -0.035389941 -1.087509274 -0.987722158 0.032911535 0.152714938 87.462341309
0.135786101 0.031354833 0.990241885 2.923981905 0.025705783 0.999051034 -0.035158657 -1.101362705 -0.990404725 0.030229002 0.134851232 87.521774292
0.120448500 0.026977288 0.992352962 3.384444952 0.023515508 0.999272645 -0.030019635 -1.126939654 -0.992441058 0.026951505 0.119726501 87.571853638
0.106250703 0.023743581 0.994055808 3.852369070 0.023724219 0.999369740 -0.026406296 -1.148790121 -0.994056344 0.026388887 0.105620444 87.612274170
0.093232788 0.021150591 0.995419621 4.335348606 0.026293250 0.999373376 -0.023697270 -1.164412379 -0.995297134 0.028382182 0.092618242 87.641815186
0.081569709 0.020543465 0.996455908 4.831252575 0.030099628 0.999280751 -0.023065656 -1.176499248 -0.996213019 0.031874415 0.080892690 87.669311523
0.071333915 0.021067323 0.997229993 5.338507652 0.033484310 0.999162793 -0.023503361 -1.192791343 -0.996890366 0.035068151 0.070568770 87.694709778
0.063243963 0.021911731 0.997757435 5.868988991 0.035592314 0.999073446 -0.024196684 -1.204854488 -0.997363210 0.037042797 0.062405463 87.728027344
0.057814296 0.022128057 0.998082042 6.419456005 0.037585292 0.998997390 -0.024325486 -1.220568419 -0.997619569 0.038919576 0.056924630 87.752853394
0.052017529 0.023160065 0.998377502 6.980930328 0.038846232 0.998927534 -0.025196789 -1.237292171 -0.997890353 0.040093884 0.051062047 87.781211853
0.047092624 0.023773218 0.998607576 7.562934875 0.040666085 0.998842359 -0.025696551 -1.252225041 -0.998062372 0.041819569 0.046071336 87.790992737
0.042795766 0.023645910 0.998803973 8.164718628 0.043192714 0.998741448 -0.025495106 -1.269281030 -0.998149693 0.044232134 0.041720565 87.809944153
0.039668914 0.023805579 0.998929381 8.780981064 0.044747874 0.998670816 -0.025576426 -1.287025690 -0.998210430 0.045714539 0.038550943 87.832466125
0.036778901 0.023215406 0.999053717 9.418487549 0.045816965 0.998639643 -0.024892475 -1.306825757 -0.998272538 0.046689119 0.035665210 87.851516724
0.034305204 0.022671642 0.999154210 10.073080063 0.047962409 0.998553395 -0.024304757 -1.325900793 -0.998259842 0.048755635 0.033168189 87.872077942
0.033895310 0.022417739 0.999173939 10.749730110 0.052626476 0.998321354 -0.024183873 -1.344719529 -0.998038828 0.053402726 0.032658644 87.886077881
0.034926664 0.021970438 0.999148309 11.433934212 0.056118738 0.998137772 -0.023909928 -1.363749385 -0.997812986 0.056906030 0.033628672 87.903388977
0.037623923 0.021878680 0.999052405 12.136669159 0.058133908 0.998019159 -0.024045354 -1.381912589 -0.997599542 0.058983497 0.036277510 87.924621582
0.041284498 0.021764072 0.998910427 12.863636971 0.060301103 0.997886062 -0.024233971 -1.403494239 -0.997326076 0.061235886 0.039884832 87.955459595
0.045449089 0.021313360 0.998739243 13.593893051 0.060665689 0.997868240 -0.024055451 -1.427266717 -0.997122943 0.061682504 0.044059213 87.993232727
0.049298454 0.019601407 0.998591781 14.355922699 0.061996672 0.997819364 -0.022646900 -1.448860049 -0.996858120 0.063025825 0.047975734 88.036018372
0.053075880 0.018000875 0.998428166 15.116020203 0.061646644 0.997871339 -0.021267934 -1.469968438 -0.996685863 0.062678561 0.051853210 88.083648682
0.057472561 0.015994249 0.998218954 15.901494980 0.058884665 0.998076618 -0.019382255 -1.489816308 -0.996609092 0.059893735 0.056420203 88.135978699
0.060759313 0.015056940 0.998038888 16.671895981 0.057323340 0.998183310 -0.018548889 -1.511969805 -0.996505082 0.058337942 0.059785828 88.190025330
0.065015152 0.015796494 0.997759223 17.486885071 0.054743540 0.998312473 -0.019372402 -1.536454082 -0.996381640 0.055880371 0.064040683 88.258110046
0.067803785 0.020157820 0.997495055 18.274066925 0.052281834 0.998350441 -0.023728915 -1.561936259 -0.996327937 0.053759776 0.066638060 88.312515259
0.069308288 0.025044279 0.997280836 19.069158554 0.046495952 0.998517394 -0.028306674 -1.595295548 -0.996511161 0.048331413 0.068041071 88.373718262
0.069243096 0.028596196 0.997189879 19.881406784 0.043718982 0.998541772 -0.031670738 -1.616798520 -0.996641397 0.045789111 0.067891940 88.435447693
0.069108866 0.028049683 0.997214675 20.697795868 0.041601107 0.998654068 -0.030973211 -1.650424123 -0.996741354 0.043625757 0.067848958 88.505203247
0.069355980 0.026132299 0.997249603 21.504356384 0.038803238 0.998829782 -0.028872367 -1.686917305 -0.996836960 0.040698994 0.068260796 88.557426453
0.068539180 0.025035409 0.997334242 22.331743240 0.039273251 0.998842537 -0.027772224 -1.721125126 -0.996875048 0.041072048 0.067476615 88.633308411
0.069021791 0.023886655 0.997329235 23.151659012 0.036799654 0.998971939 -0.026472786 -1.760162115 -0.996936202 0.038528565 0.068071827 88.695312500
0.068820976 0.024279963 0.997333467 23.969684601 0.035152256 0.999023974 -0.026746800 -1.791236877 -0.997009635 0.036899261 0.067900307 88.765243530
0.069089711 0.024767483 0.997302949 24.776578903 0.032202061 0.999115407 -0.027043344 -1.825401783 -0.997090638 0.033983625 0.068231024 88.823753357
0.068063654 0.026007215 0.997341990 25.575244904 0.028831312 0.999191403 -0.028023038 -1.863501072 -0.997264326 0.030662030 0.067258790 88.878463745
0.064937636 0.026236486 0.997544348 26.393999100 0.026202299 0.999264777 -0.027987441 -1.889872670 -0.997545302 0.027955392 0.064202435 88.943878174
0.061377771 0.024676161 0.997809529 27.198276520 0.023715546 0.999376118 -0.026173705 -1.924694419 -0.997832775 0.025270084 0.060754273 88.996185303
0.056371197 0.022348814 0.998159766 28.010021210 0.022013210 0.999478638 -0.023621542 -1.953768373 -0.998167217 0.023304274 0.055849839 89.048072815
0.050356682 0.020479195 0.998521328 28.815498352 0.019651936 0.999575913 -0.021491896 -1.983511090 -0.998537898 0.020705141 0.049932871 89.088783264
0.042839382 0.020418134 0.998873293 29.620954514 0.019505696 0.999583542 -0.021269204 -2.014243841 -0.998891532 0.020394880 0.042423271 89.124290466
0.034582306 0.020846650 0.999184430 30.424139023 0.019553652 0.999576986 -0.021531601 -2.044544220 -0.999210536 0.020282319 0.034160044 89.148582458
0.024885233 0.021592326 0.999457061 31.230739594 0.020372553 0.999548137 -0.022101542 -2.067897081 -0.999482691 0.020911496 0.024434093 89.166572571
0.014020031 0.020687856 0.999687672 32.010993958 0.020953773 0.999560356 -0.020979078 -2.097657204 -0.999682128 0.021241359 0.013580378 89.180557251
0.003132459 0.019882495 0.999797463 32.806053162 0.019752296 0.999606073 -0.019940572 -2.125525713 -0.999799967 0.019810759 0.002738501 89.185546875
-0.007866622 0.018711867 0.999794006 33.595333099 0.021294801 0.999601364 -0.018540705 -2.154948235 -0.999742329 0.021144565 -0.008261951 89.174186707
-0.018926581 0.019476971 0.999631107 34.367023468 0.021365652 0.999589801 -0.019071633 -2.175375223 -0.999592543 0.020996811 -0.019334957 89.160522461
-0.030090900 0.020128842 0.999344528 35.145305634 0.021303233 0.999583066 -0.019492194 -2.199680567 -0.999320090 0.020702729 -0.030507166 89.136604309
-0.040454205 0.021017829 0.998960257 35.915527344 0.020629693 0.999583244 -0.020195512 -2.228968859 -0.998968422 0.019791249 -0.040870935 89.096359253
-0.051052075 0.022220878 0.998448670 36.682334900 0.021501457 0.999545157 -0.021145886 -2.251157045 -0.998464465 0.020388559 -0.051506631 89.059005737
-0.060219772 0.022627005 0.997928619 37.436962128 0.022679226 0.999516010 -0.021294424 -2.283649921 -0.997927427 0.021349903 -0.060703792 89.000762939
-0.070046112 0.023189712 0.997274160 38.191417694 0.022765310 0.999506593 -0.021642638 -2.308726311 -0.997283936 0.021187274 -0.070539467 88.952033997
-0.079303250 0.023558334 0.996572137 38.929210663 0.023292044 0.999491572 -0.021773856 -2.337237358 -0.996578395 0.021485463 -0.079811648 88.890327454
-0.087940410 0.022863874 0.995863318 39.663528442 0.024612788 0.999481201 -0.020773487 -2.361869097 -0.995821655 0.022684140 -0.088457532 88.821975708
-0.094885804 0.021545034 0.995255053 40.388946533 0.026411861 0.999468267 -0.019118182 -2.391564131 -0.995137751 0.024472494 -0.095404379 88.736801147
-0.100240931 0.020064453 0.994760931 41.115833282 0.029155163 0.999426425 -0.017220624 -2.414519787 -0.994535923 0.027276207 -0.100768425 88.666526794
-0.103895240 0.018693395 0.994412661 41.822422028 0.032441702 0.999354959 -0.015396828 -2.435179472 -0.994059026 0.030660776 -0.104434669 88.582008362
-0.106870666 0.017221587 0.994123697 42.525588989 0.034004811 0.999328315 -0.013656150 -2.458027124 -0.993691206 0.032345552 -0.107384510 88.507942200
-0.108599111 0.016234595 0.993953049 43.209777832 0.034176618 0.999336421 -0.012588391 -2.482645750 -0.993498027 0.032602869 -0.109081887 88.436187744
-0.109266803 0.016977765 0.993867397 43.885181427 0.034806963 0.999306262 -0.013243960 -2.495029688 -0.993402839 0.033146381 -0.109781951 88.357376099
-0.108471014 0.018069580 0.993935347 44.535156250 0.035316963 0.999273598 -0.014312391 -2.513233900 -0.993471980 0.033550296 -0.109030396 88.291893005
-0.105480611 0.019761302 0.994225025 45.157066345 0.036546335 0.999204099 -0.015982948 -2.532439709 -0.993749499 0.034649387 -0.106118888 88.227088928
-0.100129679 0.019916635 0.994775057 45.774780273 0.035950061 0.999219239 -0.016387038 -2.558224678 -0.994324625 0.034121398 -0.100767516 88.161285400
-0.092411622 0.020570122 0.995508432 46.364856720 0.034858949 0.999240518 -0.017411334 -2.581617832 -0.995110452 0.033093370 -0.093058504 88.113136292
-0.081013739 0.020911744 0.996493638 46.953346252 0.034742124 0.999231637 -0.018144708 -2.596727371 -0.996107280 0.033150334 -0.081678011 88.072982788
-0.067428239 0.020940339 0.997504413 47.510360718 0.033744544 0.999255657 -0.018696075 -2.622256279 -0.997153282 0.032399684 -0.068084687 88.046470642
-0.050197382 0.021904521 0.998499095 48.074951172 0.032696877 0.999259591 -0.020277439 -2.651749134 -0.998203874 0.031629931 -0.050876435 88.031120300
-0.028641162 0.024508437 0.999289274 48.566154480 0.030788129 0.999246657 -0.023624958 -2.669880629 -0.999115467 0.030089598 -0.029374147 88.025726318
-0.003926506 0.027752496 0.999607146 49.090087891 0.028700244 0.999206185 -0.027628629 -2.691598415 -0.999580264 0.028580485 -0.004719887 88.042465210
0.023894737 0.029479414 0.999279678 49.605949402 0.026836550 0.999186039 -0.030118361 -2.712410212 -0.999354243 0.027536890 0.023084158 88.081436157
0.056582831 0.028995538 0.997976840 50.113491058 0.023654204 0.999258637 -0.030373916 -2.735094309 -0.998117685 0.025324987 0.055855017 88.139053345
0.096050367 0.026315108 0.995028555 50.577144623 0.023415467 0.999314129 -0.028688746 -2.758992672 -0.995101035 0.026054623 0.095368296 88.174949646
0.137509897 0.022880672 0.990236104 51.092403412 0.021597391 0.999426305 -0.026092155 -2.778759718 -0.990264893 0.024974445 0.136936814 88.281677246
0.182734102 0.018468538 0.982988834 51.591308594 0.018481821 0.999582291 -0.022216005 -2.801803827 -0.982988656 0.022227043 0.182316467 88.397331238
0.231451526 0.015198081 0.972727716 52.073013306 0.013856299 0.999725044 -0.018916871 -2.820004463 -0.972747743 0.017856743 0.231177315 88.540855408
0.283693314 0.013060455 0.958826125 52.540824890 0.009967737 0.999813020 -0.016567962 -2.846296787 -0.958863258 0.014257546 0.283510119 88.705146790
0.338306963 0.013247061 0.940942585 52.990829468 0.008833423 0.999812126 -0.017251831 -2.856631279 -0.940994382 0.014148155 0.338126421 88.903579712
0.396062076 0.013588116 0.918123186 53.424049377 0.011736967 0.999733865 -0.019859064 -2.872035027 -0.918148696 0.018641403 0.395797193 89.117774963
0.451430857 0.016216297 0.892158806 53.811351776 0.010734644 0.999663770 -0.023602076 -2.911861181 -0.892241538 0.020231709 0.451104969 89.405075073
0.511524618 0.019272745 0.859052539 54.211284637 0.012263238 0.999482930 -0.029725458 -2.929506063 -0.859181106 0.025740067 0.511023641 89.672897339
0.570754230 0.023454893 0.820785999 54.585865021 0.008530403 0.999368608 -0.034489930 -2.939905643 -0.821076632 0.026686907 0.570193768 89.961708069
0.626031041 0.025872603 0.779368937 54.926097870 0.003671601 0.999340594 -0.036124203 -2.968679667 -0.779789507 0.025476404 0.625523150 90.294563293
0.677165449 0.026083762 0.735368311 55.229511261 0.002543597 0.999282598 -0.037787169 -2.989204645 -0.735826433 0.027458642 0.676613152 90.648437500
0.727382958 0.023774115 0.685819924 55.544357300 0.002141435 0.999316216 -0.036912765 -3.011229038 -0.686228454 0.028318349 0.726834595 91.002929688
0.771756947 0.020733567 0.635579586 55.789878845 -0.000455898 0.999486089 -0.032051176 -3.028169870 -0.635917485 0.024445955 0.771369696 91.385696411
0.811700940 0.017709380 0.583804846 56.016326904 -0.002517264 0.999637067 -0.026823496 -3.027684927 -0.584068000 0.020303065 0.811450720 91.806602478
0.849359214 0.014953166 0.527603328 56.259128571 -0.004531223 0.999768496 -0.021040550 -3.038526535 -0.527795732 0.015480298 0.849230230 92.229209900
0.880747736 0.011071536 0.473456204 56.451328278 -0.005318419 0.999894857 -0.013488441 -3.055474043 -0.473555773 0.009361875 0.880714059 92.660163879
0.906043351 0.012036656 0.423013717 56.606166840 -0.009430383 0.999921441 -0.008253575 -3.070971727 -0.423079848 0.003488915 0.906085670 93.097206116
0.926026881 0.013743444 0.377207130 56.733707428 -0.012942046 0.999905467 -0.004659139 -3.087786198 -0.377235562 -0.000567344 0.926117122 93.512496948
0.940870166 0.019938042 0.338180155 56.837932587 -0.020514579 0.999787807 -0.001869571 -3.105796576 -0.338145643 -0.005178602 0.941079557 93.961761475
0.952573955 0.024623577 0.303309530 56.942596436 -0.024997668 0.999683976 -0.002649668 -3.115529060 -0.303278923 -0.005058029 0.952888429 94.401679993
0.961825967 0.026334252 0.272392392 57.061489105 -0.026331795 0.999646485 -0.003665103 -3.106098175 -0.272392660 -0.003647390 0.962179303 94.875030518
0.967878580 0.021206511 0.250522345 57.170619965 -0.020896258 0.999774039 -0.003898574 -3.112297773 -0.250548422 -0.001461635 0.968102992 95.353202820
0.971834898 0.018302636 0.234951153 57.276027679 -0.018158570 0.999831259 -0.002776823 -3.129663944 -0.234962344 -0.001567764 0.972003222 95.836441040
0.974712193 0.022620913 0.222316265 57.372627258 -0.022520756 0.999741912 -0.002985916 -3.134391546 -0.222326428 -0.002096321 0.974970043 96.330619812
0.976628780 0.028024320 0.213098243 57.456119537 -0.028067823 0.999602020 -0.002821810 -3.135536671 -0.213092521 -0.003225343 0.977026701 96.838340759
0.977778673 0.036378965 0.206459537 57.556537628 -0.036239415 0.999333203 -0.004458894 -3.138280153 -0.206484094 -0.003122162 0.978444993 97.342216492
0.978032231 0.041875038 0.204204649 57.639266968 -0.041169893 0.999122500 -0.007702131 -3.150209188 -0.204348013 -0.000874151 0.978897929 97.860328674
0.978117645 0.043549262 0.203443989 57.744838715 -0.042359971 0.999050379 -0.010198705 -3.163055420 -0.203694955 0.001357649 0.979033530 98.371459961
0.977888048 0.040879052 0.205094874 57.882781982 -0.038859773 0.999148428 -0.013865487 -3.168355465 -0.205486998 0.005588955 0.978643894 98.896522522
0.977096200 0.039575886 0.209085792 58.002025604 -0.036240507 0.999147713 -0.019760752 -3.183671474 -0.209689632 0.011730780 0.977697670 99.442504883
0.976177633 0.039545882 0.213338420 58.122863770 -0.035088163 0.999080241 -0.024642708 -3.190247536 -0.214116722 0.016570009 0.976667464 100.000183105
0.974955797 0.044702053 0.217860147 58.240062714 -0.040381297 0.998890042 -0.024247024 -3.208227873 -0.218702212 0.014842300 0.975678802 100.583793640
0.973510921 0.047800086 0.223588109 58.369770050 -0.044392981 0.998808980 -0.020243060 -3.222618580 -0.224289432 0.009781099 0.974473476 101.177551270
0.972615778 0.044766225 0.228066534 58.516819000 -0.042272404 0.998980999 -0.015810348 -3.238898754 -0.228541926 0.005736475 0.973517120 101.780212402
0.971959591 0.040358204 0.231658697 58.669681549 -0.039001629 0.999184608 -0.010434761 -3.250641346 -0.231890947 0.001107100 0.972741127 102.392913818
0.971125185 0.037761018 0.235562980 58.820831299 -0.037475448 0.999281287 -0.005690760 -3.263171196 -0.235608593 -0.003301388 0.971842349 103.022087097
0.970628917 0.032464571 0.238380969 58.981159210 -0.032211464 0.999468863 -0.004958228 -3.275223494 -0.238415301 -0.002865999 0.971159041 103.647102356
0.970513999 0.029417755 0.239242941 59.126239777 -0.028255122 0.999566376 -0.008288693 -3.285243988 -0.239383027 0.001284451 0.970924377 104.290092468
0.970727265 0.029269211 0.238394305 59.302776337 -0.026419472 0.999536216 -0.015141009 -3.300625563 -0.238726929 0.008399536 0.971050441 104.936805725
0.970916629 0.031092500 0.237390369 59.462173462 -0.026652416 0.999404967 -0.021891043 -3.313002586 -0.237929776 0.014927348 0.971167684 105.596488953
0.971411884 0.034174573 0.234927878 59.615787506 -0.028943975 0.999251068 -0.025677953 -3.326159477 -0.235629514 0.018144121 0.971673608 106.280189514
0.972052872 0.032558929 0.232493550 59.780441284 -0.028367605 0.999369502 -0.021349357 -3.340080738 -0.233042091 0.014157416 0.972363591 106.970367432
0.972507179 0.028444717 0.231128767 59.947364807 -0.026047401 0.999570608 -0.013417718 -3.363447905 -0.231411219 0.007028524 0.972830653 107.657020569
0.973109186 0.028787186 0.228538409 60.113868713 -0.027787242 0.999584913 -0.007592701 -3.379504442 -0.228662178 0.001038074 0.973505259 108.377548218
0.973384857 0.032057617 0.226923212 60.267559052 -0.031011110 0.999485552 -0.008176236 -3.399407625 -0.227068603 0.000921482 0.973878324 109.101631165
0.973659635 0.037915196 0.224831849 60.424419403 -0.035902131 0.999270201 -0.013036697 -3.408986807 -0.225162074 0.004621362 0.974310398 109.829223633
0.974572062 0.038293689 0.220777839 60.583160400 -0.035156257 0.999217391 -0.018124212 -3.425434828 -0.221299127 0.009901627 0.975155711 110.560859680
0.975475550 0.037229892 0.216936544 60.753871918 -0.033433847 0.999217272 -0.021143742 -3.440869570 -0.217553914 0.013372179 0.975956678 111.324493408
0.976409793 0.035152696 0.213044703 60.920024872 -0.031692740 0.999304771 -0.019635057 -3.458977461 -0.213586807 0.012419892 0.976845145 112.099632263
0.977185249 0.031970914 0.209968820 61.078357697 -0.028893964 0.999425709 -0.017706385 -3.478755951 -0.210414305 0.011235585 0.977547765 112.865402222
0.977656901 0.029975187 0.208059549 61.250301361 -0.027505789 0.999512792 -0.014752339 -3.500758171 -0.208400428 0.008699881 0.978004932 113.660507202
0.977973402 0.026805619 0.207001463 61.417526245 -0.024721714 0.999614358 -0.012647759 -3.513851404 -0.207260683 0.007251738 0.978258967 114.462203979
0.978229463 0.021438792 0.206416279 61.594150543 -0.019526254 0.999745488 -0.011298461 -3.532450676 -0.206605986 0.007021949 0.978399098 115.256462097
0.978392184 0.022581588 0.205520913 61.765159607 -0.021047842 0.999731958 -0.009646188 -3.549877882 -0.205683663 0.005111983 0.978605270 116.054893494
0.978121459 0.028042812 0.206136122 61.924808502 -0.026196605 0.999588609 -0.011680697 -3.564539671 -0.206378907 0.006025072 0.978453577 116.899353027
0.977825582 0.033699822 0.206691861 62.089054108 -0.031203294 0.999395549 -0.015327538 -3.578991175 -0.207083464 0.008538190 0.978286028 117.715866089
0.977342367 0.042278018 0.207399428 62.249340057 -0.039678790 0.999073327 -0.016678326 -3.596345425 -0.207912356 0.008071072 0.978114128 118.534637451
0.976423204 0.048340041 0.210383162 62.416278839 -0.045977831 0.998812556 -0.016107874 -3.619596243 -0.210912019 0.006055137 0.977486253 119.378997803
0.975704014 0.050541554 0.213184148 62.591453552 -0.048592828 0.998715281 -0.014374485 -3.639110327 -0.213636771 0.003666022 0.976906240 120.197364807
0.975049675 0.051480554 0.215934694 62.763084412 -0.049482539 0.998667479 -0.014652682 -3.669048309 -0.216401309 0.003602097 0.976297855 121.043724060
0.974662423 0.050036225 0.218012363 62.943031311 -0.047232777 0.998720706 -0.018054942 -3.681289196 -0.218636826 0.007300147 0.975778997 121.876182556
0.974668920 0.043726876 0.219336301 63.136291504 -0.041090034 0.999018013 -0.016571604 -3.705159903 -0.219845533 0.007139292 0.975508571 122.719261169
0.974904299 0.037407376 0.219458714 63.336761475 -0.034281339 0.999249458 -0.018036526 -3.736341238 -0.219968677 0.010060550 0.975455105 123.539558411
0.974677265 0.036346260 0.220642760 63.522155762 -0.033247121 0.999289632 -0.017744644 -3.765602112 -0.221130982 0.009959561 0.975193202 124.383087158
0.974172592 0.038802966 0.222445682 63.710269928 -0.036474984 0.999228418 -0.014565778 -3.790413857 -0.222839251 0.006075877 0.974836230 125.231307983
0.973838806 0.040792268 0.223548695 63.896263123 -0.039775670 0.999167621 -0.009050475 -3.809416294 -0.223731816 -0.000078096 0.974650681 126.074867249
0.973390579 0.044654459 0.224759519 64.076568604 -0.044767462 0.998986959 -0.004595983 -3.837181807 -0.224737033 -0.005588227 0.974403381 126.913703918
0.973150492 0.043915763 0.225941554 64.259468079 -0.042561475 0.999034762 -0.010864118 -3.862172365 -0.226200566 0.000956016 0.974080205 127.740722656
0.973428130 0.039374691 0.225582331 64.457237244 -0.034469243 0.999076664 -0.025644710 -3.877536058 -0.226383820 0.017187625 0.973886430 128.544631958
