1.000000000 -0.000000000 0.000000000 0.000000000 -0.000000000 1.000000000 0.000000000 0.000000000 0.000000000 0.000000000 1.000000000 0.000000000
0.999991536 -0.002390297 -0.003351789 -0.003438762 0.002382969 0.999994755 -0.002188393 -0.005383762 0.003357003 0.002180387 0.999992013 0.664860487
0.999971271 -0.001065093 -0.007503936 -0.012731835 0.001038183 0.999993026 -0.003589040 -0.010520658 0.007507706 0.003581146 0.999965429 1.358656287
0.999934018 -0.001481015 -0.011388934 -0.024227493 0.001423606 0.999986291 -0.005047183 -0.014337659 0.011396251 0.005030635 0.999922395 2.062500477
0.999875128 0.000466499 -0.015796313 -0.052789010 -0.000561385 0.999981761 -0.006002912 -0.014994116 0.015793230 0.006011031 0.999857187 2.782396793
0.999798894 -0.000075378 -0.020050686 -0.071133792 -0.000049375 0.999980628 -0.006221288 -0.024740739 0.020050766 0.006221027 0.999779582 3.525696516
0.999689519 0.001441326 -0.024876175 -0.092325918 -0.001630080 0.999970078 -0.007569129 -0.029640177 0.024864519 0.007607329 0.999661863 4.289909840
0.999579072 0.004452598 -0.028668353 -0.151091218 -0.004679415 0.999958217 -0.007849522 -0.047970302 0.028632205 0.007980366 0.999558091 5.026912212
0.999450266 0.004626206 -0.032829154 -0.185768664 -0.004833201 0.999968946 -0.006228689 -0.055641226 0.032799318 0.006383933 0.999441504 5.809249878
0.999288201 0.003940759 -0.037517652 -0.217926204 -0.004083915 0.999984622 -0.003739822 -0.060819663 0.037502337 0.003890378 0.999288917 6.610764027
0.999146640 0.003277296 -0.041173462 -0.242253646 -0.003309116 0.999994278 -0.000704687 -0.073953189 0.041170917 0.000840333 0.999151766 7.399902821
0.999027669 0.004351531 -0.043873552 -0.283573002 -0.004409444 0.999989569 -0.001223297 -0.081370898 0.043867771 0.001415566 0.999036312 8.217045784
0.998947620 0.003711126 -0.045715541 -0.332217693 -0.003784642 0.999991655 -0.001521665 -0.087330222 0.045709509 0.001693080 0.998953342 9.035232544
0.998860240 0.001130525 -0.047716517 -0.371242255 -0.001247428 0.999996364 -0.002420248 -0.089257568 0.047713604 0.002477013 0.998857975 9.879075050
0.998742759 0.001103806 -0.050118729 -0.406497002 -0.001172594 0.999998391 -0.001343121 -0.102586158 0.050117172 0.001400201 0.998742342 10.704101562
0.998663604 -0.000701748 -0.051676836 -0.452851295 0.000606832 0.999998093 -0.001852396 -0.107309438 0.051678035 0.001818561 0.998662174 11.556761742
0.998565972 0.001493112 -0.053514719 -0.503193498 -0.001702627 0.999991119 -0.003869707 -0.119773179 0.053508461 0.003955273 0.998559535 12.409382820
0.998475313 0.002276676 -0.055153262 -0.554376304 -0.002666355 0.999971926 -0.006992836 -0.123038627 0.055135794 0.007129232 0.998453379 13.276932716
0.998382688 0.006378455 -0.056491718 -0.616531610 -0.006857374 0.999942124 -0.008287891 -0.141760796 0.056435596 0.008661872 0.998368561 14.137722015
0.998315513 0.007180079 -0.057571378 -0.671325266 -0.007664154 0.999936998 -0.008191857 -0.150813028 0.057508942 0.008619293 0.998307705 15.025741577
0.998255372 0.006559510 -0.058677703 -0.731476784 -0.006928041 0.999957442 -0.006079365 -0.172491491 0.058635335 0.006475280 0.998258412 15.924044609
0.998175442 0.007397675 -0.059924833 -0.795999467 -0.007713343 0.999957502 -0.005038096 -0.179040715 0.059885021 0.005491124 0.998190105 16.827074051
0.998091936 0.007064698 -0.061340593 -0.842982709 -0.007385775 0.999960184 -0.005009171 -0.195169494 0.061302755 0.005452661 0.998104274 17.719322205
0.997996330 0.006979827 -0.062886298 -0.904966950 -0.007361135 0.999955893 -0.005833805 -0.206730947 0.062842794 0.006285029 0.998003662 18.625841141
0.997935891 0.005510130 -0.063982055 -0.965082884 -0.005948516 0.999960124 -0.006663237 -0.219129205 0.063942783 0.007030081 0.997928798 19.546636581
0.997896254 0.005850897 -0.064566493 -1.026305795 -0.006173081 0.999969482 -0.004791570 -0.234987199 0.064536475 0.005180064 0.997901857 20.454910278
0.997874618 0.007160387 -0.064767942 -1.092100620 -0.007273442 0.999972463 -0.001509917 -0.244133130 0.064755335 0.001977793 0.997899175 21.379007339
0.997929931 0.007803284 -0.063835084 -1.153178573 -0.007635458 0.999966800 0.002872585 -0.262174577 0.063855372 -0.002379228 0.997956276 22.299505234
0.998041332 0.006120161 -0.062257770 -1.207427144 -0.005795647 0.999968588 0.005391696 -0.267418712 0.062288810 -0.005020312 0.998045504 23.236082077
0.998142540 0.006522781 -0.060572203 -1.270244002 -0.006169281 0.999962807 0.006021211 -0.270112336 0.060609218 -0.005636340 0.998145640 24.173385620
0.998217642 0.006977428 -0.059269544 -1.328570962 -0.006810843 0.999972165 0.003012204 -0.275796831 0.059288915 -0.002603159 0.998237431 25.108480453
0.998266757 0.007546556 -0.058364198 -1.387957096 -0.007643068 0.999969780 -0.001430551 -0.290378213 0.058351640 0.001874153 0.998294294 26.057300568
0.998365104 0.006661599 -0.056767561 -1.449400663 -0.006911692 0.999967277 -0.004210353 -0.299362510 0.056737654 0.004595830 0.998378515 26.998531342
0.998416305 0.004260252 -0.056095142 -1.506798983 -0.004427505 0.999986112 -0.002857634 -0.312527984 0.056082189 0.003101470 0.998421311 27.969667435
0.998390973 0.003022647 -0.056624006 -1.555605650 -0.002929900 0.999994218 0.001720882 -0.322033316 0.056628890 -0.001552211 0.998394072 28.939790726
0.998350501 -0.000763980 -0.057408102 -1.612470865 0.001061572 0.999986112 0.005153486 -0.332347125 0.057403374 -0.005205928 0.998337388 29.911012650
0.998253047 -0.008091182 -0.058524828 -1.658886433 0.008364029 0.999955356 0.004418606 -0.337535471 0.058486454 -0.004900391 0.998276114 30.874914169
0.998135328 -0.010827857 -0.060071968 -1.720842481 0.010897578 0.999940336 0.000833091 -0.344365746 0.060059357 -0.001486176 0.998193741 31.876436234
0.998059452 -0.010387054 -0.061395656 -1.774753928 0.010204104 0.999942482 -0.003292639 -0.352601945 0.061426327 0.002659762 0.998108029 32.815643311
0.997948885 -0.008940975 -0.063388847 -1.844835162 0.008689376 0.999953151 -0.004243739 -0.360352725 0.063423827 0.003684224 0.997979820 33.799335480
0.997897625 -0.009089855 -0.064168371 -1.907638550 0.008928151 0.999956191 -0.002806299 -0.371765494 0.064191066 0.002227494 0.997935176 34.787017822
0.997829735 -0.005953087 -0.065576449 -1.976657629 0.005955115 0.999982238 -0.000164511 -0.384571671 0.065576270 -0.000226361 0.997847557 35.782501221
0.997744799 -0.005953240 -0.066856846 -2.041030169 0.006058348 0.999980628 0.001369481 -0.398642570 0.066847406 -0.001771434 0.997761667 36.773883820
0.997696102 -0.005175335 -0.067643479 -2.104170561 0.005461245 0.999976933 0.004042488 -0.409897774 0.067620985 -0.004402593 0.997701406 37.733119965
0.997700155 -0.004731651 -0.067614943 -2.179185390 0.005219768 0.999961495 0.007044227 -0.417218387 0.067579009 -0.007380962 0.997686625 38.746246338
0.997655511 0.000838105 -0.068430491 -2.252196789 -0.000201280 0.999956667 0.009312524 -0.419492453 0.068435326 -0.009276916 0.997612536 39.730438232
0.997666061 0.002057222 -0.068249300 -2.337620735 -0.001502305 0.999965429 0.008181080 -0.422685742 0.068263769 -0.008059458 0.997634768 40.723529816
0.997656226 0.001375737 -0.068411805 -2.394747734 -0.000913758 0.999976575 0.006783742 -0.429693967 0.068419531 -0.006705331 0.997634113 41.715042114
0.997649312 0.003850717 -0.068418697 -2.474839926 -0.003554640 0.999983847 0.004448649 -0.435122550 0.068434715 -0.004194989 0.997646749 42.711376190
0.997601926 0.003835822 -0.069106624 -2.547560215 -0.003533280 0.999983549 0.004499602 -0.443890721 0.069122747 -0.004244638 0.997599065 43.690032959
0.997512996 0.002189322 -0.070449121 -2.617746353 -0.001788252 0.999981821 0.005755611 -0.452965289 0.070460454 -0.005615315 0.997498751 44.678588867
0.997473776 0.003045876 -0.070970722 -2.690829277 -0.002567057 0.999973357 0.006836946 -0.464145929 0.070989661 -0.006637488 0.997454882 45.641826630
0.997428298 0.004824460 -0.071510568 -2.759571314 -0.004593076 0.999983668 0.003399746 -0.475217849 0.071525827 -0.003062550 0.997434020 46.626491547
0.997381687 0.005476887 -0.072109908 -2.841377974 -0.005548916 0.999984264 -0.000798592 -0.482745677 0.072104409 0.001196632 0.997396350 47.589595795
0.997305989 0.006655141 -0.073051304 -2.915160418 -0.006844574 0.999973834 -0.002343128 -0.487515926 0.073033795 0.002836820 0.997325420 48.548793793
0.997330964 0.004595195 -0.072868273 -2.990658760 -0.004477629 0.999988377 0.001776686 -0.509655356 0.072875582 -0.001445667 0.997339964 49.544696808
0.997324347 0.002764265 -0.073050603 -3.062505960 -0.002426998 0.999985993 0.004705257 -0.517918408 0.073062569 -0.004515374 0.997317135 50.514732361
0.997309089 0.001130619 -0.073302664 -3.137285233 -0.000704525 0.999982655 0.005838408 -0.535216033 0.073307984 -0.005771054 0.997292638 51.477176666
0.997288883 -0.002328628 -0.073549099 -3.198323965 0.002660510 0.999986827 0.004414740 -0.539929032 0.073537841 -0.004598449 0.997281849 52.428367615
0.997286379 -0.005130516 -0.073440455 -3.274685144 0.005399985 0.999979377 0.003471131 -0.552731812 0.073421128 -0.003858289 0.997293532 53.382308960
0.997186661 -0.006548734 -0.074672960 -3.346925497 0.006885796 0.999967277 0.004257280 -0.558645427 0.074642628 -0.004759485 0.997199059 54.325923920
0.997037888 -0.010056766 -0.076251335 -3.404333353 0.010741282 0.999905527 0.008572301 -0.569403887 0.076157920 -0.009365944 0.997051775 55.285945892
0.996996164 -0.010751256 -0.076700464 -3.481098413 0.011793784 0.999843895 0.013152189 -0.569253266 0.076547079 -0.014017269 0.996967435 56.230785370
0.996986449 -0.008747191 -0.077080779 -3.565054655 0.009970291 0.999830186 0.015497249 -0.571083128 0.076932117 -0.016219063 0.996904433 57.164295197
0.996846139 -0.008427363 -0.078909777 -3.635561228 0.009373420 0.999888420 0.011626379 -0.575769246 0.078802995 -0.012329363 0.996813953 58.111766815
0.996754646 -0.006435948 -0.080240957 -3.707801580 0.006778877 0.999968946 0.004002052 -0.581203401 0.080212705 -0.004533007 0.996767461 59.040687561
0.996764362 -0.004132741 -0.080273263 -3.798433542 0.004031437 0.999990761 -0.001424021 -0.582693517 0.080278419 0.001095797 0.996771872 59.949172974
0.996652126 0.000477305 -0.081757344 -3.875801325 -0.000478750 0.999999881 0.000001929 -0.600309908 0.081757329 0.000037220 0.996652305 60.850120544
0.996526480 0.002844022 -0.083227865 -3.956953049 -0.002661485 0.999993801 0.002304080 -0.613359153 0.083233923 -0.002074567 0.996527910 61.755290985
0.996449411 0.005658065 -0.084002130 -4.038465023 -0.005378657 0.999979258 0.003552135 -0.623931170 0.084020488 -0.003087705 0.996459305 62.640239716
0.996322036 0.005940621 -0.085483588 -4.112258911 -0.005635369 0.999976873 0.003811762 -0.640668988 0.085504249 -0.003316010 0.996332288 63.512725830
0.996166348 0.007512201 -0.087155692 -4.191921234 -0.007141124 0.999964058 0.004568659 -0.649254739 0.087186873 -0.003928755 0.996184289 64.370994568
0.996048868 0.008842520 -0.088365361 -4.272401810 -0.008407264 0.999950588 0.005296643 -0.662417471 0.088407829 -0.004532804 0.996074080 65.217239380
0.995946288 0.008310359 -0.089564681 -4.348893642 -0.007820994 0.999952555 0.005813403 -0.670395136 0.089608729 -0.005089353 0.995964110 66.042236328
0.995833457 0.008103776 -0.090829782 -4.430902958 -0.007517563 0.999948680 0.006794219 -0.677651703 0.090880200 -0.006083093 0.995843232 66.858451843
0.995704889 0.010863554 -0.091944419 -4.516177654 -0.010033339 0.999904692 0.009486959 -0.682946026 0.092038728 -0.008523703 0.995718956 67.655227661
0.995539069 0.012663081 -0.093496919 -4.589044094 -0.011436149 0.999841511 0.013646884 -0.690874159 0.093654923 -0.012516761 0.995526016 68.443061829
0.995361507 0.015786408 -0.094901681 -4.672423840 -0.014411105 0.999781191 0.015159833 -0.690833628 0.095120266 -0.013721877 0.995371163 69.205848694
0.995179653 0.018801477 -0.096248545 -4.753168583 -0.017801495 0.999778509 0.011237802 -0.704564571 0.096438497 -0.009470265 0.995293856 69.963760376
0.995054901 0.018782267 -0.097534724 -4.830387115 -0.018496439 0.999821544 0.003833971 -0.709911406 0.097589336 -0.002010967 0.995224714 70.679298401
0.994903862 0.017859913 -0.099232435 -4.898797989 -0.018112272 0.999834538 -0.001642767 -0.721826017 0.099186689 0.003431721 0.995062828 71.400596619
0.994872272 0.018656626 -0.099402003 -4.974037170 -0.019050548 0.999814034 -0.003015144 -0.726253211 0.099327259 0.004893346 0.995042741 72.087669373
0.994735897 0.021325868 -0.100228243 -5.052528381 -0.021359738 0.999771535 0.000735292 -0.738228559 0.100221023 0.001409427 0.994964242 72.768058777
0.994582891 0.021835657 -0.101626463 -5.121017933 -0.021595690 0.999760807 0.003460960 -0.760777414 0.101677731 -0.001247518 0.994816542 73.408897400
0.994550228 0.018485447 -0.102607347 -5.188636303 -0.018593844 0.999827147 -0.000099981 -0.768867671 0.102587759 0.002007301 0.994721949 74.048889160
0.994679928 0.010306723 -0.102496892 -5.240451813 -0.010893843 0.999927282 -0.005170038 -0.781436801 0.102436170 0.006259119 0.994719863 74.665298462
0.994803309 0.006297884 -0.101621181 -5.290224075 -0.007356676 0.999922454 -0.010047615 -0.792050242 0.101550013 0.010742995 0.994772553 75.249198914
0.995071828 0.008270287 -0.098811284 -5.349616528 -0.009352043 0.999901295 -0.010489549 -0.798568964 0.098714784 0.011361942 0.995050907 75.855155945
0.995452166 0.013389640 -0.094316952 -5.412495136 -0.014114416 0.999875724 -0.007021555 -0.817403436 0.094211213 0.008320852 0.995517433 76.403900146
0.995928347 0.012150388 -0.089325629 -5.472499371 -0.012524889 0.999914944 -0.003633200 -0.834176123 0.089273877 0.004737202 0.995995820 76.958396912
0.996453941 0.008229186 -0.083737418 -5.494708538 -0.008206418 0.999966145 0.000616087 -0.849320114 0.083739653 0.000073283 0.996487677 77.486015320
0.997150362 0.003555826 -0.075356603 -5.532522678 -0.003292831 0.999988079 0.003613964 -0.856810153 0.075368553 -0.003355528 0.997150064 78.005821228
0.997829676 0.007638883 -0.065402374 -5.556743145 -0.007427877 0.999966383 0.003468828 -0.864274144 0.065426670 -0.002975499 0.997852981 78.551956177
0.998653591 0.012784239 -0.050274976 -5.585834503 -0.012644393 0.999915242 0.003098677 -0.873518527 0.050310332 -0.002458809 0.998730659 79.056793213
0.999326110 0.017783135 -0.032109119 -5.602310658 -0.017676212 0.999837279 0.003610697 -0.880455613 0.032168102 -0.003040696 0.999477923 79.554512024
0.999810278 0.016463377 -0.010406241 -5.588466644 -0.016421299 0.999856651 0.004116002 -0.884997964 0.010472509 -0.003944337 0.999937415 80.040550232
0.999796391 0.012715815 0.015667802 -5.555202484 -0.012794774 0.999905825 0.004949641 -0.890714407 -0.015603396 -0.005149100 0.999865055 80.508064270
0.998921037 0.011803338 0.044914342 -5.518620014 -0.012093797 0.999907672 0.006200751 -0.896621287 -0.044837009 -0.006737246 0.998971701 80.953559875
0.996917188 0.010635233 0.077736422 -5.453808308 -0.011277536 0.999905765 0.007828223 -0.908135712 -0.077645838 -0.008680766 0.996943235 81.400627136
0.993291020 0.010806055 0.115135573 -5.380390167 -0.011868207 0.999893069 0.008543697 -0.915468454 -0.115030937 -0.009852831 0.993313074 81.849411011
0.987573922 0.010669038 0.156792432 -5.282554150 -0.012109336 0.999892831 0.008233625 -0.918016434 -0.156687796 -0.010029967 0.987597287 82.279022217
0.979384303 0.009755711 0.201770008 -5.164084911 -0.011704410 0.999895573 0.008467175 -0.930365026 -0.201666385 -0.010654218 0.979396343 82.687393188
0.967746556 0.012958152 0.251592159 -5.063783169 -0.014886720 0.999872625 0.005763583 -0.927437901 -0.251485407 -0.009323071 0.967816114 83.006050110
0.952233911 0.014002727 0.305048198 -4.911984921 -0.015466363 0.999877512 0.002381865 -0.931456804 -0.304977506 -0.006986080 0.952333868 83.391921997
0.932631254 0.014253629 0.360549241 -4.726281166 -0.015219734 0.999884188 -0.000159693 -0.933727503 -0.360509753 -0.005338531 0.932740152 83.761550903
0.908302069 0.014615596 0.418059349 -4.531577587 -0.015123756 0.999883533 -0.002097677 -0.941435814 -0.418041319 -0.004417305 0.908417225 84.107902527
0.879733562 0.014132007 0.475256860 -4.319658756 -0.013849295 0.999895751 -0.004096401 -0.949578285 -0.475265175 -0.002978232 0.879837573 84.413024902
0.846113205 0.013522585 0.532831788 -4.070416927 -0.011776587 0.999908447 -0.006675693 -0.951411366 -0.532873273 -0.000626549 0.846194863 84.736961365
0.808287203 0.013760659 0.588627458 -3.810673475 -0.010041586 0.999903679 -0.009586446 -0.945121408 -0.588702619 0.001837849 0.808347583 85.061088562
0.768851101 0.012234254 0.639310777 -3.532617807 -0.009884722 0.999924958 -0.007247580 -0.972149611 -0.639351487 -0.000747101 0.768914223 85.317909241
0.726422131 0.011931832 0.687145174 -3.240470648 -0.011539086 0.999920070 -0.005164310 -0.981860876 -0.687151968 -0.004177559 0.726501703 85.561996460
0.679171562 0.012385977 0.733874977 -2.933751822 -0.010712085 0.999918401 -0.006962525 -0.966401935 -0.733901381 -0.003132585 0.679248810 85.844390869
0.635880589 0.008038986 0.771745563 -2.612931967 -0.002783610 0.999963164 -0.008122684 -0.969170213 -0.771782458 0.003016819 0.635879517 85.969032288
0.588946223 0.005538177 0.808153272 -2.281059504 0.003387793 0.999950826 -0.009321414 -0.974059582 -0.808165193 0.008227667 0.588898480 86.151000977
0.542006493 0.006917766 0.840345860 -1.949485064 0.001369493 0.999957502 -0.009114993 -0.993085265 -0.840373278 0.006091233 0.541973948 86.322982788
0.495431751 0.010282858 0.868586004 -1.609711528 -0.001386900 0.999938071 -0.011046811 -0.993948758 -0.868645787 0.004268300 0.495415300 86.470642090
0.449478567 0.012490022 0.893203795 -1.271683216 -0.002489533 0.999915898 -0.012729435 -1.005374670 -0.893287659 0.003497949 0.449471831 86.610389709
0.406194031 0.010747669 0.913723707 -0.911534548 0.004791342 0.999891996 -0.013891206 -1.004190922 -0.913774312 0.010020488 0.406098723 86.741088867
0.367482096 0.003067917 0.930025578 -0.538588345 0.019502241 0.999749243 -0.011003860 -1.013500571 -0.929826140 0.022181306 0.367330074 86.822196960
0.331063807 -0.000268862 0.943608344 -0.166295394 0.023088014 0.999702871 -0.007815555 -1.018504977 -0.943325937 0.024373489 0.330971628 86.926918030
0.297406137 0.002780381 0.954747021 0.182165653 0.020042758 0.999757230 -0.009154828 -1.042477727 -0.954540670 0.021858467 0.297278196 87.026092529
0.267214924 0.010458199 0.963580251 0.525084972 0.011713227 0.999832034 -0.014099908 -1.044302464 -0.963565767 0.015054341 0.267047584 87.104209900
0.239003658 0.015198085 0.970899820 0.904680729 0.006865004 0.999826133 -0.017340826 -1.059640169 -0.970994413 0.010809751 0.238857731 87.185256958
0.213105977 0.016899230 0.976882935 1.292820811 0.008131297 0.999785125 -0.019069251 -1.074270010 -0.976995289 0.012007096 0.212922752 87.250427246
0.189554140 0.018342225 0.981698990 1.702885509 0.015799347 0.999639094 -0.021728083 -1.085116267 -0.981743157 0.019628849 0.189195916 87.306869507
0.169628024 0.024104081 0.985213399 2.114358187 0.022794874 0.999337494 -0.028374322 -1.088815928 -0.985244572 0.027270894 0.168966189 87.346984863
0.149695933 0.030832119 0.988251269 2.531593800 0.024473766 0.999091804 -0.034877505 -1.087815881 -0.988429189 0.029407250 0.148805439 87.407218933
0.131965712 0.031781103 0.990744770 2.967561483 0.022021348 0.999145150 -0.034983788 -1.101000428 -0.991009712 0.026434187 0.131153047 87.460006714
0.116452828 0.027731240 0.992809057 3.432916403 0.020121943 0.999339044 -0.030273866 -1.122054577 -0.992992461 0.023502722 0.115817867 87.512344360
0.099471636 0.023603613 0.994760394 3.998432875 0.016773308 0.999536753 -0.025394205 -1.162539840 -0.994899035 0.019211426 0.099029645 87.638183594
0.086569279 0.021090591 0.996022522 4.478984833 0.019324107 0.999552250 -0.022844885 -1.175920486 -0.996058464 0.021224910 0.086122960 87.661834717
0.074793458 0.020171352 0.996994972 4.974534512 0.022937046 0.999495983 -0.021942670 -1.192086101 -0.996935248 0.024509287 0.074293084 87.688041687
0.064394958 0.020963399 0.997704268 5.478596687 0.026085967 0.999402344 -0.022682747 -1.207607269 -0.997583508 0.027486738 0.063809611 87.712898254
0.056421690 0.022033796 0.998163879 5.973496914 0.026428537 0.999373257 -0.023554375 -1.210567236 -0.998057187 0.027708994 0.055804003 87.740798950
0.051056564 0.022320867 0.998446345 6.523517132 0.028368279 0.999314368 -0.023790916 -1.225963712 -0.998292744 0.029538890 0.050388355 87.761215210
0.045146167 0.023438890 0.998705387 7.085081100 0.029567154 0.999255359 -0.024788372 -1.241641998 -0.998542845 0.030647978 0.044419527 87.786460876
0.041990642 0.023432361 0.998843193 7.545554161 0.033273708 0.999137700 -0.024838068 -1.267035365 -0.998563766 0.034278188 0.041174743 87.741798401
0.037648603 0.023402592 0.999017000 8.147101402 0.035843562 0.999050796 -0.024754170 -1.282873869 -0.998647988 0.036740296 0.036774032 87.757896423
0.034503277 0.023669802 0.999124169 8.769023895 0.037345923 0.998990595 -0.024956319 -1.296161175 -0.998706579 0.038174294 0.033584487 87.780754089
0.031558331 0.023095775 0.999234974 9.407050133 0.038271911 0.998971820 -0.024298409 -1.314916134 -0.998768926 0.039009459 0.030641971 87.797592163
0.029167518 0.022457538 0.999322236 10.064131737 0.040484469 0.998900712 -0.023629703 -1.336537480 -0.998754382 0.041146260 0.028226277 87.812675476
0.028583540 0.022182623 0.999345243 10.741071701 0.045209412 0.998701930 -0.023461439 -1.355589986 -0.998568535 0.045850426 0.027543578 87.824409485
0.029729698 0.021747559 0.999321342 11.433755875 0.048706658 0.998544097 -0.023179658 -1.373380303 -0.998370588 0.049362734 0.028627163 87.835929871
0.032302886 0.021717791 0.999242187 12.136974335 0.050491109 0.998451829 -0.023332860 -1.390822768 -0.998201966 0.051206563 0.031156322 87.855133057
0.035962187 0.021561386 0.999120593 12.862813950 0.052896474 0.998324692 -0.023448154 -1.413236976 -0.997952342 0.053693194 0.034761421 87.882102966
0.040639356 0.021072803 0.998951554 13.607165337 0.053562868 0.998293996 -0.023237977 -1.436013579 -0.997737110 0.054451093 0.039441306 87.906219482
0.044287793 0.019482924 0.998828769 14.357967377 0.055131983 0.998238444 -0.021915948 -1.455199599 -0.997496367 0.056038026 0.043135647 87.945648193
0.048282437 0.017803280 0.998674929 15.129883766 0.054666180 0.998295486 -0.020439429 -1.476447344 -0.997336626 0.055580620 0.047226895 87.989196777
0.052422758 0.015491731 0.998504758 15.915213585 0.051917229 0.998485148 -0.018217146 -1.499014854 -0.997274518 0.052794594 0.051539056 88.040443420
0.056512315 0.014799859 0.998292208 16.701723099 0.050791908 0.998552918 -0.017678998 -1.515189648 -0.997108996 0.051704254 0.055678811 88.078918457
0.060533687 0.015860977 0.998040140 17.503538132 0.048066743 0.998667479 -0.018786317 -1.535327554 -0.997008145 0.049109738 0.059690636 88.137252808
0.063600935 0.019686002 0.997781217 18.302591324 0.045827582 0.998693168 -0.022625152 -1.565479875 -0.996922612 0.047164880 0.062615655 88.192001343
0.065298393 0.024900811 0.997555017 19.105319977 0.040165126 0.998812854 -0.027561359 -1.593034625 -0.997057080 0.041866634 0.064220741 88.248817444
0.065412611 0.027943015 0.997466981 19.917402267 0.037413783 0.998836219 -0.030434931 -1.618747711 -0.997156620 0.039309837 0.064291038 88.303840637
0.065225117 0.027623931 0.997488141 20.735038757 0.035260890 0.998928666 -0.029969512 -1.649237990 -0.997247398 0.037127081 0.064181194 88.372406006
0.065598488 0.025745641 0.997513890 21.542150497 0.032274861 0.999089301 -0.027908765 -1.684480309 -0.997324049 0.034025390 0.064707816 88.419586182
0.064922497 0.024706474 0.997584403 22.375959396 0.033116236 0.999089539 -0.026898943 -1.717060089 -0.997340620 0.034782581 0.064045206 88.493942261
0.065441422 0.023926508 0.997569501 23.190397263 0.030736659 0.999189913 -0.025981713 -1.750710487 -0.997382879 0.032362241 0.064652972 88.545509338
0.064980052 0.024391536 0.997588396 24.008380890 0.029001728 0.999232829 -0.026320830 -1.780070901 -0.997465014 0.030642120 0.064222790 88.615936279
0.065153718 0.024871875 0.997565269 24.817047119 0.026177241 0.999302685 -0.026624899 -1.813154340 -0.997531772 0.027848221 0.064457193 88.673248291
0.064340256 0.026131330 0.997585833 25.614778519 0.022953007 0.999353945 -0.027658017 -1.850263238 -0.997663975 0.024677124 0.063698880 88.722526550
0.060800906 0.026221883 0.997805417 26.424137115 0.020155560 0.999418795 -0.027492454 -1.878492951 -0.997946382 0.021782894 0.060237043 88.785743713
0.057504799 0.024866199 0.998035431 27.247491837 0.017528964 0.999510467 -0.025912931 -1.910056949 -0.998191357 0.018984646 0.057040773 88.838508606
0.052517969 0.022275450 0.998371482 28.058959961 0.015888158 0.999605954 -0.023138767 -1.940715551 -0.998493612 0.017077485 0.052143354 88.886848450
0.046704117 0.020533405 0.998697698 28.866298676 0.013388623 0.999686003 -0.021179844 -1.968811512 -0.998819053 0.014360371 0.046414532 88.923171997
0.039604969 0.021234017 0.998989761 29.663211823 0.014188847 0.999661386 -0.021810809 -1.988675356 -0.999114692 0.015038327 0.039290268 88.945053101
0.031176476 0.021040495 0.999292314 30.453214645 0.012838817 0.999687493 -0.021449368 -2.034463167 -0.999431431 0.013498450 0.030896604 88.960998535
0.021419670 0.021325722 0.999543071 31.253868103 0.013649778 0.999673069 -0.021621002 -2.059313774 -0.999677420 0.014106655 0.021121575 88.974464417
0.010727280 0.020423584 0.999733806 32.055732727 0.015135141 0.999673545 -0.020584755 -2.088736534 -0.999827921 0.015351930 0.010414664 88.988281250
-0.000139959 0.019777944 0.999804497 32.837173462 0.013593987 0.999712050 -0.019774213 -2.113924265 -0.999907613 0.013588560 -0.000408779 88.987731934
-0.011439348 0.018893011 0.999756038 33.623962402 0.015152887 0.999709964 -0.018718757 -2.139738560 -0.999819696 0.014935060 -0.011722313 88.978393555
-0.022264695 0.019489206 0.999562025 34.405857086 0.015329882 0.999699056 -0.019150415 -2.164748192 -0.999634564 0.014896790 -0.022556763 88.957038879
-0.033450644 0.020173615 0.999236643 35.184658051 0.015454183 0.999687135 -0.019665364 -2.189292192 -0.999320924 0.014784569 -0.033751950 88.930831909
-0.043667614 0.021086160 0.998823643 35.951572418 0.014876920 0.999680042 -0.020453840 -2.218559027 -0.998935282 0.013966249 -0.043967355 88.886993408
-0.054146014 0.022291657 0.998284161 36.720890045 0.015623092 0.999647319 -0.021474715 -2.241859913 -0.998410881 0.014433516 -0.054475185 88.846580505
-0.063351072 0.022724252 0.997732520 37.472908020 0.016747549 0.999624193 -0.021703949 -2.273748636 -0.997850716 0.015334607 -0.063707843 88.788993835
-0.073289424 0.023273617 0.997039139 38.227920532 0.017191127 0.999608636 -0.022069925 -2.299051285 -0.997162461 0.015522733 -0.073660851 88.739311218
-0.082612790 0.023650426 0.996301115 38.967678070 0.017760161 0.999594629 -0.022255942 -2.327232361 -0.996423364 0.015855843 -0.082999334 88.677421570
-0.091000110 0.022983735 0.995585680 39.701030731 0.018893225 0.999593616 -0.021349352 -2.352514029 -0.995671630 0.016867030 -0.091397360 88.603233337
-0.098284103 0.021851320 0.994918406 40.424739838 0.021148825 0.999578834 -0.019864468 -2.380129814 -0.994933665 0.019088993 -0.098704860 88.521697998
-0.103877939 0.020284474 0.994383156 41.147418976 0.023848742 0.999555230 -0.017898627 -2.404948235 -0.994304121 0.021855514 -0.104315527 88.449302673
-0.107313775 0.018742440 0.994048476 41.855628967 0.027032856 0.999507606 -0.015927002 -2.427677631 -0.993857622 0.025162783 -0.107767612 88.361946106
-0.109991916 0.017600544 0.993776679 42.560779572 0.029017499 0.999473810 -0.014489768 -2.450331926 -0.993508756 0.027243156 -0.110444784 88.280906677
-0.111692570 0.016522633 0.993605494 43.245334625 0.028793240 0.999495625 -0.013383895 -2.473349094 -0.993325531 0.027114237 -0.112112008 88.204704285
-0.112477571 0.017202120 0.993505418 43.914001465 0.030024067 0.999452531 -0.013905978 -2.492139816 -0.993200481 0.028264960 -0.112932466 88.128128052
-0.111451954 0.018217482 0.993602931 44.562549591 0.030465519 0.999424636 -0.014906921 -2.510419130 -0.993302703 0.028609220 -0.111942850 88.057472229
-0.108374014 0.019765584 0.993913770 45.183155060 0.031557657 0.999366820 -0.016433055 -2.533248186 -0.993609130 0.029584670 -0.108929157 87.990356445
-0.103059374 0.020135215 0.994471371 45.810909271 0.031545263 0.999358237 -0.016965056 -2.555768490 -0.994174778 0.029622450 -0.103628419 87.920234680
-0.095214449 0.020852381 0.995238483 46.385971069 0.030585354 0.999369919 -0.018012844 -2.577798843 -0.994986713 0.028724637 -0.095792226 87.868423462
-0.084094338 0.021022690 0.996235967 46.985023499 0.029988514 0.999377847 -0.018557603 -2.596609116 -0.996006370 0.028315045 -0.084672473 87.830886841
-0.070589505 0.020818418 0.997288167 47.537311554 0.029109130 0.999399304 -0.018802105 -2.623558521 -0.997080564 0.027702959 -0.071153119 87.804527283
-0.053553876 0.021937374 0.998323977 48.097061157 0.028330717 0.999389470 -0.020441024 -2.651717186 -0.998162985 0.027188536 -0.054142695 87.788612366
-0.032098521 0.024802050 0.999176919 48.611370087 0.026338018 0.999365866 -0.023960629 -2.667105198 -0.999137640 0.025547236 -0.032731406 87.783729553
-0.007215036 0.027899293 0.999584675 49.134643555 0.024205400 0.999322772 -0.027717263 -2.690474510 -0.999680996 0.023995366 -0.007885467 87.796279907
0.020742683 0.029530045 0.999348581 49.647697449 0.022333227 0.999300659 -0.029992180 -2.712573767 -0.999535322 0.022940798 0.020068673 87.833953857
0.053299028 0.029043147 0.998156190 50.152587891 0.019346679 0.999359310 -0.030111220 -2.734842300 -0.998391211 0.020915901 0.052702993 87.889503479
0.092388675 0.026412293 0.995372713 50.626403809 0.018124515 0.999437869 -0.028202452 -2.757488251 -0.995558083 0.020646233 0.091858022 87.931053162
0.134065658 0.022786127 0.990710378 51.149833679 0.017648028 0.999522269 -0.025376974 -2.775864363 -0.990815282 0.020886268 0.133599490 88.034767151
0.179371625 0.018860986 0.983600557 51.636703491 0.014479768 0.999657214 -0.021809444 -2.793920040 -0.983674884 0.018154304 0.179037079 88.149963379
0.228498995 0.015580392 0.973419428 52.130565643 0.010413986 0.999775589 -0.018446809 -2.809754610 -0.973488450 0.014352254 0.228285506 88.284889221
0.279766828 0.014222492 0.959962606 52.596614838 0.006614021 0.999837995 -0.016740831 -2.826591969 -0.960045218 0.011032742 0.279627442 88.458282471
0.334697634 0.013710919 0.942225754 53.038986206 0.004706766 0.999857306 -0.016221488 -2.848965883 -0.942313790 0.009864128 0.334585339 88.647178650
0.389131576 0.014510500 0.921067894 53.434494019 0.008356676 0.999779224 -0.019281039 -2.859679222 -0.921144247 0.015199926 0.388924390 88.889015198
0.450205177 0.017143488 0.892760575 53.854648590 0.009269428 0.999672115 -0.023870913 -2.882951021 -0.892876983 0.019022189 0.449898630 89.122024536
0.510586500 0.020278903 0.859587252 54.253200531 0.009856891 0.999518156 -0.029434975 -2.904360533 -0.859769881 0.023501955 0.510140538 89.385749817
0.569530725 0.025316045 0.821580052 54.611049652 0.006697571 0.999349535 -0.035436656 -2.900536299 -0.821942747 0.025684856 0.568990707 89.667312622
0.622739375 0.027512010 0.781945527 54.929916382 0.002758651 0.999298215 -0.037356336 -2.924232006 -0.782424510 0.025420375 0.622226357 90.010559082
0.676406324 0.027491126 0.736015379 55.260490417 0.001104995 0.999264121 -0.038339306 -2.951679230 -0.736527860 0.026746245 0.675878227 90.351814270
0.724988997 0.026039222 0.688268125 55.546482086 0.000446182 0.999267101 -0.038275223 -2.965961695 -0.688760400 0.028056204 0.724445999 90.712310791
0.769307494 0.024291439 0.638416708 55.789661407 -0.003227325 0.999411881 -0.034138117 -2.973878622 -0.638870537 0.024202334 0.768933356 91.094779968
0.811724246 0.021033030 0.583662033 56.055416107 -0.004466040 0.999545693 -0.029808821 -2.965170622 -0.584023833 0.021589886 0.811449289 91.490814209
0.847776473 0.015574323 0.530124962 56.265357971 -0.005097957 0.999761820 -0.021218933 -3.003923416 -0.530329168 0.015286355 0.847653985 91.916137695
0.879344881 0.011814862 0.476038784 56.459938049 -0.005916633 0.999886096 -0.013887007 -3.018583775 -0.476148576 0.009394921 0.879314601 92.347640991
0.905085444 0.012909597 0.425033838 56.626323700 -0.010133926 0.999910057 -0.008790752 -3.031413555 -0.425109059 0.003649120 0.905134797 92.786994934
0.925128460 0.014292317 0.379385144 56.751609802 -0.013605571 0.999897420 -0.004491345 -3.056498528 -0.379410326 -0.001006683 0.925228000 93.210365295
0.939904749 0.020506188 0.340820312 56.851142883 -0.021153472 0.999774635 -0.001817142 -3.071907997 -0.340780765 -0.005501594 0.940126657 93.649742126
0.951789677 0.025342513 0.305702776 56.965297699 -0.025599426 0.999667346 -0.003169139 -3.071511745 -0.305681378 -0.004809460 0.952121735 94.102638245
0.960988283 0.026773570 0.275289953 57.071777344 -0.026864490 0.999633074 -0.003441044 -3.072103739 -0.275281012 -0.004088722 0.961355031 94.564636230
0.967017233 0.022155244 0.253745586 57.179897308 -0.021908419 0.999752700 -0.003798878 -3.077684641 -0.253766984 -0.001885584 0.967263520 95.038414001
0.971113503 0.018831147 0.237873688 57.291980743 -0.018693892 0.999821126 -0.002832969 -3.090270042 -0.237884492 -0.001695651 0.971291900 95.518241882
0.974005044 0.023926681 0.225259051 57.386974335 -0.023765927 0.999711633 -0.003425618 -3.094286919 -0.225276038 -0.002016919 0.974292874 96.018653870
0.975930393 0.029142223 0.216126189 57.472209930 -0.029224312 0.999568760 -0.002816724 -3.099335909 -0.216115057 -0.003567211 0.976361334 96.528488159
0.977043450 0.037751362 0.209668711 57.572677612 -0.037692692 0.999280095 -0.004277186 -3.106174707 -0.209679246 -0.003723981 0.977763116 97.030479431
0.977429211 0.042480987 0.206948057 57.665050507 -0.041860890 0.999096215 -0.007376455 -3.114184380 -0.207074344 -0.001453065 0.978324175 97.539512634
0.977461696 0.043678667 0.206544697 57.765937805 -0.042575438 0.999045372 -0.009785324 -3.125032902 -0.206774905 0.000771052 0.978388250 98.065681458
0.977205336 0.041687045 0.208163232 57.900634766 -0.039727949 0.999118209 -0.013585120 -3.133671522 -0.208546013 0.005005555 0.977999687 98.592048645
0.976465046 0.040444139 0.211849749 58.025867462 -0.037022751 0.999112427 -0.020093586 -3.143310547 -0.212474391 0.011777422 0.977095664 99.137176514
0.975469768 0.040644873 0.216348469 58.144523621 -0.036024608 0.999031663 -0.025258331 -3.146733522 -0.217165604 0.016844871 0.975989401 99.700149536
0.974282622 0.045500435 0.220687509 58.265903473 -0.041088071 0.998854041 -0.024545556 -3.167310715 -0.221551433 0.014846684 0.975035667 100.279289246
0.972906113 0.048576247 0.226039723 58.401985168 -0.045083992 0.998771071 -0.020589544 -3.181024075 -0.226762086 0.009840921 0.973900497 100.869087219
0.971915781 0.045544960 0.230879575 58.548660278 -0.043139614 0.998949468 -0.015458446 -3.203758478 -0.231341094 0.005064250 0.972859561 101.453285217
0.971256673 0.041218918 0.234438613 58.703620911 -0.039951313 0.999150038 -0.010155757 -3.214740276 -0.234657958 0.000497716 0.972077906 102.065940857
0.970438957 0.038464725 0.238262057 58.857727051 -0.038272198 0.999252558 -0.005435785 -3.227142572 -0.238293082 -0.003843716 0.971185744 102.695289612
0.969968975 0.033340398 0.240933046 59.023052216 -0.033151723 0.999438643 -0.004837602 -3.237832069 -0.240959093 -0.003295023 0.970529735 103.320060730
0.969892919 0.030247005 0.241645962 59.177917480 -0.029181797 0.999542236 -0.007986619 -3.249732494 -0.241776899 0.000694501 0.970331669 103.970497131
0.970033646 0.030142706 0.241093799 59.349060059 -0.027382728 0.999515474 -0.014790664 -3.263617516 -0.241422847 0.007745634 0.970389068 104.611206055
0.970170140 0.032181449 0.240279526 59.507148743 -0.027795570 0.999379694 -0.021620914 -3.275114059 -0.240826309 0.014297258 0.970462859 105.271156311
0.970701337 0.035080381 0.237714648 59.664226532 -0.029872706 0.999228954 -0.025475321 -3.286844969 -0.238425046 0.017627750 0.971000850 105.952377319
0.971364975 0.033505764 0.235217988 59.830009460 -0.029408462 0.999348760 -0.020906564 -3.303086519 -0.235765308 0.013390505 0.971717715 106.641693115
0.971837401 0.029302690 0.233823508 59.999580383 -0.026999472 0.999550283 -0.013045791 -3.324243069 -0.234100640 0.006365276 0.972191513 107.328453064
0.972467244 0.029495604 0.231165677 60.170021057 -0.028580369 0.999564648 -0.007307737 -3.339894772 -0.231280625 0.000499735 0.972886980 108.048248291
0.972743273 0.032567061 0.229586124 60.325511932 -0.031625610 0.999469459 -0.007780034 -3.360568047 -0.229717702 0.000307176 0.973257244 108.772789001
0.973022521 0.038746607 0.227433100 60.482101440 -0.036859803 0.999241769 -0.012539092 -3.371225595 -0.227746502 0.003817678 0.973712981 109.489761353
0.973941982 0.039475519 0.223335221 60.647094727 -0.036362018 0.999175906 -0.018037844 -3.382381916 -0.223863229 0.009446895 0.974574804 110.228179932
0.974824727 0.038407288 0.219639823 60.814811707 -0.034692910 0.999182701 -0.020744842 -3.401301384 -0.220257074 0.012602640 0.975360334 110.990898132
0.975754440 0.036012508 0.215884864 60.982086182 -0.032631312 0.999282897 -0.019207150 -3.419514656 -0.216421738 0.011696855 0.976229966 111.764266968
0.976573169 0.033074003 0.212628484 61.145683289 -0.030090416 0.999398291 -0.017253622 -3.439123392 -0.213071182 0.010451343 0.976980686 112.536361694
0.976977289 0.031686675 0.210977182 61.305496216 -0.029334689 0.999467731 -0.014269270 -3.461517334 -0.211317047 0.007751802 0.977386773 113.317939758
0.977367938 0.027859678 0.209703997 61.485443115 -0.025883975 0.999590933 -0.012160565 -3.472660065 -0.209957018 0.006457373 0.977689266 114.122245789
0.977611363 0.022857677 0.209173575 61.660713196 -0.021041293 0.999719083 -0.010905053 -3.487912416 -0.209364071 0.006259621 0.977817714 114.920082092
0.977750301 0.023689145 0.208430365 61.833652496 -0.022236824 0.999709368 -0.009308616 -3.507362843 -0.208590314 0.004466672 0.977992833 115.728088379
0.977521002 0.029016698 0.208831683 61.997478485 -0.027270347 0.999564826 -0.011237448 -3.524503708 -0.209066913 0.005289929 0.977886975 116.530525208
0.977198005 0.034356508 0.209531888 62.159004211 -0.032029796 0.999381900 -0.014488586 -3.543367624 -0.209900156 0.007446954 0.977694452 117.369255066
0.976630211 0.042907432 0.210599914 62.320804596 -0.040394545 0.999052048 -0.016221395 -3.554743528 -0.211096287 0.007335215 0.977437794 118.205924988
0.975749671 0.049017858 0.213330135 62.487499237 -0.046714690 0.998782873 -0.015826926 -3.573198080 -0.213846266 0.005477467 0.976852000 119.033447266
0.974941432 0.051489629 0.216420650 62.659934998 -0.049691305 0.998670042 -0.013746533 -3.596603394 -0.216840610 0.002647841 0.976203442 119.871803284
0.974272907 0.052848194 0.219087675 62.841922760 -0.050998315 0.998599291 -0.014094327 -3.628631592 -0.219525635 0.002558618 0.975603402 120.686264038
0.973975778 0.050858252 0.220872223 63.025661469 -0.048243809 0.998687088 -0.017218916 -3.643319607 -0.221457958 0.006115091 0.975150704 121.522644043
0.974004090 0.044684902 0.222079322 63.222217560 -0.042225949 0.998982966 -0.015810605 -3.665085554 -0.222559974 0.006022085 0.974900365 122.362144470
0.974299669 0.037964437 0.222033143 63.427116394 -0.034986492 0.999237418 -0.017331474 -3.692409277 -0.222521812 0.009117888 0.974885106 123.200912476
0.973949492 0.037288941 0.223678023 63.609249115 -0.034203976 0.999258935 -0.017651998 -3.714982748 -0.224170491 0.009541480 0.974503219 124.044677734
0.973455787 0.040012863 0.225350246 63.803409576 -0.037769303 0.999184608 -0.014260006 -3.742986679 -0.225737125 0.005370163 0.974173427 124.884208679
0.973062217 0.041768797 0.226727396 63.984638214 -0.040924903 0.999126673 -0.008423527 -3.765695095 -0.226881236 -0.001082181 0.973921835 125.696571350
0.972641170 0.045369845 0.227839276 64.162475586 -0.045581106 0.998951256 -0.004337269 -3.786704302 -0.227797091 -0.006166557 0.973689079 126.521148682
0.972453594 0.044534866 0.228802487 64.351020813 -0.043330487 0.999007821 -0.010287413 -3.814855337 -0.229033604 0.000089908 0.973418534 127.342056274
0.972671926 0.040717617 0.228586107 64.539871216 -0.035975643 0.999043047 -0.024875320 -3.834758043 -0.229380235 0.015971992 0.973205805 128.151184082
