1.000000000 0.000000000 0.000000000 0.000000000 0.000000000 1.000000000 0.000000000 0.000000000 0.000000000 0.000000000 1.000000000 0.000000000
0.999036133 -0.000361620 0.043893561 0.045214642 0.000465436 0.999997258 -0.002354981 -0.019285358 -0.043892585 0.002373141 0.999033451 1.027809381
0.996019661 -0.004562851 0.089016899 0.139113456 0.005225744 0.999960303 -0.007215189 -0.039869409 -0.088980444 0.007651648 0.996003985 2.048676491
0.990850627 -0.003789554 0.134909883 0.269846886 0.005357068 0.999922276 -0.011257833 -0.063339144 -0.134856746 0.011877554 0.990793884 3.050428152
0.983461320 -0.000769421 0.181116581 0.450638741 0.003245646 0.999905288 -0.013376019 -0.093136564 -0.181089133 0.013742636 0.983370662 4.081935883
0.973900557 -0.003240388 0.226951972 0.686415672 0.006373429 0.999894202 -0.013073433 -0.126937166 -0.226885602 0.014178684 0.973818183 5.082529068
0.962209702 -0.003705745 0.272284389 0.961712360 0.007972153 0.999862134 -0.014564371 -0.154257461 -0.272192955 0.016184669 0.962106586 6.071710587
0.948654234 -0.006599764 0.316245943 1.284815788 0.012692495 0.999771357 -0.017209826 -0.186893776 -0.316059977 0.020340122 0.948521078 7.044478893
0.933510542 -0.008281494 0.358454376 1.663045049 0.016170414 0.999688327 -0.019015925 -0.217807412 -0.358185202 0.023547921 0.933353543 7.998875618
0.916147530 -0.008094191 0.400759548 2.069093466 0.017512366 0.999649704 -0.019843711 -0.249847740 -0.400458544 0.025198014 0.915968359 8.927932739
0.896504819 -0.008317888 0.442956001 2.514586210 0.018399464 0.999660194 -0.018467175 -0.285070539 -0.442651838 0.024706060 0.896353126 9.830914497
0.874840260 -0.008495840 0.484337002 3.012988091 0.019374369 0.999659836 -0.017460000 -0.323440641 -0.484023958 0.024658432 0.874707282 10.716346741
0.850879312 -0.008684490 0.525289297 3.547299623 0.020220986 0.999663830 -0.016227338 -0.359659314 -0.524971843 0.024429375 0.850768924 11.582118034
0.825446188 -0.009117848 0.564407229 4.126776218 0.022116646 0.999624193 -0.016196955 -0.398288429 -0.564047396 0.025852513 0.825337589 12.417117119
0.798130691 -0.010841045 0.602386951 4.749700069 0.025451547 0.999552190 -0.015733195 -0.428901821 -0.601946592 0.027888825 0.798049212 13.237111092
0.769460499 -0.009567793 0.638622582 5.400554657 0.025964966 0.999529779 -0.016309669 -0.463712603 -0.638166249 0.029131463 0.769347131 14.017927170
0.738923967 -0.012759737 0.673668027 6.072297096 0.030716240 0.999419153 -0.014761933 -0.493637234 -0.673088312 0.031600494 0.738886774 14.749039650
0.706892312 -0.012055713 0.707218349 6.805315018 0.031243332 0.999411047 -0.014192304 -0.530809820 -0.706630826 0.032128289 0.706852615 15.470908165
0.672858357 -0.010942306 0.739690423 7.553073406 0.032715160 0.999352455 -0.014975790 -0.561908960 -0.739047587 0.034275673 0.672780693 16.145975113
0.637204468 -0.012299610 0.770596564 8.334312439 0.037135329 0.999201357 -0.014758713 -0.596856296 -0.769799590 0.038020674 0.637152314 16.789136887
0.600301683 -0.010113160 0.799709618 9.163690567 0.036750976 0.999212623 -0.014951020 -0.619349420 -0.798928738 0.038365234 0.600200653 17.416030884
0.562602520 -0.009266171 0.826675594 9.982431412 0.039717063 0.999085486 -0.015831148 -0.659443974 -0.825772941 0.041739773 0.562456131 17.967893600
0.523746848 -0.007068876 0.851844609 10.838940620 0.044382975 0.998833895 -0.018999720 -0.670410514 -0.850717008 0.047758441 0.523449838 18.487880707
0.485194594 -0.005698269 0.874387622 11.712938309 0.045687143 0.998778045 -0.018842723 -0.690515876 -0.873211861 0.049090657 0.484862030 18.967853546
0.446627647 -0.007884481 0.894685209 12.604621887 0.051009111 0.998559177 -0.016663909 -0.728305221 -0.893264711 0.053079661 0.446386248 19.401611328
0.409731716 -0.008554600 0.912165880 13.518460274 0.054909240 0.998374104 -0.015301347 -0.753620148 -0.910551906 0.056355782 0.409535319 19.797378540
0.374414891 -0.006107523 0.927241087 14.458492279 0.056530338 0.998268604 -0.016251275 -0.781787217 -0.925536513 0.058501985 0.374111861 20.170663834
0.341098130 -0.006782972 0.940003216 15.408922195 0.057140127 0.998274446 -0.013530934 -0.803490281 -0.938289464 0.058327280 0.340897083 20.506473541
0.307468295 -0.008135731 0.951523542 16.402523041 0.059539828 0.998168528 -0.010704701 -0.817868769 -0.949693799 0.059944898 0.307389587 20.831043243
0.274822712 -0.008225438 0.961459696 17.380664825 0.060202364 0.998148561 -0.008668872 -0.844317973 -0.959608316 0.060264550 0.274809152 21.099178314
0.242749512 -0.005615696 0.970072746 18.389867783 0.057875570 0.998286009 -0.008703672 -0.874742806 -0.968361020 0.058256328 0.242658421 21.350404739
0.211688757 -0.003695804 0.977330148 19.422372818 0.057462048 0.998310030 -0.008671083 -0.883785069 -0.975646436 0.057994962 0.211543381 21.578369141
0.181159273 -0.003493995 0.983447492 20.450283051 0.059410848 0.998206198 -0.007397546 -0.903991759 -0.981657624 0.059767593 0.181041896 21.763467789
0.150662199 -0.003722018 0.988578260 21.513719559 0.061187569 0.998110771 -0.005567256 -0.915044308 -0.986689866 0.061327491 0.150605306 21.921850204
0.120165110 -0.004323402 0.992744505 22.589443207 0.059491336 0.998224735 -0.002853762 -0.931614220 -0.990969777 0.059402619 0.120209008 22.053192139
0.090976395 -0.004534956 0.995842636 23.683927536 0.060415469 0.998172820 -0.000973760 -0.939398944 -0.994018734 0.060252894 0.091084138 22.149999619
0.063811637 -0.004169468 0.997953236 24.803281784 0.062897995 0.998019874 0.000147891 -0.944474876 -0.995977879 0.062759817 0.063947551 22.207002640
0.039085604 -0.003437275 0.999229908 25.926994324 0.067887641 0.997692764 0.000776511 -0.945371926 -0.996927083 0.067805029 0.039228760 22.232593536
0.016058318 -0.003404615 0.999865234 27.089004517 0.071355410 0.997448385 0.002250384 -0.960228622 -0.997321665 0.071309671 0.016260283 22.247550964
-0.004388306 -0.003350456 0.999984741 28.248794556 0.076936096 0.997029185 0.003678178 -0.956117272 -0.997026384 0.076951057 -0.004117500 22.234945297
-0.022164907 -0.003476637 0.999748230 29.437416077 0.081540287 0.996656120 0.005273671 -0.948400021 -0.996423542 0.081636652 -0.021807304 22.200769424
-0.037497487 -0.003201222 0.999291599 30.630542755 0.084639914 0.996391237 0.006367965 -0.949291885 -0.995705783 0.084818721 -0.037091218 22.147432327
-0.051805973 -0.003962697 0.998649418 31.834711075 0.087025404 0.996170104 0.008467395 -0.947688997 -0.994858146 0.087346517 -0.051262710 22.075725555
-0.065024942 -0.004893538 0.997871637 33.023723602 0.087192275 0.996135414 0.010566792 -0.942861974 -0.994066954 0.087693803 -0.064346984 21.994771957
-0.077128656 -0.005026386 0.997008502 34.218357086 0.086739160 0.996161997 0.011732267 -0.945712388 -0.993240893 0.087384559 -0.076396666 21.901807785
-0.088391267 -0.001859106 0.996084094 35.446319580 0.086997420 0.996162415 0.009579294 -0.934788227 -0.992279351 0.087503463 -0.087890320 21.797712326
-0.098646253 0.001243495 0.995121717 36.670181274 0.087162979 0.996166527 0.007395650 -0.930550694 -0.991297841 0.087467320 -0.098376490 21.676548004
-0.108044863 0.004077413 0.994137645 37.921489716 0.088821001 0.996032000 0.005568060 -0.924833238 -0.990170181 0.088901885 -0.107978299 21.539779663
-0.115537822 0.004853039 0.993291199 39.210449219 0.088403329 0.996070027 0.005416301 -0.927485347 -0.989361286 0.088436045 -0.115512796 21.387947083
-0.121255636 0.005633301 0.992605269 40.486808777 0.088210180 0.996088684 0.005122596 -0.922838867 -0.988694131 0.088179044 -0.121278293 21.236717224
-0.126567587 0.007184925 0.991931975 41.813102722 0.089340627 0.995992362 0.004185266 -0.921202898 -0.987926543 0.089149557 -0.126702249 21.069971085
-0.130881980 0.008909307 0.991357923 43.152534485 0.088540651 0.996068776 0.002737753 -0.909144759 -0.987436235 0.088133797 -0.131156310 20.892179489
-0.135629281 0.009323251 0.990715802 44.510162354 0.088713042 0.996053398 0.002771361 -0.923024476 -0.986779988 0.088265292 -0.135921091 20.722726822
-0.138696939 0.008719248 0.990296483 45.870147705 0.088445954 0.996074498 0.003617265 -0.917521954 -0.986377478 0.088089436 -0.138923675 20.559461594
-0.141104087 0.006576452 0.989972949 47.319198608 0.089130424 0.996001482 0.006087552 -0.915992141 -0.985974371 0.089095689 -0.141125992 20.323850632
-0.143711656 0.005059943 0.989606738 48.722122192 0.088768564 0.996021748 0.007798313 -0.916680455 -0.985630333 0.088966668 -0.143589094 20.155134201
-0.145570949 0.006317955 0.989327610 50.205131531 0.091403045 0.995788753 0.007089950 -0.905222178 -0.985116482 0.091459647 -0.145535424 19.919515610
-0.146574095 0.005928211 0.989181876 51.658866882 0.091354430 0.995789707 0.007568819 -0.904334486 -0.984972298 0.091475531 -0.146498546 19.708259583
-0.146888077 0.007426189 0.989125252 53.126461029 0.093402945 0.995607853 0.006395760 -0.891495645 -0.984733343 0.093326688 -0.146936551 19.490385056
-0.146592960 0.007650146 0.989167333 54.615242004 0.093065962 0.995641410 0.006092007 -0.886162817 -0.984809160 0.092950866 -0.146665946 19.264091492
-0.145791501 0.009073101 0.989273727 56.120506287 0.093006790 0.995654941 0.004574993 -0.880650103 -0.984933794 0.092676170 -0.146001890 19.041437149
-0.144396603 0.009465088 0.989474654 57.653236389 0.093755588 0.995586514 0.004158445 -0.868827820 -0.985068262 0.093369246 -0.144646734 18.816724777
-0.143242031 0.007689217 0.989657938 59.206066132 0.092863850 0.995662391 0.005705147 -0.879997313 -0.985321283 0.092720665 -0.143334791 18.601316452
-0.142298207 0.008537834 0.989786983 60.792430878 0.093694642 0.995589018 0.004882267 -0.873351097 -0.985379398 0.093432471 -0.142470494 18.377756119
-0.141535982 0.009307323 0.989889383 62.389465332 0.093349621 0.995625436 0.003986026 -0.865382135 -0.985521913 0.092969976 -0.141785651 18.160120010
-0.140449613 0.009756297 0.990039825 63.995155334 0.094447389 0.995523393 0.003588213 -0.867518842 -0.985572755 0.094010621 -0.140742317 17.933368683
-0.139594078 0.009550060 0.990162790 65.591079712 0.093923219 0.995572805 0.003639145 -0.867376328 -0.985744357 0.093507282 -0.139873013 17.709981918
-0.137972355 0.008482602 0.990399837 67.235176086 0.095894113 0.995379806 0.004833730 -0.857892990 -0.985782981 0.095640436 -0.138148323 17.471166611
-0.137372717 0.006300475 0.990499377 68.933448792 0.098101944 0.995149791 0.007275738 -0.860923111 -0.985649347 0.098169394 -0.137324527 17.221601486
-0.136321485 0.006970826 0.990640163 70.622978210 0.099321105 0.995033145 0.006665789 -0.861813545 -0.985673249 0.099300154 -0.136336744 16.984548569
-0.135903627 0.009168919 0.990679562 72.302520752 0.101909295 0.994782269 0.004773253 -0.856856585 -0.985466659 0.101608157 -0.136128932 16.761970520
-0.134634614 0.009567874 0.990849078 74.002540588 0.101128176 0.994864821 0.004134447 -0.848830819 -0.985721290 0.100759402 -0.134910837 16.526765823
-0.135067210 0.008826680 0.990797102 75.741203308 0.101248108 0.994848967 0.004939545 -0.851953208 -0.985649824 0.100983500 -0.135265172 16.299016953
-0.134562582 0.008129502 0.990871727 77.474685669 0.101140901 0.994856477 0.005572963 -0.842322350 -0.985729873 0.100967549 -0.134692684 16.058347702
-0.134527177 0.008290123 0.990875244 79.191322327 0.102568246 0.994710147 0.005603073 -0.841140091 -0.985587239 0.102386110 -0.134665847 15.834810257
-0.134161860 0.008381554 0.990924001 80.951866150 0.103796363 0.994582534 0.005640562 -0.830880284 -0.985508442 0.103611045 -0.134305060 15.596755981
-0.134216785 0.009310334 0.990908265 82.696479797 0.104117043 0.994553626 0.004757885 -0.830337048 -0.985467136 0.103809021 -0.134455159 15.356663704
-0.134885728 0.010178898 0.990809023 84.491981506 0.103498735 0.994621992 0.003871933 -0.826693535 -0.985440910 0.103069715 -0.135213822 15.106309891
-0.136038795 0.010778216 0.990644813 86.283935547 0.102540992 0.994723439 0.003258698 -0.831369042 -0.985382497 0.102025017 -0.136426196 14.865234375
-0.138004467 0.011348169 0.990366518 88.068870544 0.101296254 0.994852602 0.002715741 -0.833020031 -0.985237956 0.100695223 -0.138443604 14.638461113
-0.138414145 0.010528253 0.990318418 89.865623474 0.100277744 0.994953692 0.003438018 -0.838541806 -0.985284686 0.099782772 -0.138771400 14.384720802
-0.139756396 0.010224198 0.990133107 91.702957153 0.100301705 0.994949341 0.003883560 -0.839889526 -0.985092759 0.099854782 -0.140076041 14.138957977
-0.140247136 0.009173523 0.990074039 93.557998657 0.097838163 0.995191455 0.004638151 -0.842977226 -0.985270739 0.097517535 -0.140470281 13.878063202
-0.142441705 0.009993233 0.989752769 95.368309021 0.097354792 0.995241821 0.003962302 -0.846901178 -0.985003769 0.096921563 -0.142736837 13.636624336
-0.145173490 0.011014781 0.989344895 97.266204834 0.096389182 0.995338976 0.003062339 -0.840774417 -0.984699845 0.095806703 -0.145558551 13.357131958
-0.149321929 0.012295322 0.988712311 99.130859375 0.096936017 0.995287955 0.002262829 -0.837062120 -0.984025598 0.096179716 -0.149810225 13.086089134
-0.153803855 0.011386948 0.988035798 101.024009705 0.095179722 0.995454490 0.003343824 -0.840501606 -0.983506560 0.094555251 -0.154188514 12.795866966
-0.158536077 0.010859375 0.987293482 102.937583923 0.093851566 0.995577574 0.004119858 -0.843338430 -0.982882619 0.093312174 -0.158854187 12.491663933
-0.163414955 0.011143148 0.986494422 104.834976196 0.092260376 0.995726764 0.004035700 -0.859456182 -0.982233942 0.091673858 -0.163744718 12.186928749
-0.167656973 0.013355298 0.985754848 106.740280151 0.092771664 0.995684803 0.002288757 -0.855479479 -0.981470585 0.091833867 -0.168172508 11.850151062
-0.172064289 0.014766510 0.984975040 108.674720764 0.092299648 0.995730579 0.001195977 -0.868522763 -0.980752110 0.091118634 -0.172692657 11.509368896
-0.176202640 0.014808213 0.984242499 110.621879578 0.091128655 0.995838225 0.001331507 -0.881202996 -0.980126560 0.089927316 -0.176818743 11.155986786
-0.180546969 0.014456111 0.983460069 112.562126160 0.089383148 0.995995760 0.001768887 -0.889423907 -0.979496539 0.088224113 -0.181116119 10.796836853
-0.185607672 0.013933039 0.982525110 114.522125244 0.088019744 0.996115625 0.002501945 -0.901247501 -0.978673816 0.086946003 -0.186113074 10.433450699
-0.190555617 0.013189731 0.981587768 116.442314148 0.087182619 0.996186078 0.003538874 -0.913473964 -0.977797389 0.086251743 -0.190978795 10.064193726
-0.195351973 0.013343274 0.980642378 118.411560059 0.087579302 0.996149898 0.003892233 -0.914952457 -0.976814985 0.086644344 -0.195768446 9.668559074
-0.200921446 0.014620481 0.979498267 120.353347778 0.088520549 0.996068895 0.003290121 -0.927187681 -0.975599647 0.087366775 -0.201425850 9.280163765
-0.206121355 0.015470091 0.978404164 122.311996460 0.088174805 0.996101081 0.002825962 -0.938524187 -0.974545717 0.086853072 -0.206681773 8.872256279
-0.212018222 0.015814638 0.977137744 124.323188782 0.089331873 0.995996594 0.003263267 -0.934258997 -0.973174214 0.087981418 -0.212582171 8.442684174
-0.217670619 0.015844570 0.975893676 126.305053711 0.088037267 0.996111155 0.003463665 -0.934563994 -0.972043693 0.086668931 -0.218219042 8.015566826
-0.222724542 0.016586257 0.974740326 128.292465210 0.087443069 0.996164918 0.003029593 -0.944157302 -0.970951855 0.085909031 -0.223320737 7.551658630
-0.228003010 0.017175423 0.973508954 130.289352417 0.086607486 0.996238828 0.002707671 -0.950156927 -0.969800889 0.084930517 -0.228632972 7.100885391
-0.232388467 0.016871938 0.972476661 132.253540039 0.087916613 0.996120870 0.003726894 -0.948979676 -0.968641400 0.086362936 -0.232970357 6.641605377
-0.235817745 0.016802039 0.971652031 134.254806519 0.090546690 0.995880842 0.004754463 -0.957417965 -0.967569768 0.089101061 -0.236367747 6.144305706
-0.239441857 0.017276233 0.970757008 136.264068604 0.091567375 0.995786965 0.004863848 -0.963610590 -0.966583133 0.090054281 -0.240015015 5.644459724
-0.242764249 0.018086189 0.969916701 138.272323608 0.092531763 0.995699167 0.004593178 -0.972964168 -0.965662181 0.090863161 -0.243393704 5.148408890
-0.246265948 0.018350337 0.969028533 140.297851562 0.092050821 0.995743930 0.004537267 -0.971527219 -0.964821100 0.090317227 -0.246906996 4.648616314
-0.250283986 0.018685561 0.967992127 142.327728271 0.090315498 0.995904684 0.004127604 -0.977859914 -0.963950753 0.088457756 -0.250946611 4.130715370
-0.254930407 0.019442175 0.966763914 144.357711792 0.089572571 0.995973825 0.003590205 -0.990726829 -0.962801754 0.087510802 -0.255645514 3.613367081
-0.259210914 0.019001400 0.965633810 146.386627197 0.088475719 0.996069670 0.004149760 -0.995381951 -0.961759746 0.086510807 -0.259873301 3.073279381
-0.264053255 0.019346973 0.964313984 148.434677124 0.088328324 0.996082544 0.004202149 -1.003512740 -0.960455120 0.086285815 -0.264727712 2.527612448
-0.268803924 0.019655375 0.962994277 150.487625122 0.087714359 0.996137023 0.004152167 -1.010598779 -0.959192634 0.085584559 -0.269489557 1.971009016
-0.273863524 0.019906538 0.961562514 152.537322998 0.087132864 0.996187806 0.004193033 -1.015643120 -0.957813442 0.084932022 -0.274554104 1.406485677
-0.278312534 0.019201063 0.960298538 154.577957153 0.086910963 0.996202171 0.005269481 -1.027172089 -0.956550300 0.084927067 -0.278924376 0.827684581
-0.282791525 0.019071968 0.958991766 156.637512207 0.087344155 0.996160388 0.005945253 -1.033633113 -0.955196261 0.085443586 -0.283371568 0.230260208
-0.286947817 0.020080807 0.957735658 158.717529297 0.088870429 0.996026635 0.005742874 -1.039803147 -0.953814983 0.086762287 -0.287592232 -0.376812845
-0.290301710 0.021207565 0.956700146 160.776107788 0.089004494 0.996019006 0.004928418 -1.042668700 -0.952787042 0.086581342 -0.291033596 -1.001627922
-0.294051290 0.022793887 0.955517769 162.833145142 0.089009158 0.996024191 0.003631538 -1.054658413 -0.951636016 0.086117685 -0.294911087 -1.620915294
-0.297748834 0.024110183 0.954339743 164.913085938 0.089825146 0.995953441 0.002863451 -1.058952570 -0.950408936 0.086576283 -0.298709631 -2.254836321
-0.301286072 0.025072336 0.953204036 166.998641968 0.089650735 0.995970964 0.002139316 -1.060948372 -0.949310005 0.086100012 -0.302319944 -2.897534370
-0.304898500 0.024895964 0.952059329 169.090652466 0.089595042 0.995974779 0.002648619 -1.078033090 -0.948161125 0.086107366 -0.305901796 -3.557529449
-0.308869243 0.025238574 0.950769544 171.177825928 0.089816406 0.995954573 0.002739944 -1.089375019 -0.946854115 0.086240999 -0.309886515 -4.228789330
-0.312903166 0.025988370 0.949429393 173.304748535 0.091336682 0.995815992 0.002843702 -1.095831871 -0.945383132 0.087607518 -0.313967675 -4.929240227
-0.316090614 0.026480036 0.948359311 175.394042969 0.093924522 0.995573163 0.003506948 -1.104990244 -0.944068253 0.090182729 -0.317178428 -5.620149612
-0.318985850 0.026052816 0.947401345 177.479248047 0.094410665 0.995523572 0.004411513 -1.111282349 -0.943045437 0.090852000 -0.320017606 -6.322609901
-0.321689099 0.025889385 0.946491361 179.554534912 0.094557531 0.995507300 0.004907659 -1.114148378 -0.942111969 0.091076635 -0.322691888 -7.028822422
-0.324307323 0.026454957 0.945581794 181.651626587 0.093697824 0.995591462 0.004281562 -1.120602369 -0.941299796 0.089987509 -0.325356394 -7.748941898
-0.326605916 0.028417349 0.944733262 183.771881104 0.093403772 0.995625496 0.002342667 -1.136644006 -0.940534055 0.089006789 -0.327831507 -8.488931656
-0.329675704 0.030096114 0.943614423 185.908325195 0.092560820 0.995706856 0.000580902 -1.143359065 -0.939545870 0.087533228 -0.331046075 -9.231403351
-0.332457691 0.031338036 0.942597330 188.031234741 0.092205048 0.995739877 -0.000583763 -1.164275765 -0.938600004 0.086718149 -0.333930939 -9.977123260
-0.335806847 0.032418206 0.941372812 190.193679810 0.090318799 0.995910764 -0.002077777 -1.169595480 -0.937590659 0.084325939 -0.337361634 -10.738286972
-0.339273155 0.032612354 0.940122366 192.336578369 0.091071911 0.995842814 -0.001679067 -1.191346765 -0.936268985 0.085049078 -0.340832829 -11.507180214
-0.342555493 0.031716559 0.938962102 194.502365112 0.090756029 0.995872974 -0.000528976 -1.213795066 -0.935103774 0.085035264 -0.344020188 -12.290251732
-0.345660329 0.031292327 0.937837780 196.660171509 0.090995722 0.995851219 0.000310403 -1.227418900 -0.933937132 0.085446522 -0.347073704 -13.090217590
-0.349605024 0.031159675 0.936378896 198.827819824 0.090905949 0.995859146 0.000801522 -1.245559216 -0.932476461 0.085402615 -0.350989997 -13.894613266
-0.353640825 0.031612657 0.934846938 201.000137329 0.089831091 0.995956957 0.000302825 -1.251624942 -0.931057751 0.084085397 -0.355050832 -14.698798180
-0.357140094 0.032223567 0.933494806 203.159011841 0.089471750 0.995989323 -0.000150375 -1.278262496 -0.929755747 0.083467722 -0.358590811 -15.524406433
-0.360463083 0.032951504 0.932191253 205.334381104 0.089359134 0.995999277 -0.000653299 -1.294219136 -0.928483367 0.083064310 -0.361965477 -16.356021881
-0.363367438 0.033733223 0.931034982 207.456237793 0.090462022 0.995899618 -0.000777574 -1.324739695 -0.927243650 0.083940767 -0.364929050 -17.174707413
-0.366509795 0.033183858 0.929822266 209.605728149 0.090841360 0.995865345 0.000266282 -1.347178698 -0.925968885 0.084563911 -0.368008852 -18.012681961
-0.368784934 0.033204008 0.928921521 211.777664185 0.092778228 0.995685935 0.001242779 -1.361799121 -0.924872875 0.086642005 -0.370274603 -18.882741928
-0.371623009 0.033458453 0.927780628 213.953781128 0.093521215 0.995616078 0.001555173 -1.383668900 -0.923661172 0.087345101 -0.373122931 -19.757448196
-0.374862105 0.034573037 0.926435709 216.147979736 0.093554199 0.995613813 0.000700018 -1.405342817 -0.922348082 0.086934350 -0.376452446 -20.629014969
-0.377753288 0.034646057 0.925257802 218.338729858 0.092555627 0.995707333 0.000503494 -1.423851609 -0.921268642 0.085828029 -0.379338413 -21.511693954
-0.380999625 0.035612170 0.923889101 220.511032104 0.091945492 0.995763958 -0.000465549 -1.448914051 -0.919992030 0.084770061 -0.382660002 -22.396480560
-0.384042829 0.036386732 0.922598064 222.691207886 0.091128759 0.995838165 -0.001341813 -1.473478436 -0.918807209 0.083559893 -0.385760367 -23.301532745
-0.387143880 0.036858913 0.921282232 224.835510254 0.089636050 0.995972335 -0.002180009 -1.495128870 -0.917651892 0.081736140 -0.388888419 -24.187028885
-0.390673369 0.037784476 0.919753551 227.013366699 0.090056881 0.995933056 -0.002661563 -1.521485806 -0.916113496 0.081790335 -0.392487317 -25.104003906
-0.393223166 0.037406761 0.918681800 229.165100098 0.091704503 0.995785534 -0.001293999 -1.553023815 -0.914858282 0.083738424 -0.394996285 -26.020145416
-0.396229535 0.036486626 0.917426229 231.326553345 0.092128888 0.995747089 0.000188282 -1.583763123 -0.913517594 0.084596060 -0.397905886 -26.940155029
-0.399705082 0.035758808 0.915946186 233.449752808 0.090636611 0.995883822 0.000672851 -1.607140422 -0.912151754 0.083287187 -0.401300907 -27.851234436
-0.402585566 0.036051098 0.914672136 235.573333740 0.089352548 0.995999992 0.000071238 -1.627434492 -0.911010861 0.081756949 -0.404196560 -28.779617310
-0.406694770 0.035405088 0.912877738 237.751708984 0.087542556 0.996160686 0.000365817 -1.646705627 -0.909360051 0.080064431 -0.408232778 -29.730558395
-0.410651922 0.034736857 0.911130250 239.914688110 0.086534277 0.996248364 0.001019535 -1.671782851 -0.907676637 0.079262674 -0.412117213 -30.683494568
-0.414237678 0.035058241 0.909493268 242.053314209 0.086222515 0.996275544 0.000867458 -1.688573360 -0.906075478 0.078778133 -0.415717691 -31.657588959
-0.417911410 0.034810118 0.907820642 244.210113525 0.085762136 0.996314824 0.001276834 -1.712251425 -0.904430628 0.078390248 -0.419356674 -32.637928009
-0.421977103 0.034122176 0.905964077 246.372589111 0.083846189 0.996477425 0.001522347 -1.734271646 -0.902720928 0.076604031 -0.423351765 -33.623138428
-0.426143914 0.034305599 0.904004693 248.485763550 0.083550178 0.996502459 0.001569456 -1.740187645 -0.900788903 0.076198578 -0.427519649 -34.588867188
-0.429787815 0.035299733 0.902239621 250.637802124 0.084109180 0.996455908 0.001080059 -1.766768098 -0.899003923 0.076350838 -0.431233704 -35.597064972
-0.433660239 0.035511233 0.900376439 252.766860962 0.083880633 0.996475160 0.001099127 -1.795859098 -0.897163749 0.076000772 -0.435110450 -36.607372284
-0.437220663 0.035628717 0.898648262 254.920791626 0.084241815 0.996444166 0.001480247 -1.812528014 -0.895400286 0.076350950 -0.438667387 -37.641506195
-0.441082835 0.035898957 0.896748126 257.063201904 0.082971886 0.996551454 0.000916990 -1.834809422 -0.893622756 0.074809335 -0.442540348 -38.680198669
-0.444660932 0.036485799 0.894955516 259.197753906 0.083670691 0.996492982 0.000946693 -1.848844528 -0.891782403 0.075302519 -0.446154356 -39.731132507
-0.448422641 0.036894601 0.893059850 261.348632812 0.083867535 0.996476591 0.000944507 -1.862559915 -0.889878273 0.075322270 -0.449936867 -40.796688080
-0.451469153 0.038374893 0.891461134 263.455627441 0.085431598 0.996343970 0.000375949 -1.880520225 -0.888187528 0.076328687 -0.453096926 -41.856956482
-0.455174237 0.040433194 0.889483809 265.585113525 0.087462939 0.996167660 -0.000525431 -1.899522305 -0.886096299 0.077557728 -0.456966221 -42.942481995
-0.458159029 0.041068368 0.887920976 267.709472656 0.088631190 0.996064484 -0.000337372 -1.922009468 -0.884440362 0.078542925 -0.459995866 -44.032138824
-0.460514277 0.043266062 0.886597335 269.824432373 0.090802670 0.995867848 -0.001433968 -1.940464973 -0.882995725 0.079845034 -0.462540120 -45.141357422
-0.463173538 0.045715954 0.885087669 271.946807861 0.092353083 0.995721519 -0.003101217 -1.961800694 -0.881442606 0.080304176 -0.465413868 -46.236984253
-0.466136724 0.046802860 0.883473873 274.089324951 0.093576446 0.995606422 -0.003370575 -1.979745865 -0.879749954 0.081101179 -0.468468338 -47.354064941
-0.469487816 0.047699757 0.881649613 276.242462158 0.093941920 0.995570302 -0.003838132 -2.008074045 -0.877927303 0.081021883 -0.471889049 -48.475868225
-0.473022133 0.047616154 0.879762888 278.404174805 0.092953093 0.995662808 -0.003911012 -2.028544903 -0.876133442 0.079926692 -0.475396603 -49.620803833
-0.476025999 0.049275875 0.878049612 280.554077148 0.094254188 0.995536745 -0.004770234 -2.050588369 -0.874365687 0.080489099 -0.478545845 -50.782848358
-0.479436308 0.049412459 0.876184464 282.711486816 0.093487732 0.995607913 -0.004992123 -2.076501131 -0.872582853 0.079519078 -0.481950045 -51.955505371
-0.481982797 0.049279876 0.874793768 284.870849609 0.091924191 0.995751083 -0.005446552 -2.101258755 -0.871345282 0.077789567 -0.484464854 -53.126186371
-0.484313995 0.050171241 0.873454511 287.036956787 0.093791798 0.995578349 -0.005180260 -2.125397205 -0.869852304 0.079413995 -0.486878186 -54.316120148
-0.486691833 0.049987126 0.872142375 289.229980469 0.095244519 0.995446265 -0.003903910 -2.155523539 -0.868366003 0.081166781 -0.489236563 -55.522521973
-0.488774568 0.050592899 0.870941877 291.402191162 0.096400805 0.995335579 -0.003718575 -2.170464754 -0.867067575 0.082141936 -0.491371959 -56.741321564
-0.490090966 0.049952194 0.870238841 293.537078857 0.095785603 0.995396793 -0.003192921 -2.194634676 -0.866392493 0.081791520 -0.492619753 -57.947692871
-0.492096901 0.049325150 0.869141877 295.732696533 0.095330477 0.995442510 -0.002518019 -2.208191872 -0.865305007 0.081616603 -0.494556338 -59.190368652
-0.495109975 0.049719807 0.867406487 297.964019775 0.096762329 0.995305836 -0.001819700 -2.222826481 -0.863425255 0.083031327 -0.497596860 -60.447921753
-0.497585714 0.049287427 0.866013348 300.155456543 0.096759930 0.995307207 -0.001050508 -2.238091230 -0.862001121 0.083272696 -0.500019670 -61.710224152
-0.499174267 0.049717803 0.865074098 302.346130371 0.095991738 0.995380461 -0.001816636 -2.261175871 -0.861168146 0.082133152 -0.501640856 -62.964736938
-0.501470149 0.052521754 0.863579273 304.555603027 0.095836394 0.995385110 -0.004886971 -2.278263092 -0.859850585 0.080311649 -0.504189432 -64.243804932
-0.504334152 0.052128751 0.861933649 306.764526367 0.094976418 0.995468736 -0.004632246 -2.302572727 -0.858269513 0.079527169 -0.506999910 -65.529693604
-0.508952081 0.050287288 0.859324694 308.957885742 0.093136951 0.995648444 -0.003102684 -2.333242893 -0.855741382 0.078455754 -0.511420965 -66.807739258
-0.513936758 0.047721252 0.856499612 311.179748535 0.090557963 0.995890498 -0.001148939 -2.354786873 -0.853034675 0.076972395 -0.516146421 -68.111335754
-0.518494189 0.045889378 0.853848875 313.385620117 0.088878639 0.996042371 0.000439534 -2.371420622 -0.850449502 0.076116830 -0.520520747 -69.434898376
-0.522747993 0.046391234 0.851224065 315.611663818 0.090005055 0.995940924 0.000995095 -2.390347242 -0.847722590 0.077134661 -0.524801493 -70.789710999
-0.526912570 0.048048623 0.848560214 317.836059570 0.092648022 0.995698273 0.001149563 -2.404101372 -0.844854712 0.079223126 -0.529097557 -72.169830322
-0.530499279 0.049216233 0.846255481 320.075164795 0.093887478 0.995582342 0.000955299 -2.413744688 -0.842469931 0.079959564 -0.532776654 -73.569091797
-0.533860862 0.049608510 0.844115853 322.284667969 0.095364690 0.995440781 0.001811526 -2.436863422 -0.840177476 0.081465937 -0.536157787 -74.977119446
-0.537834823 0.048302308 0.841665387 324.487457275 0.096078411 0.995364606 0.004272361 -2.459320784 -0.837557554 0.083163686 -0.539982557 -76.386085510
-0.540557921 0.046714336 0.840008855 326.705535889 0.094350129 0.995524704 0.005352836 -2.458509922 -0.835999489 0.082148463 -0.542546272 -77.837600708
-0.544738948 0.046463616 0.837317526 328.938751221 0.093400858 0.995613277 0.005516784 -2.466461897 -0.833388090 0.081211381 -0.546689093 -79.258056641
-0.548809111 0.046095595 0.834675789 331.151214600 0.093430191 0.995604932 0.006448431 -2.480425119 -0.830710053 0.081522875 -0.550703883 -80.706169128
-0.552483380 0.046164978 0.832244515 333.348327637 0.094309956 0.995515466 0.007385735 -2.484869242 -0.828171313 0.082569435 -0.554359555 -82.150375366
-0.556525946 0.046005644 0.829555511 335.587158203 0.094971739 0.995443702 0.008508430 -2.488492250 -0.825384319 0.083519503 -0.558359385 -83.638763428
-0.559600890 0.044833567 0.827548623 337.801208496 0.093355231 0.995590448 0.009190776 -2.491922140 -0.823487461 0.082399175 -0.561318874 -85.129730225
-0.563323915 0.043851044 0.825071633 340.027526855 0.092684835 0.995641530 0.010364738 -2.484507561 -0.821021140 0.082310319 -0.564933062 -86.617553711
-0.565728784 0.043218959 0.823458016 342.226440430 0.093418814 0.995555460 0.011928786 -2.487694025 -0.819282532 0.083674930 -0.567251861 -88.129379272
-0.568804026 0.042639911 0.821367025 344.439697266 0.091188513 0.995767713 0.011455202 -2.479702473 -0.817402363 0.081414990 -0.570285022 -89.652442932
-0.572304189 0.041764479 0.818977356 346.592895508 0.087412171 0.996119082 0.010285931 -2.474655390 -0.815369248 0.077475250 -0.573733926 -91.111892700
-0.575942874 0.041055873 0.816458344 348.772674561 0.083724961 0.996448696 0.008954194 -2.469684362 -0.813191175 0.073515043 -0.577334940 -92.611076355
-0.578201413 0.038198940 0.814999402 350.895751953 0.081499696 0.996611476 0.011108892 -2.479449034 -0.811813414 0.072845392 -0.579355240 -94.125846863
-0.582104385 0.037804514 0.812234819 353.070800781 0.082265317 0.996531069 0.012574716 -2.474022388 -0.808942020 0.074138544 -0.583195090 -95.659057617
-0.585058749 0.037678249 0.810115159 355.241241455 0.081492417 0.996595562 0.012501782 -2.470965862 -0.806886137 0.073332518 -0.586137474 -97.209899902
-0.588416517 0.036317736 0.807741940 357.447052002 0.079245597 0.996771514 0.012911217 -2.469526291 -0.804665208 0.071607150 -0.589394867 -98.781982422
-0.591837704 0.032609217 0.805397272 359.624786377 0.076920979 0.996906161 0.016161479 -2.463448524 -0.802378535 0.071516924 -0.592514992 -100.342811584
-0.595279694 0.030171940 0.802951872 361.809783936 0.074247941 0.997084796 0.017578032 -2.444318056 -0.800080836 0.070081376 -0.595784605 -101.917984009
-0.598337233 0.029276608 0.800709307 363.995086670 0.072821446 0.997183442 0.017956125 -2.423294783 -0.797928333 0.069052629 -0.598783910 -103.518447876
-0.601500928 0.029735297 0.798318446 366.163848877 0.072681680 0.997199595 0.017619634 -2.405005217 -0.795558989 0.068621352 -0.601977766 -105.111602783
-0.604290068 0.028829925 0.796242654 368.390197754 0.072141834 0.997220099 0.018643584 -2.388268232 -0.793491721 0.068708532 -0.604690075 -106.765060425
-0.607656360 0.027639955 0.793718874 370.542877197 0.071339287 0.997253835 0.019888300 -2.376069307 -0.790989518 0.068708599 -0.607959449 -108.375885010
-0.610711634 0.026276508 0.791416883 372.688598633 0.068430722 0.997461557 0.019688282 -2.361165762 -0.788890541 0.066181093 -0.610959709 -110.000480652
-0.614471495 0.022586571 0.788615763 374.840637207 0.058161300 0.998167157 0.016729681 -2.342284679 -0.786792219 0.056146827 -0.614658713 -111.624084473
-0.618451118 0.025359722 0.785413980 376.997802734 0.051077530 0.998662829 0.007974321 -2.340510607 -0.784161508 0.045048725 -0.618919492 -113.263092041
-0.621872127 0.035395645 0.782318473 379.142211914 0.060897231 0.998138785 0.003247441 -2.352510691 -0.780747354 0.049660519 -0.622870326 -114.918853760
-0.623050034 0.036252443 0.781341434 381.263946533 0.068053216 0.997649729 0.007977704 -2.363073826 -0.779215932 0.058143303 -0.624052763 -116.595848083
-0.623347044 0.027540619 0.781460166 383.362030029 0.067932814 0.997508287 0.019033249 -2.351788998 -0.778988779 0.064951107 -0.623664796 -118.301902771
-0.628108501 0.016737279 0.777945757 385.490753174 0.061416745 0.997715950 0.028121924 -2.316760063 -0.775698185 0.065442532 -0.627701819 -119.957519531
-0.631764472 0.010614258 0.775087655 387.594909668 0.055193596 0.997984290 0.031320956 -2.266171217 -0.773192942 0.062567346 -0.631076872 -121.619720459
-0.635301232 0.010696464 0.772190213 389.690216064 0.054289434 0.998048902 0.030840261 -2.211074829 -0.770353794 0.061514631 -0.634642422 -123.297126770
-0.637495100 0.015042259 0.770307481 391.765380859 0.059066676 0.997821093 0.029397663 -2.178695679 -0.768186808 0.064240374 -0.636994600 -124.987709045
-0.639796376 0.021796973 0.768235326 393.809875488 0.063827395 0.997651517 0.024850121 -2.133992910 -0.765889466 0.064933464 -0.639685035 -126.667839050
-0.642692745 0.023946850 0.765749574 395.878356934 0.064327046 0.997668624 0.022790102 -2.110189199 -0.763418674 0.063905470 -0.642734826 -128.378280640
-0.646060705 0.024716053 0.762885690 397.961639404 0.065173827 0.997611761 0.022872657 -2.078779221 -0.760498464 0.064497307 -0.646128535 -130.114059448
-0.648397505 0.024267858 0.760915101 399.983642578 0.066123970 0.997509778 0.024532538 -2.044116497 -0.758424878 0.066221550 -0.648387551 -131.833587646
-0.650448561 0.023775935 0.759178042 402.011260986 0.066920541 0.997416854 0.026099076 -2.005043507 -0.756596506 0.067780711 -0.650359511 -133.570632935
-0.651650012 0.024256784 0.758131802 404.057220459 0.067530915 0.997374833 0.026134519 -1.965074182 -0.755507767 0.068227910 -0.651577353 -135.321731567
-0.653566182 0.024243090 0.756480992 406.133850098 0.067690857 0.997353792 0.026519524 -1.929831386 -0.753836215 0.068539105 -0.653477848 -137.072998047
-0.654513478 0.025005717 0.755636692 408.165496826 0.068664484 0.997288525 0.026472926 -1.886000276 -0.752925813 0.069212295 -0.654455721 -138.835662842
-0.655662477 0.024552410 0.754654944 410.193725586 0.069602452 0.997180998 0.028029377 -1.841448545 -0.751839280 0.070903637 -0.655522943 -140.586959839
-0.656219661 0.023671385 0.754198551 412.232177734 0.071508363 0.996960402 0.030927861 -1.795544982 -0.751174033 0.074226961 -0.655917585 -142.369598389
-0.657457411 0.023538541 0.753123879 414.269622803 0.073187344 0.996780753 0.032736707 -1.741880536 -0.749928892 0.076642133 -0.657063603 -144.125305176
-0.658370733 0.023531480 0.752325892 416.285858154 0.071440645 0.996952653 0.031335697 -1.683743358 -0.749295831 0.074377149 -0.658045471 -145.887023926
-0.659711421 0.023706980 0.751145005 418.288848877 0.067781404 0.997305691 0.028054593 -1.637601137 -0.748456061 0.069421597 -0.659540832 -147.632339478
-0.661194980 0.022894574 0.749864638 420.303710938 0.064582668 0.997560740 0.026488796 -1.596355438 -0.747429013 0.065942518 -0.661060810 -149.374923706
-0.662178993 0.022319244 0.749013305 422.311767578 0.064160317 0.997574449 0.026996193 -1.554774284 -0.746593893 0.065933242 -0.662004828 -151.126449585
-0.663095474 0.021169843 0.748235345 424.264251709 0.062314637 0.997691333 0.026996303 -1.514330745 -0.745936513 0.064527154 -0.662883759 -152.853439331
-0.664062619 0.019550869 0.747421324 426.284210205 0.058730084 0.997933269 0.026076319 -1.475492835 -0.745366752 0.061212417 -0.663838565 -154.622268677
-0.664495587 0.018689802 0.747058392 428.280700684 0.057951152 0.997965574 0.026579594 -1.439659357 -0.745041788 0.060954917 -0.664226770 -156.383117676
-0.665113926 0.019204469 0.746494830 430.255279541 0.060702853 0.997751296 0.028416842 -1.386852622 -0.744270504 0.064214811 -0.664784014 -158.130722046
-0.665195465 0.017219169 0.746470690 432.255035400 0.061867449 0.997567415 0.032120027 -1.338259339 -0.744101703 0.067548327 -0.664642632 -159.885879517
-0.663641214 0.015930330 0.747881293 434.239410400 0.065985031 0.997122645 0.037313268 -1.275671124 -0.745135128 0.074111618 -0.662782967 -161.659484863
-0.662686527 0.015458995 0.748737335 436.247497559 0.070076622 0.996680260 0.041444648 -1.207780004 -0.745611072 0.079933800 -0.661569893 -163.410156250
-0.661239088 0.012430866 0.750072300 438.226806641 0.063545182 0.997197330 0.039492913 -1.131580591 -0.747479081 0.073777750 -0.660175562 -165.129348755
-0.660547912 0.012026295 0.750687540 440.223663330 0.056747697 0.997811198 0.033948354 -1.060997963 -0.748636186 0.065024309 -0.659784615 -166.852737427
-0.658336699 0.010184837 0.752654672 442.221282959 0.052573059 0.998088777 0.032478910 -1.010062099 -0.750885367 0.060951423 -0.657613993 -168.599609375
-0.656501412 0.009675146 0.754262745 444.239349365 0.050144877 0.998265803 0.030840471 -0.951753378 -0.752656221 0.058069244 -0.655847967 -170.311019897
-0.653849840 0.010291083 0.756554306 446.270141602 0.052111994 0.998145580 0.031460293 -0.910669982 -0.754827619 0.059995856 -0.653173625 -172.048217773
-0.650886178 0.010171948 0.759107113 448.257995605 0.052574728 0.998113573 0.031704884 -0.852921069 -0.757352710 0.060546126 -0.650193214 -173.757736206
-0.648175180 0.010434457 0.761419773 450.287750244 0.049725682 0.998351872 0.028648702 -0.809866905 -0.759865940 0.056431498 -0.647625804 -175.456314087
-0.646771550 0.006439542 0.762656569 452.306182861 0.043870866 0.998622775 0.028772792 -0.753341913 -0.761420965 0.052067831 -0.646163344 -177.173660278
-0.645916760 -0.000060954 0.763407767 454.330566406 0.034835067 0.998956025 0.029553594 -0.716308713 -0.762612641 0.045682535 -0.645240247 -178.837768555
-0.645761907 -0.003488177 0.763530910 456.379455566 0.027600162 0.999229372 0.027908001 -0.668336034 -0.763039827 0.039095499 -0.645168006 -180.528625488
-0.645032585 -0.003977428 0.764144659 458.404205322 0.025979592 0.999294221 0.027131388 -0.629138708 -0.763713181 0.037352797 -0.644474089 -182.214874268
-0.643776596 -0.003971446 0.765203178 460.455566406 0.028659072 0.999159753 0.029296989 -0.595390439 -0.764676630 0.040790729 -0.643121898 -183.940368652
-0.642733455 -0.005050890 0.766073227 462.506378174 0.029641822 0.999065518 0.031456470 -0.546391189 -0.765516222 0.042925932 -0.641983092 -185.590454102
-0.641104996 -0.007240541 0.767419040 464.530029297 0.027915960 0.999073744 0.032747287 -0.497156113 -0.766945362 0.042417690 -0.640308917 -187.268463135
-0.640412390 -0.007733959 0.767992318 466.578338623 0.025530441 0.999182284 0.031351410 -0.436124325 -0.767606795 0.039685011 -0.639691234 -188.934646606
-0.639890492 -0.006741165 0.768436432 468.646087646 0.024700267 0.999264359 0.029334461 -0.384637475 -0.768069029 0.037751429 -0.639253259 -190.605606079
-0.638618886 -0.005093705 0.769506276 470.669769287 0.025901139 0.999269187 0.028110156 -0.348894209 -0.769087195 0.037882768 -0.638020217 -192.285629272
-0.637363851 -0.005102387 0.770546019 472.700531006 0.026776528 0.999227524 0.028765095 -0.310659736 -0.770097613 0.038966384 -0.636734843 -193.954101562
