1.000000000 0.000000000 0.000000000 0.000000000 0.000000000 0.999999940 0.000000000 0.000000000 0.000000000 0.000000000 0.999999940 0.000000002
0.999996006 -0.002351364 -0.001517547 -0.004014707 0.002355824 0.999992907 0.002943764 -0.016487328 0.001510615 -0.002947328 0.999994397 1.524826765
0.999991417 -0.002874960 -0.002992961 -0.008173003 0.002886489 0.999988437 0.003855053 -0.034275755 0.002981843 -0.003863659 0.999988079 3.041432142
0.999989152 -0.001853844 -0.004283990 -0.030577175 0.001869018 0.999992013 0.003540799 -0.049300779 0.004277393 -0.003548768 0.999984562 4.556381226
0.999982238 -0.000968627 -0.005887701 -0.046174657 0.000989430 0.999993265 0.003531343 -0.066444382 0.005884239 -0.003537105 0.999976397 6.059530258
0.999972284 -0.001309699 -0.007337467 -0.056793474 0.001336150 0.999992609 0.003601120 -0.078515954 0.007332697 -0.003610824 0.999966562 7.558496475
0.999956489 -0.001579517 -0.009197657 -0.083270125 0.001618521 0.999989748 0.004234733 -0.093862876 0.009190873 -0.004249435 0.999948740 9.051526070
0.999935567 -0.003471011 -0.010815453 -0.099447601 0.003504987 0.999988973 0.003123951 -0.105895326 0.010804490 -0.003161657 0.999936581 10.552983284
0.999913037 -0.004991459 -0.012211476 -0.133422941 0.005035012 0.999981046 0.003538421 -0.126389429 0.012193584 -0.003599598 0.999919176 12.019735336
0.999900222 -0.004428701 -0.013411404 -0.148409098 0.004473483 0.999984503 0.003311030 -0.138408288 0.013396531 -0.003370695 0.999904573 13.540879250
0.999888539 -0.004006607 -0.014380968 -0.183469310 0.004056579 0.999985814 0.003447398 -0.152921170 0.014366952 -0.003505351 0.999890625 15.023501396
0.999880552 -0.002847471 -0.015200763 -0.205240697 0.002908901 0.999987721 0.004020647 -0.172918230 0.015189129 -0.004064384 0.999876380 16.522077560
0.999877393 -0.001826034 -0.015553435 -0.241755828 0.001901634 0.999986410 0.004847251 -0.188157648 0.015544373 -0.004876234 0.999867320 17.994401932
0.999866009 -0.000248259 -0.016364805 -0.270497978 0.000344227 0.999982774 0.005861728 -0.206471309 0.016363069 -0.005866576 0.999848902 19.457895279
0.999861836 0.000059710 -0.016619455 -0.304517895 0.000038029 0.999982715 0.005880640 -0.216277122 0.016619518 -0.005880460 0.999844611 20.917959213
0.999853373 0.000424902 -0.017114170 -0.332604438 -0.000325806 0.999983191 0.005792657 -0.228781000 0.017116344 -0.005786233 0.999836743 22.393697739
0.999846399 0.001345361 -0.017472032 -0.363050520 -0.001237487 0.999980152 0.006183453 -0.237344936 0.017480001 -0.006160882 0.999828219 23.849395752
0.999853492 0.001930010 -0.017013595 -0.397105455 -0.001801103 0.999969542 0.007588770 -0.255916357 0.017027725 -0.007557014 0.999826372 25.312210083
0.999852180 0.002116465 -0.017063195 -0.425585359 -0.002006305 0.999976993 0.006470534 -0.271651506 0.017076502 -0.006435342 0.999833465 26.742902756
0.999852300 0.002554318 -0.016994826 -0.458399415 -0.002480754 0.999987364 0.004348262 -0.279938519 0.017005721 -0.004305459 0.999846101 28.183027267
0.999863088 0.000967603 -0.016515460 -0.493894488 -0.000897399 0.999990463 0.004257674 -0.294518948 0.016519427 -0.004242271 0.999854445 29.596456528
0.999863207 -0.000122942 -0.016535446 -0.523564935 0.000236288 0.999976516 0.006852925 -0.307997495 0.016534217 -0.006855896 0.999839723 31.017326355
0.999870062 -0.001390837 -0.016059602 -0.554450393 0.001523342 0.999964833 0.008241526 -0.321920067 0.016047573 -0.008264921 0.999837041 32.433536530
0.999865949 -0.002565808 -0.016170116 -0.592629433 0.002685836 0.999968946 0.007405497 -0.330625534 0.016150614 -0.007447934 0.999841750 33.840911865
0.999876618 -0.002492493 -0.015511795 -0.608451068 0.002581677 0.999980271 0.005732043 -0.344550192 0.015497201 -0.005771383 0.999863267 35.225814819
0.999884009 -0.000860746 -0.015201870 -0.641586900 0.000936449 0.999987125 0.004973473 -0.356080145 0.015197391 -0.004987131 0.999872088 36.569145203
0.999898195 -0.001115354 -0.014221224 -0.663817525 0.001174202 0.999990702 0.004130367 -0.374683648 0.014216485 -0.004146644 0.999890268 37.963069916
0.999916911 -0.000454775 -0.012879428 -0.692455769 0.000522061 0.999986172 0.005221368 -0.388994426 0.012876878 -0.005227658 0.999903321 39.301040649
0.999935448 -0.000338535 -0.011357208 -0.717126966 0.000422550 0.999972582 0.007395912 -0.406680793 0.011354392 -0.007400234 0.999908090 40.627845764
0.999952793 -0.000746730 -0.009682118 -0.739729345 0.000826653 0.999965549 0.008253396 -0.420133561 0.009675623 -0.008261012 0.999918938 41.917667389
0.999971390 -0.000384369 -0.007550921 -0.748716295 0.000453302 0.999958158 0.009129445 -0.434329689 0.007547095 -0.009132609 0.999929786 43.217926025
0.999992192 -0.000261528 -0.003931960 -0.768472314 0.000295654 0.999962270 0.008681075 -0.447424501 0.003929542 -0.008682170 0.999954522 44.485828400
0.999999225 -0.001214235 -0.000322362 -0.781697929 0.001216360 0.999977052 0.006675745 -0.457114905 0.000314250 -0.006676132 0.999977589 45.739109039
0.999993265 -0.001440409 0.003389792 -0.785054982 0.001423548 0.999986529 0.004971407 -0.467321366 -0.003396907 -0.004966547 0.999981880 46.965095520
0.999973893 -0.001201995 0.007133211 -0.777571142 0.001162294 0.999983788 0.005567163 -0.481441826 -0.007139786 -0.005558727 0.999959052 48.176273346
0.999918997 -0.000630198 0.012716851 -0.774731040 0.000561979 0.999985337 0.005367299 -0.493081540 -0.012720048 -0.005359717 0.999904752 49.405567169
0.999818623 0.000547355 0.019033089 -0.752980888 -0.000636054 0.999988973 0.004654488 -0.508317649 -0.019030327 -0.004665751 0.999807954 50.613822937
0.999645948 0.002172174 0.026516441 -0.733061075 -0.002292324 0.999987304 0.004501575 -0.519146979 -0.026506322 -0.004560766 0.999638200 51.807632446
0.999390900 0.003036840 0.034763869 -0.693032563 -0.003232668 0.999979317 0.005578307 -0.530605555 -0.034746200 -0.005687289 0.999379992 53.004367828
0.998963833 0.005623238 0.045162346 -0.647635102 -0.005915883 0.999962330 0.006348801 -0.541775048 -0.045124944 -0.006609399 0.998959422 54.189418793
0.998271883 0.007607947 0.058270171 -0.602145195 -0.007991051 0.999948025 0.006344442 -0.557830870 -0.058218867 -0.006799119 0.998280644 55.304824829
0.997301817 0.009517506 0.072791398 -0.529786706 -0.010013892 0.999929070 0.006457393 -0.564928353 -0.072724767 -0.007168895 0.997326195 56.437854767
0.995920479 0.012075433 0.089422986 -0.444666117 -0.012849159 0.999884725 0.008081791 -0.580172658 -0.089315087 -0.009197831 0.995960891 57.558219910
0.994175851 0.012218181 0.107075237 -0.334267467 -0.013231766 0.999874055 0.008760763 -0.587485611 -0.106954716 -0.010126533 0.994212270 58.655090332
0.991914034 0.011946713 0.126347810 -0.207140028 -0.013073199 0.999881804 0.008090307 -0.599556804 -0.126236171 -0.009676659 0.991952896 59.760501862
0.989130318 0.011390193 0.146599859 -0.051119741 -0.012537107 0.999897540 0.006901825 -0.600078940 -0.146506190 -0.008664744 0.989171684 60.855579376
0.985791683 0.008152202 0.167774722 0.115030043 -0.009450856 0.999931276 0.006943458 -0.616935790 -0.167706594 -0.008430419 0.985800922 61.895153046
0.981888235 0.003028754 0.189436689 0.313889802 -0.004816573 0.999948025 0.008977880 -0.622676671 -0.189399645 -0.009727712 0.981851816 62.928035736
0.977099061 -0.002340776 0.212771967 0.537718654 0.000111083 0.999944925 0.010490615 -0.631377518 -0.212784827 -0.010226735 0.977045536 63.982807159
0.971545458 -0.006866882 0.236753464 0.786447287 0.004702908 0.999941826 0.009703751 -0.635722160 -0.236806318 -0.008314206 0.971521258 64.979812622
0.965023160 -0.013536848 0.261814773 1.059178472 0.011827794 0.999897182 0.008102531 -0.647698402 -0.261897564 -0.004722438 0.965084016 65.982711792
0.957567990 -0.017402414 0.287681699 1.362870455 0.015577876 0.999841392 0.008630302 -0.649752438 -0.287786245 -0.003782631 0.957687080 66.960243225
0.948814213 -0.019623278 0.315224409 1.671764493 0.016937336 0.999793172 0.011258107 -0.661061883 -0.315380126 -0.005342791 0.948950350 67.913421631
0.939283669 -0.024175184 0.342289120 2.024501562 0.020613451 0.999688923 0.014040145 -0.662127733 -0.342522055 -0.006131919 0.939489722 68.855888367
0.928099215 -0.027149316 0.371341854 2.386000633 0.023709264 0.999623239 0.013827000 -0.670489550 -0.371577293 -0.004028587 0.928393245 69.768020630
0.915973067 -0.026325230 0.400375128 2.781246185 0.024377227 0.999653280 0.009958695 -0.671995461 -0.400498420 0.000638137 0.916297257 70.674705505
0.902892113 -0.027752895 0.428970367 3.192293167 0.028466340 0.999583423 0.004753937 -0.680467486 -0.428923607 0.007918924 0.903306007 71.518020630
0.888582528 -0.029385870 0.457774729 3.638787508 0.031910017 0.999488294 0.002219764 -0.684267044 -0.457605660 0.012635155 0.889065444 72.378402710
0.872937739 -0.030397445 0.486883670 4.105491638 0.031538185 0.999485314 0.005855456 -0.697059810 -0.486811161 0.010243980 0.873447120 73.203491211
0.855176985 -0.029023070 0.517523110 4.598797798 0.026976848 0.999570012 0.011478934 -0.702629030 -0.517633855 0.004144625 0.855592191 74.025733948
0.835433662 -0.029535849 0.548797190 5.114654064 0.025203716 0.999563456 0.015428133 -0.712557018 -0.549013138 0.000942548 0.835813105 74.822570801
0.814114630 -0.022919863 0.580251694 5.648587227 0.020654658 0.999731302 0.010509999 -0.713578761 -0.580336750 0.003428557 0.814369321 75.583091736
0.792418182 -0.016386835 0.609758317 6.217386246 0.018148083 0.999830008 0.003285199 -0.716305375 -0.609708488 0.008462694 0.792580724 76.325981140
0.769812346 -0.013919421 0.638118565 6.806758404 0.017156987 0.999852121 0.001112180 -0.718119740 -0.638039708 0.010092024 0.769937336 77.039718628
0.746520817 -0.016282495 0.665162861 7.431665897 0.017865375 0.999830604 0.004424274 -0.727762401 -0.665122271 0.008580570 0.746685266 77.729621887
0.721870840 -0.017139357 0.691815674 8.061779976 0.018550836 0.999813199 0.005413073 -0.746231318 -0.691779077 0.008926218 0.722054005 78.399505615
0.696372807 -0.014891694 0.717525721 8.714498520 0.018837735 0.999819458 0.002468092 -0.751124442 -0.717432916 0.011797847 0.696527541 79.032341003
0.670154095 -0.012736925 0.742112756 9.381671906 0.018803947 0.999823093 0.000179396 -0.762519836 -0.741983771 0.013834424 0.670275033 79.633308411
0.642653227 -0.010269449 0.766088426 10.076112747 0.016798683 0.999858618 -0.000688865 -0.770495713 -0.765973032 0.013311977 0.642734766 80.221847534
0.615171790 -0.008751209 0.788344502 10.800680161 0.016777515 0.999857247 -0.001992904 -0.784581542 -0.788214564 0.014452441 0.615230739 80.778167725
0.586563885 -0.002506682 0.809899092 11.535501480 0.015334480 0.999850333 -0.008011300 -0.801218987 -0.809757769 0.017118519 0.586514473 81.309310913
0.556508780 0.007057109 0.830811739 12.302261353 0.014059102 0.999740779 -0.017909344 -0.814271867 -0.830722749 0.021647176 0.556265295 81.824554443
0.526239693 0.015221332 0.850200057 13.069388390 0.013129026 0.999575138 -0.026021969 -0.836109936 -0.850234866 0.024856091 0.525816262 82.286621094
0.493990421 0.020273637 0.869230986 13.884360313 0.010479025 0.999516606 -0.029267684 -0.863504112 -0.869404197 0.023566647 0.493539214 82.770866394
0.461393118 0.019698329 0.886977136 14.713589668 0.008298425 0.999613881 -0.026516538 -0.896123350 -0.887157023 0.019595060 0.461051524 83.205490112
0.428309083 0.018624239 0.903440356 15.570246696 0.003949828 0.999739468 -0.022481985 -0.920364618 -0.903623700 0.013197672 0.428123921 83.614952087
0.393903077 0.019508623 0.918944955 16.415866852 -0.000420189 0.999778390 -0.021044552 -0.957141638 -0.919151843 0.007903384 0.393823981 83.980247498
0.358782172 0.022863287 0.933141291 17.312349319 -0.007564173 0.999738336 -0.021586671 -0.979525566 -0.933390617 0.000686471 0.358861238 84.348007202
0.322961241 0.024774624 0.946087837 18.208339691 -0.012540521 0.999681592 -0.021897152 -1.007047772 -0.946329057 -0.004792504 0.323169053 84.659271240
0.286878258 0.023909064 0.957668662 19.099563599 -0.014571790 0.999681771 -0.020592848 -1.034911990 -0.957856178 -0.008047306 0.287135363 84.935974121
0.250483751 0.023807529 0.967828035 20.066656113 -0.016177330 0.999660909 -0.020403726 -1.061879873 -0.967985630 -0.010546075 0.250783950 85.199485779
0.214743823 0.023542065 0.976386666 21.011928558 -0.015562029 0.999665022 -0.020680666 -1.084042907 -0.976546407 -0.010753511 0.215038240 85.403015137
0.179457635 0.022581402 0.983506620 21.971750259 -0.013559161 0.999698281 -0.020479066 -1.107380986 -0.983672321 -0.009660399 0.179709688 85.574958801
0.145163387 0.021017045 0.989184499 22.946783066 -0.005101545 0.999776959 -0.020493446 -1.145211339 -0.989394486 -0.002071470 0.145238206 85.702720642
0.111427926 0.024128208 0.993479609 23.912355423 -0.003195072 0.999708772 -0.023921138 -1.178569078 -0.993767381 -0.000508755 0.111472577 85.807685852
0.078193083 0.028846415 0.996520817 24.882802963 -0.002447875 0.999583840 -0.028743003 -1.215831280 -0.996935189 -0.000191854 0.078231126 85.894882202
0.049390439 0.033027831 0.998233259 25.897855759 0.004431053 0.999435961 -0.033286858 -1.247279525 -0.998769701 0.006067276 0.049216229 85.935546875
0.023929132 0.031171881 0.999227524 26.879913330 0.006578398 0.999487162 -0.031337515 -1.282494187 -0.999691963 0.007323196 0.023711799 85.951087952
0.001248695 0.027977478 0.999607801 27.860784531 0.007821066 0.999577701 -0.027986404 -1.322292805 -0.999968648 0.007852946 0.001029351 85.955520630
-0.017690763 0.025768831 0.999511361 28.883247375 0.007703473 0.999641657 -0.025635846 -1.359304309 -0.999813795 0.007246190 -0.017882930 85.949905396
-0.033850741 0.029011298 0.999005795 29.876003265 0.009627511 0.999541759 -0.028700642 -1.394152999 -0.999380589 0.008646401 -0.034114528 85.909606934
-0.049013503 0.033053387 0.998251081 30.871566772 0.012283152 0.999396682 -0.032488227 -1.433155417 -0.998722553 0.010669308 -0.049389932 85.862594604
-0.060790040 0.038366117 0.997412980 31.864467621 0.016457215 0.999163687 -0.037430432 -1.470385909 -0.998014867 0.014139243 -0.061370589 85.791046143
-0.069481060 0.041567687 0.996716857 32.856285095 0.021657867 0.998958826 -0.040151425 -1.517456055 -0.997348130 0.018796997 -0.070308976 85.714500427
-0.075772345 0.047050498 0.996014476 33.851642609 0.025566509 0.998649359 -0.045229983 -1.565432310 -0.996797264 0.022037430 -0.076872922 85.635673523
-0.079307705 0.051811397 0.995502889 34.854473114 0.027659282 0.998378217 -0.049757548 -1.617746472 -0.996466398 0.023588732 -0.080612160 85.552635193
-0.082080327 0.055528868 0.995077550 35.857177734 0.029326797 0.998148799 -0.053281203 -1.678816915 -0.996194124 0.024809098 -0.083556861 85.467086792
-0.084606312 0.058289528 0.994708061 36.853538513 0.030038709 0.997982979 -0.055926450 -1.741743088 -0.995961547 0.025148014 -0.086186603 85.382255554
-0.087086178 0.062022004 0.994268179 37.866088867 0.031219820 0.997739673 -0.059504066 -1.803147316 -0.995711446 0.025858896 -0.088825665 85.289741516
-0.089340039 0.065908782 0.993818104 38.868759155 0.032290339 0.997475207 -0.063248560 -1.869236350 -0.995477676 0.026440103 -0.091242708 85.199386597
-0.091041826 0.067381762 0.993565023 39.871128082 0.035212938 0.997302055 -0.064408608 -1.938118339 -0.995224237 0.029122462 -0.093168937 85.097358704
-0.093504921 0.066084974 0.993423283 40.884895325 0.035327841 0.997386456 -0.063023433 -2.009425640 -0.994991839 0.029202487 -0.095595196 85.007301331
-0.095654756 0.065701582 0.993243873 41.905189514 0.034596059 0.997435868 -0.062647089 -2.080979586 -0.994813204 0.028369842 -0.097682491 84.910919189
-0.098240830 0.067181028 0.992892504 42.928840637 0.034116741 0.997359633 -0.064107642 -2.147045135 -0.994577765 0.027576275 -0.100273438 84.818725586
-0.100217201 0.069280833 0.992550611 43.945816040 0.033908293 0.997231066 -0.066183828 -2.222798586 -0.994387567 0.027022945 -0.102288894 84.704185486
-0.102938265 0.071650222 0.992103815 44.981437683 0.032138292 0.997121036 -0.068677977 -2.300009012 -0.994168401 0.024814932 -0.104944609 84.605918884
-0.105360940 0.074790567 0.991617560 45.987518311 0.029839890 0.996956527 -0.072022706 -2.380629301 -0.993986189 0.022001378 -0.107272021 84.499977112
-0.107658282 0.079429038 0.991010010 47.030075073 0.026065677 0.996686280 -0.077052355 -2.453269958 -0.993846118 0.017536025 -0.109371908 84.394004822
-0.110340230 0.081319608 0.990561545 48.061798096 0.023966506 0.996575117 -0.079143636 -2.542917252 -0.993604839 0.015007571 -0.111911274 84.278137207
-0.113205031 0.079634845 0.990375221 49.104991913 0.021892929 0.996740758 -0.077644229 -2.629653215 -0.993330419 0.012892499 -0.114579491 84.165031433
-0.115976527 0.075699300 0.990363121 50.149372101 0.019243576 0.997075498 -0.073958859 -2.712997675 -0.993065476 0.010480637 -0.117094070 84.045692444
-0.118496485 0.073896661 0.990200937 51.197772980 0.019568734 0.997206986 -0.072077729 -2.798516035 -0.992761552 0.010836023 -0.119611584 83.928466797
-0.120639801 0.074280947 0.989913404 52.237098694 0.018690774 0.997189581 -0.072549127 -2.883685350 -0.992520332 0.009749936 -0.121689133 83.805633545
-0.121979892 0.076966278 0.989543855 53.284065247 0.020051548 0.996976316 -0.075072654 -2.968433857 -0.992329955 0.010684535 -0.123154357 83.684188843
-0.122330986 0.079627715 0.989289880 54.351264954 0.020860136 0.996762335 -0.077649713 -3.053260803 -0.992270052 0.011137758 -0.123595968 83.546798706
-0.122897163 0.080600247 0.989140987 55.391918182 0.019497018 0.996700227 -0.078793794 -3.136350155 -0.992227852 0.009601772 -0.124063089 83.421485901
-0.123252675 0.079093195 0.989218414 56.453365326 0.016573742 0.996843815 -0.077637866 -3.227694750 -0.992236912 0.006825978 -0.124174528 83.302078247
-0.123449549 0.078486592 0.989242196 57.517303467 0.012980691 0.996909738 -0.077475056 -3.317489147 -0.992265940 0.003276792 -0.124086864 83.180770874
-0.123176225 0.079571143 0.989189506 58.566532135 0.009511052 0.996829152 -0.079001315 -3.409568787 -0.992339194 -0.000322851 -0.123542458 83.053512573
-0.123454355 0.079817876 0.989135027 59.641719818 0.005154048 0.996798217 -0.079792961 -3.497897387 -0.992336869 -0.004752738 -0.123470448 82.929702759
-0.123531379 0.078934282 0.989196301 60.726737976 0.002160901 0.996850431 -0.079275206 -3.596247673 -0.992338300 -0.007655419 -0.123312868 82.797378540
-0.123763353 0.074003950 0.989548385 61.808940887 0.002763172 0.997237086 -0.074233353 -3.679568529 -0.992307901 -0.006453077 -0.123625889 82.669609070
-0.124334604 0.065364435 0.990085065 62.904323578 0.005807083 0.997858763 -0.065148391 -3.763279915 -0.992223382 -0.002350693 -0.124447942 82.539268494
-0.124442920 0.059535921 0.990438998 63.991771698 0.011524928 0.998217583 -0.058555454 -3.850822687 -0.992159784 0.004127925 -0.124907270 82.410270691
-0.122983545 0.062665664 0.990428150 65.082267761 0.020187575 0.997955799 -0.060635209 -3.910874128 -0.992203355 0.012537209 -0.123997219 82.245010376
-0.121942550 0.068361990 0.990180075 66.168403625 0.025931749 0.997504056 -0.065674089 -3.982578993 -0.992198348 0.017668635 -0.123410940 82.109306335
-0.121082865 0.073544629 0.989914119 67.260681152 0.029651960 0.997074485 -0.070449673 -4.067660809 -0.992199421 0.020822648 -0.122909375 81.973937988
-0.120724089 0.078072034 0.989611268 68.337738037 0.029972171 0.996734679 -0.074977659 -4.147597313 -0.992233515 0.020609187 -0.122669868 81.848114014
-0.120422401 0.075724728 0.989830434 69.450843811 0.026432808 0.996977508 -0.073055707 -4.225402832 -0.992370725 0.017366450 -0.122060038 81.723182678
-0.120134138 0.071212657 0.990200222 70.557525635 0.026406348 0.997300267 -0.068519562 -4.313607693 -0.992406428 0.017916031 -0.121690266 81.593025208
-0.119875059 0.068974137 0.990390062 71.691993713 0.024099996 0.997491896 -0.066551723 -4.397100925 -0.992496371 0.015890509 -0.121236674 81.447753906
-0.120036602 0.069824979 0.990310907 72.820358276 0.022073118 0.997464716 -0.067653872 -4.475162506 -0.992524028 0.013738310 -0.121273510 81.319747925
-0.119404688 0.074751206 0.990027666 73.952278137 0.023540398 0.997094512 -0.072445631 -4.562475681 -0.992566526 0.014655299 -0.120817430 81.179054260
-0.118269652 0.077544726 0.989948988 75.098373413 0.023215564 0.996889532 -0.075314805 -4.647667408 -0.992710054 0.014074773 -0.119702011 81.031455994
-0.118114367 0.076465428 0.990051687 76.225227356 0.023209693 0.996970892 -0.074230894 -4.732412338 -0.992728710 0.014211057 -0.119531348 80.906845093
-0.117273539 0.069792636 0.990644276 77.377822876 0.025045885 0.997417986 -0.067304902 -4.822464466 -0.992783785 0.016918475 -0.118718781 80.766830444
-0.118096925 0.068261668 0.990653038 78.524993896 0.023937797 0.997540295 -0.065882571 -4.903289318 -0.992713451 0.015933525 -0.119440451 80.632972717
-0.117611267 0.071151517 0.990507424 79.659286499 0.021669529 0.997376263 -0.069071919 -4.988907337 -0.992823243 0.013340195 -0.118844524 80.506019592
-0.117371067 0.074151658 0.990315914 80.824127197 0.020597154 0.997175753 -0.072224148 -5.071751595 -0.992874444 0.011920667 -0.118566893 80.372451782
-0.116875485 0.073736936 0.990405500 81.994850159 0.019359149 0.997219682 -0.071959734 -5.156783581 -0.992957830 0.010763082 -0.117978014 80.233757019
-0.116457805 0.070171736 0.990713656 83.175834656 0.019785974 0.997466981 -0.068324238 -5.247710705 -0.992998481 0.011645347 -0.117551222 80.093429565
-0.115922958 0.069104716 0.990851343 84.332336426 0.018867590 0.997549951 -0.067364514 -5.336166859 -0.993078947 0.010885885 -0.116942786 79.959526062
-0.114807613 0.069474049 0.990955412 85.516693115 0.020503063 0.997504592 -0.067557812 -5.424358845 -0.993176043 0.012561471 -0.115945563 79.825759888
-0.113414936 0.069835134 0.991090298 86.713951111 0.022871735 0.997445762 -0.067665644 -5.510357380 -0.993284464 0.014993662 -0.114722498 79.679702759
-0.112223178 0.069239497 0.991267741 87.893577576 0.022922419 0.997484326 -0.067078643 -5.596933365 -0.993418574 0.015194477 -0.113528006 79.542358398
-0.111184314 0.070380412 0.991304517 89.089859009 0.023974491 0.997388780 -0.068123423 -5.679223061 -0.993510604 0.016191766 -0.112581320 79.412292480
-0.109897301 0.068697147 0.991566062 90.286689758 0.023571845 0.997508228 -0.066496313 -5.766651154 -0.993663371 0.016065281 -0.111242771 79.286087036
-0.108520508 0.067038424 0.991831124 91.488311768 0.022572663 0.997632384 -0.064960770 -5.861858368 -0.993837893 0.015338695 -0.109776810 79.143585205
-0.107235998 0.066904165 0.991979957 92.701446533 0.023461193 0.997625649 -0.064748727 -5.940176487 -0.993956745 0.016329641 -0.108551048 79.017303467
-0.105187319 0.067275234 0.992174208 93.918235779 0.021607608 0.997628152 -0.065354280 -6.031967163 -0.994217634 0.014564070 -0.106391490 78.885513306
-0.104628272 0.069720842 0.992064476 95.133811951 0.021440033 0.997465909 -0.067839257 -6.117705345 -0.994280279 0.014171992 -0.105857946 78.773010254
-0.103006080 0.068739340 0.992302656 96.359275818 0.019383224 0.997558534 -0.067091338 -6.203925610 -0.994491756 0.012323205 -0.104086995 78.643630981
-0.102676779 0.068139516 0.992378175 97.586563110 0.015569122 0.997638822 -0.066889860 -6.286319733 -0.994592905 0.008582421 -0.103495225 78.528640747
-0.102602631 0.068430915 0.992365777 98.821060181 0.013102915 0.997637272 -0.067439690 -6.381825924 -0.994636059 0.006083394 -0.103256851 78.403907776
-0.103015773 0.067933209 0.992357135 100.063835144 0.010180422 0.997684777 -0.067241102 -6.467461586 -0.994627595 0.003175722 -0.103468865 78.283714294
-0.103685595 0.065207109 0.992470264 101.309776306 0.007435663 0.997871518 -0.064785160 -6.559075832 -0.994582295 0.000662388 -0.103949763 78.153579712
-0.105024651 0.063698679 0.992427409 102.559326172 0.005150571 0.997967899 -0.063509218 -6.648621082 -0.994456291 -0.001558466 -0.105139315 78.028770447
-0.107324995 0.063126564 0.992217898 103.819656372 0.002917129 0.997997880 -0.063178763 -6.732941151 -0.994219720 -0.003886232 -0.107294261 77.913253784
-0.108396150 0.062707588 0.992127955 105.070419312 0.002905603 0.998024166 -0.062762804 -6.827724457 -0.994103491 -0.003920516 -0.108364180 77.774635315
-0.110827148 0.061473973 0.991936564 106.328041077 0.002233525 0.998098016 -0.061606269 -6.911262989 -0.993837118 -0.004612132 -0.110753663 77.641731262
-0.114174195 0.056643326 0.991844654 107.593574524 -0.000569601 0.998369336 -0.057081521 -6.996157646 -0.993460596 -0.007082192 -0.113955759 77.510375977
-0.118557110 0.056676727 0.991328418 108.847816467 -0.001500465 0.998358250 -0.057258096 -7.074572563 -0.992946148 -0.008275808 -0.118277431 77.365997314
-0.124187700 0.062315322 0.990300059 110.074829102 -0.006540345 0.997952938 -0.063617073 -7.161779404 -0.992237151 -0.014377359 -0.123525903 77.226486206
-0.131529078 0.065214805 0.989164829 111.293594360 -0.006031302 0.997762620 -0.066583633 -7.248456478 -0.991294026 -0.014723633 -0.130841464 77.078521729
-0.140375927 0.061368790 0.988194585 112.549140930 -0.004730347 0.998024225 -0.062651187 -7.336943626 -0.990086913 -0.013469224 -0.139808282 76.900047302
-0.151155412 0.059318312 0.986728668 113.778884888 -0.002485225 0.998171866 -0.060386941 -7.425475597 -0.988506854 -0.011580056 -0.150731668 76.715568542
-0.164466694 0.060287848 0.984538555 114.997726440 -0.002312679 0.998104036 -0.061504867 -7.511150360 -0.986379921 -0.012392425 -0.164015487 76.525009155
-0.178336501 0.060426202 0.982112408 116.215370178 0.000027720 0.998112857 -0.061405625 -7.598127842 -0.983969569 -0.010923642 -0.178001627 76.304244995
-0.192961678 0.058145229 0.979481936 117.430473328 -0.000088607 0.998241544 -0.059276320 -7.684801579 -0.981206298 -0.011524847 -0.192617208 76.080589294
-0.208073363 0.060789645 0.976222336 118.630455017 0.004197008 0.998113036 -0.061258238 -7.771448135 -0.978104293 -0.008648994 -0.207935899 75.822929382
-0.223872766 0.064006425 0.972514272 119.806823730 0.004216812 0.997895420 -0.064706177 -7.858052731 -0.974609256 -0.010385040 -0.223671496 75.570091248
-0.239099935 0.068129510 0.968601823 120.970123291 0.003665512 0.997591615 -0.069263734 -7.941903114 -0.970988095 -0.013010533 -0.238773823 75.287612915
-0.254805863 0.065811001 0.964750171 122.135520935 0.000540025 0.997690916 -0.067915440 -8.040076256 -0.966992021 -0.016784266 -0.254253030 74.992675781
-0.271066517 0.060160730 0.960678816 123.300857544 -0.005174617 0.997939348 -0.063954182 -8.128961563 -0.962546706 -0.022306981 -0.270196617 74.689041138
-0.287015140 0.055967931 0.956289649 124.467681885 -0.009070177 0.998088181 -0.061136510 -8.215068817 -0.957883060 -0.026220817 -0.285958767 74.363838196
-0.302470565 0.057357710 0.951431334 125.611999512 -0.011036002 0.997910023 -0.063668191 -8.299011230 -0.953094780 -0.029757751 -0.301205456 74.018836975
-0.316454023 0.059319858 0.946751297 126.753875732 -0.011019752 0.997745574 -0.066198349 -8.385725021 -0.948543787 -0.031381704 -0.315086931 73.640541077
-0.330374181 0.061691899 0.941831708 127.888206482 -0.009481553 0.997594297 -0.068670377 -8.473711014 -0.943802357 -0.031616956 -0.328994483 73.253784180
-0.344660580 0.061376676 0.936718762 129.026489258 -0.007450817 0.997649968 -0.068110548 -8.570533752 -0.938697755 -0.030454343 -0.343393236 72.843536377
-0.358775407 0.059280705 0.931539655 130.151382446 -0.007889017 0.997753084 -0.066532746 -8.662570953 -0.933390498 -0.031219251 -0.357501596 72.425552368
-0.373060286 0.057993300 0.925992906 131.270751953 -0.007805036 0.997813106 -0.065635748 -8.757874489 -0.927774251 -0.031713493 -0.371791810 71.976692200
-0.387864828 0.059457522 0.919796526 132.368255615 -0.009248711 0.997615874 -0.068387970 -8.847138405 -0.921669781 -0.035032220 -0.386390209 71.526596069
-0.402857721 0.061373424 0.913202643 133.457153320 -0.008378422 0.997460246 -0.070732221 -8.938956261 -0.915224195 -0.036146224 -0.401320308 71.063499451
-0.417432606 0.063425682 0.906491756 134.547668457 -0.007032730 0.997305810 -0.073018312 -9.028565407 -0.908680618 -0.036855333 -0.415861905 70.568809509
-0.431886762 0.065819137 0.899523020 135.621994019 -0.004268654 0.997173429 -0.075013801 -9.125848770 -0.901917696 -0.036237232 -0.430385023 70.057861328
-0.446984917 0.068811007 0.891891003 136.692489624 -0.004515111 0.996850729 -0.079171650 -9.227703094 -0.894530058 -0.039415523 -0.445266545 69.540428162
-0.461717516 0.071228132 0.884162664 137.752807617 -0.003885849 0.996598661 -0.082315214 -9.325459480 -0.887018561 -0.041442093 -0.459870249 68.990829468
-0.477126658 0.068284877 0.876177788 138.821395874 -0.005434368 0.996728480 -0.080639310 -9.429877281 -0.878817797 -0.043236636 -0.475194663 68.426582336
-0.493087918 0.064135700 0.867612123 139.885421753 -0.008235415 0.996890128 -0.078372605 -9.526983261 -0.869940460 -0.045789719 -0.491026223 67.840141296
-0.509069860 0.064257406 0.858323216 140.942825317 -0.008700799 0.996774316 -0.079782814 -9.628985405 -0.860681176 -0.048083108 -0.506868601 67.228263855
-0.525225401 0.063325778 0.848603666 141.989868164 -0.009982938 0.996700108 -0.080555975 -9.727288246 -0.850904584 -0.050781600 -0.522859991 66.600044250
-0.541002452 0.062388275 0.838703871 143.025207520 -0.010342215 0.996675849 -0.080810465 -9.830146790 -0.840957463 -0.052392717 -0.538558900 65.941040039
-0.556557417 0.061819989 0.828505993 144.062500000 -0.011648126 0.996549070 -0.082183465 -9.936651230 -0.830727458 -0.055390365 -0.553916693 65.266349792
-0.571943462 0.061133798 0.818011940 145.080184937 -0.012064459 0.996484160 -0.082907163 -10.042594910 -0.820204377 -0.057287075 -0.569194973 64.568084717
-0.586691797 0.058891576 0.807666123 146.086212158 -0.011921162 0.996615946 -0.081328586 -10.143998146 -0.809722543 -0.057343129 -0.584004402 63.840530396
-0.601704478 0.055109791 0.796815395 147.089920044 -0.011951902 0.996883750 -0.077972360 -10.253357887 -0.798629344 -0.056439776 -0.599170804 63.101688385
-0.616572142 0.053426784 0.785483539 148.081802368 -0.011374058 0.996986151 -0.076740868 -10.357123375 -0.787216246 -0.056250412 -0.614106119 62.329925537
-0.630707026 0.052084219 0.774271190 149.054382324 -0.011688965 0.996994257 -0.076588131 -10.458536148 -0.775932908 -0.057355106 -0.628202498 61.541297913
-0.645923197 0.052786279 0.761575162 150.029907227 -0.013451677 0.996664584 -0.080489710 -10.567963600 -0.763283670 -0.062234644 -0.643058956 60.745128632
-0.661063671 0.052218907 0.748510480 150.978256226 -0.015541155 0.996408343 -0.083238713 -10.674061775 -0.750168741 -0.066658802 -0.657877922 59.927673340
-0.676895022 0.048951607 0.734450042 151.930343628 -0.017283957 0.996454120 -0.082343861 -10.784764290 -0.735876560 -0.068432353 -0.673648715 59.084114075
-0.693037808 0.041367393 0.719713390 152.854064941 -0.020727905 0.996796012 -0.077253088 -10.897194862 -0.720603049 -0.068457469 -0.689959824 58.220172882
-0.709793866 0.038877770 0.703335702 153.773315430 -0.021733018 0.996791780 -0.077031493 -11.001827240 -0.704074025 -0.069962099 -0.706671834 57.319614410
-0.727110982 0.036333226 0.685557842 154.672393799 -0.023162726 0.996731699 -0.077391490 -11.106782913 -0.686129034 -0.072151594 -0.723892927 56.392269135
-0.744846046 0.032507181 0.666444063 155.558197021 -0.026497578 0.996583462 -0.078225210 -11.209623337 -0.666710079 -0.075924896 -0.741439819 55.452472687
-0.760986090 0.030406963 0.648055136 156.402786255 -0.026013969 0.996667504 -0.077311173 -11.324640274 -0.648246288 -0.075691223 -0.757659197 54.476379395
-0.777247667 0.032237772 0.628368318 157.231491089 -0.024241023 0.996410728 -0.081104256 -11.429497719 -0.628727555 -0.078270391 -0.773676455 53.485065460
-0.791885018 0.032329351 0.609813988 158.022811890 -0.020011986 0.996687472 -0.078826413 -11.546717644 -0.610342443 -0.074625030 -0.788614750 52.465793610
-0.806610584 0.033713315 0.590120912 158.803451538 -0.016089307 0.996749938 -0.078935601 -11.656815529 -0.590864122 -0.073164925 -0.803446591 51.426982880
-0.820791304 0.034767590 0.570169330 159.544265747 -0.014166821 0.996600091 -0.081164278 -11.772131920 -0.571052790 -0.074696407 -0.817507982 50.370307922
-0.834628105 0.036099683 0.549629748 160.260848999 -0.013189331 0.996254146 -0.085462332 -11.890517235 -0.550656140 -0.078578509 -0.831025422 49.315666199
-0.847437143 0.036845334 0.529615581 160.959106445 -0.010340543 0.996253848 -0.085855223 -12.001077652 -0.530794978 -0.078233428 -0.843881607 48.218925476
-0.859031320 0.034853384 0.510735035 161.626098633 -0.009329187 0.996448100 -0.083690442 -12.115340233 -0.511837900 -0.076657459 -0.855655074 47.117374420
-0.869545043 0.036780614 0.492482126 162.266387939 -0.006010614 0.996360660 -0.085024945 -12.242807388 -0.493817061 -0.076893128 -0.866159379 46.000617981
-0.878914833 0.039770845 0.475317895 162.878326416 -0.003044595 0.996029615 -0.088969693 -12.357227325 -0.476969123 -0.079643920 -0.875304103 44.880935669
-0.887926638 0.037173253 0.458480537 163.481353760 -0.005096648 0.995872855 -0.090615168 -12.477165222 -0.459956795 -0.082796335 -0.884072602 43.746215820
-0.896203220 0.034426194 0.442306101 164.068786621 -0.006087016 0.995936632 -0.089850686 -12.603633881 -0.443602026 -0.083216809 -0.892352045 42.598651886
-0.903303266 0.032526527 0.427767724 164.627212524 -0.006775449 0.995915592 -0.090034753 -12.729786873 -0.428949028 -0.084227003 -0.899393380 41.448719025
-0.909946501 0.030472284 0.413604766 165.175689697 -0.007304973 0.995964646 -0.089448780 -12.856619835 -0.414661437 -0.084414974 -0.906051815 40.281707764
-0.916230917 0.028029116 0.399669081 165.704071045 -0.008332662 0.996000886 -0.088952787 -12.976858139 -0.400564075 -0.084831588 -0.912333250 39.109981537
-0.921661556 0.022641178 0.387333661 166.205718994 -0.011290019 0.996308148 -0.085102789 -13.095219612 -0.387830496 -0.082808964 -0.918003321 37.920505524
-0.926930606 0.019534983 0.374723881 166.719848633 -0.012154773 0.996556640 -0.082018673 -13.217693329 -0.375035852 -0.080580279 -0.923501432 36.723186493
-0.931264877 0.020158023 0.363784879 167.196304321 -0.009401747 0.996806145 -0.079302803 -13.325536728 -0.364221662 -0.077272117 -0.928101003 35.510189056
-0.934844196 0.023879291 0.354254335 167.676376343 -0.005145940 0.996719718 -0.080765754 -13.442369461 -0.355020970 -0.077326350 -0.931654811 34.327056885
-0.936846614 0.028929640 0.348542005 168.107742310 0.000054726 0.996585131 -0.082571335 -13.547603607 -0.349740535 -0.077337600 -0.933649004 33.133987427
-0.938782215 0.032126084 0.343009949 168.548965454 0.003062632 0.996381581 -0.084938325 -13.662789345 -0.344497472 -0.078688078 -0.935483634 31.940267563
-0.940677881 0.028505798 0.338101298 168.998855591 0.000304332 0.996535182 -0.083172552 -13.788803101 -0.339300722 -0.078135699 -0.937427223 30.743665695
-0.942273676 0.022087278 0.334114492 169.435684204 -0.005026894 0.996776521 -0.080070712 -13.896866798 -0.334806055 -0.077128083 -0.939125121 29.520364761
-0.944071293 0.015727162 0.329366356 169.876220703 -0.010528176 0.996915042 -0.077779606 -14.012714386 -0.329573601 -0.076897115 -0.940993071 28.309404373
-0.945762932 0.009113159 0.324729890 170.310028076 -0.017558981 0.996711195 -0.079111338 -14.124424934 -0.324382901 -0.080522507 -0.942492306 27.110876083
-0.947250903 0.006096186 0.320434898 170.749633789 -0.021380994 0.996389627 -0.082161285 -14.233612061 -0.319778860 -0.084678575 -0.943700671 25.915927887
-0.947860718 0.006103299 0.318626404 171.163406372 -0.022098079 0.996151209 -0.084819421 -14.343951225 -0.317917794 -0.087438032 -0.944077790 24.699943542
-0.948154271 0.007019471 0.317732841 171.578521729 -0.021610107 0.996018171 -0.086491644 -14.466724396 -0.317074805 -0.088873670 -0.944227159 23.493387222
-0.948260784 0.009526835 0.317349434 171.994400024 -0.019523440 0.995908380 -0.088234492 -14.585921288 -0.316891551 -0.089865066 -0.944194853 22.290229797
-0.947623432 0.010342658 0.319221944 172.402694702 -0.019505246 0.995735943 -0.090163566 -14.703741074 -0.318793327 -0.091667607 -0.943381071 21.063465118
-0.947437346 0.011525455 0.319733471 172.822418213 -0.018730061 0.995638967 -0.091390960 -14.834808350 -0.319392413 -0.092575856 -0.943089664 19.861221313
-0.946636677 0.012732703 0.322051167 173.234039307 -0.017709495 0.995654941 -0.091419756 -14.953445435 -0.321815848 -0.092244647 -0.942297876 18.680541992
-0.945899963 0.012156946 0.324230760 173.658584595 -0.018634103 0.995612979 -0.091692761 -15.081172943 -0.323922992 -0.092773914 -0.941523612 17.462919235
-0.944775820 0.010731840 0.327541530 174.088668823 -0.020463465 0.995581210 -0.091645785 -15.208420753 -0.327077806 -0.093287364 -0.940381587 16.279941559
-0.943251610 0.009367492 0.331946850 174.521026611 -0.021626135 0.995747268 -0.089552119 -15.331656456 -0.331374079 -0.091648892 -0.939037681 15.091515541
-0.941531718 0.006772452 0.336856395 174.970794678 -0.023634810 0.996007323 -0.086085133 -15.463585854 -0.336094528 -0.089013413 -0.937612414 13.903039932
-0.939262867 0.003605532 0.343179703 175.418975830 -0.026472552 0.996204495 -0.082920209 -15.581929207 -0.342176169 -0.086968698 -0.935602367 12.732952118
-0.936910510 0.005432140 0.349527180 175.869964600 -0.025003722 0.996276855 -0.082506225 -15.699294090 -0.348674059 -0.086040415 -0.933286369 11.566865921
-0.933733344 0.006068369 0.357917517 176.328063965 -0.025113491 0.996282220 -0.082407571 -15.818826675 -0.357086986 -0.085935265 -0.930109620 10.389454842
-0.929942846 0.009059525 0.367592186 176.786514282 -0.023720620 0.996136010 -0.084559314 -15.932008743 -0.366937935 -0.087354846 -0.926134706 9.235101700
-0.925857544 0.010219039 0.377734303 177.272705078 -0.023004634 0.996255815 -0.083338462 -16.049146652 -0.377171606 -0.085849188 -0.922155857 8.055029869
-0.921084762 0.012117117 0.389173508 177.756118774 -0.022566780 0.996174097 -0.084426768 -16.165864944 -0.388707638 -0.086546622 -0.917287290 6.929533482
-0.915929258 0.013570833 0.401110113 178.271255493 -0.022607543 0.996096611 -0.085325129 -16.283462524 -0.400702357 -0.087219901 -0.912047267 5.807091236
-0.909988105 0.015939558 0.414327919 178.800598145 -0.020795763 0.996248722 -0.084000267 -16.408206940 -0.414112598 -0.085055508 -0.906242967 4.659478664
-0.903924346 0.015301843 0.427418560 179.367401123 -0.021804657 0.996411383 -0.081785612 -16.520814896 -0.427136242 -0.083247729 -0.900346816 3.489766598
-0.897941172 0.017718926 0.439758629 179.931930542 -0.020301854 0.996458054 -0.081603944 -16.640571594 -0.439646959 -0.082203463 -0.894400895 2.364609480
-0.890456676 0.020597750 0.454601496 180.481506348 -0.018212873 0.996561646 -0.080828369 -16.747127533 -0.454703301 -0.080253795 -0.887019753 1.232072234
-0.884121895 0.021174578 0.466776371 181.086090088 -0.017649321 0.996746361 -0.078645438 -16.853670120 -0.466922909 -0.077770434 -0.880871534 0.160396159
-0.876594186 0.022969970 0.480681807 181.686630249 -0.015647868 0.996971428 -0.076177716 -16.957368851 -0.480975747 -0.074298590 -0.873580039 -0.937693536
-0.868954122 0.025297355 0.494245738 182.297485352 -0.012948655 0.997188568 -0.073805429 -17.069292068 -0.494723260 -0.070533350 -0.866183460 -1.987171412
-0.860504091 0.028308587 0.508656442 182.925491333 -0.010301329 0.997283876 -0.072929434 -17.166179657 -0.509339392 -0.067995921 -0.857875168 -3.031632900
-0.850399017 0.030783447 0.525237083 183.550872803 -0.007291525 0.997501433 -0.070267767 -17.281623840 -0.526087821 -0.063585423 -0.848049700 -4.055619240
-0.840099216 0.033602972 0.541391075 184.199111938 -0.004579279 0.997604311 -0.069025002 -17.378200531 -0.542413473 -0.060467031 -0.837932646 -5.055619717
-0.829149008 0.035526630 0.557897747 184.880142212 -0.002457508 0.997737229 -0.067187719 -17.483390808 -0.559022307 -0.057079669 -0.827185571 -6.059090137
-0.818243504 0.037273273 0.573662281 185.584152222 -0.001253987 0.997777641 -0.066618480 -17.579113007 -0.574870467 -0.055229500 -0.816378355 -7.038387775
-0.805517137 0.039695956 0.591241419 186.290084839 0.000779771 0.997823834 -0.065931529 -17.676002502 -0.592571914 -0.052647945 -0.803795159 -8.007743835
-0.792012751 0.040506743 0.609159410 187.035263062 0.002404298 0.997995615 -0.063236848 -17.766754150 -0.610499918 -0.048619781 -0.790522516 -8.979686737
-0.778362930 0.042098019 0.626401544 187.819015503 0.004208183 0.998076677 -0.061847810 -17.853931427 -0.627800405 -0.045504022 -0.777043045 -9.898940086
