1.000000000 0.000000000 0.000000000 0.000000000 0.000000000 1.000000000 0.000000000 0.000000000 0.000000000 0.000000000 1.000000000 0.000000000
0.999873698 0.001495612 0.015822586 0.010730715 -0.001479970 0.999998391 -0.001000288 -0.002172492 -0.015824057 0.000976745 0.999874294 0.128284276
0.999292791 0.004324212 0.037352502 0.027470412 -0.004311263 0.999990642 -0.000427205 -0.004139602 -0.037354000 0.000265866 0.999302089 0.273425907
0.997896731 0.005943163 0.064550258 0.056605734 -0.006017235 0.999981463 0.000953151 -0.004074675 -0.064543396 -0.001339560 0.997914016 0.436926484
0.995122313 0.005712452 0.098484583 0.103547357 -0.006060047 0.999976397 0.003230653 -0.003009018 -0.098463818 -0.003811716 0.995133340 0.612295687
0.990605295 0.002628486 0.136726633 0.162950158 -0.003375613 0.999980569 0.005232817 -0.003999146 -0.136710212 -0.005645191 0.990594983 0.798365057
0.984344959 -0.000275553 0.176252469 0.238590211 -0.000661227 0.999985993 0.005256234 -0.001295346 -0.176251426 -0.005290490 0.984331012 0.995584130
0.975495160 -0.000152491 0.220020860 0.318740666 -0.001285466 0.999978721 0.006392366 0.004854805 -0.220017150 -0.006518550 0.975474179 1.205558777
0.963434279 -0.000331004 0.267944217 0.415061176 -0.002290754 0.999952435 0.009472045 0.002594803 -0.267934620 -0.009739487 0.963387847 1.407093644
0.948928595 -0.003949992 0.315466136 0.530804396 -0.001363156 0.999860942 0.016619788 -0.001688080 -0.315487921 -0.016201023 0.948791265 1.621831656
0.931933165 -0.013284540 0.362386703 0.676550865 0.004750050 0.999690235 0.024431625 -0.001722387 -0.362599015 -0.021047289 0.931707561 1.846384406
0.910577297 -0.018588463 0.412920743 0.832680643 0.007358114 0.999558926 0.028770978 -0.001348938 -0.413273364 -0.023159882 0.910312414 2.062513590
0.885107398 -0.019743197 0.464968026 1.000805020 0.005153170 0.999454260 0.032628726 0.003059166 -0.465358436 -0.026483864 0.884726048 2.291704178
0.856874049 -0.022115044 0.515051425 1.177304149 0.003295910 0.999293983 0.037423939 0.003079345 -0.515515506 -0.030370034 0.856341958 2.492029667
0.824362636 -0.026339913 0.565448999 1.383653164 0.003615553 0.999141395 0.041271225 0.015013745 -0.566050529 -0.031978048 0.823750019 2.711614609
0.788183808 -0.032403614 0.614586294 1.601236224 0.005929812 0.998966455 0.045065019 0.007596617 -0.615411401 -0.031875137 0.787561297 2.915036201
0.749837279 -0.036166895 0.660632968 1.847154140 0.006276871 0.998848736 0.047558375 0.017259270 -0.661592484 -0.031514332 0.749201000 3.126903534
0.709689021 -0.039176110 0.703424871 2.114359379 0.007165358 0.998802423 0.048397511 0.031633165 -0.704478502 -0.029306898 0.709119856 3.331018209
0.667384386 -0.040843360 0.743592441 2.414705515 0.006126850 0.998762250 0.049360149 0.048262324 -0.744688153 -0.028386321 0.666808605 3.550515652
0.624608397 -0.040707778 0.779876351 2.726972818 0.001043333 0.998683095 0.051293377 0.065035343 -0.780937374 -0.031224607 0.623828351 3.760004997
0.582821846 -0.041015200 0.811564147 3.067013025 -0.002370526 0.998635292 0.052171871 0.081635438 -0.812596321 -0.032330748 0.581929326 3.962107897
0.542255044 -0.042527158 0.839136958 3.443702459 -0.003756743 0.998585582 0.053035580 0.100322753 -0.840205491 -0.031911239 0.541328251 4.172450066
0.503399193 -0.044143572 0.862925589 3.853282452 -0.006459965 0.998473823 0.054846156 0.117124490 -0.864029825 -0.033183981 0.502345800 4.380171776
0.465853453 -0.044004731 0.883767009 4.314060688 -0.008726521 0.998485565 0.054316778 0.146039009 -0.884818852 -0.033015870 0.464763969 4.613221169
0.428772956 -0.043064576 0.902385294 4.771993160 -0.010017381 0.998575151 0.052414861 0.169182569 -0.903356731 -0.031513613 0.427730560 4.810286999
0.395115048 -0.041743059 0.917682767 5.258416653 -0.008769177 0.998750091 0.049206242 0.190587550 -0.918589771 -0.027489454 0.394255161 4.990434170
0.366201401 -0.039864283 0.929681361 5.777239323 -0.006626997 0.998944879 0.045444649 0.214968696 -0.930511951 -0.022802891 0.365550816 5.156611919
0.341164082 -0.038330790 0.939221919 6.305324078 -0.005182200 0.999076307 0.042655900 0.234623596 -0.939989507 -0.019419895 0.340650320 5.323365688
0.321290463 -0.037700832 0.946229994 6.880445480 -0.003896309 0.999146044 0.041132160 0.257983476 -0.946972668 -0.016902177 0.320869237 5.496428490
0.306356728 -0.038099781 0.951153994 7.478971958 -0.002948590 0.999155879 0.040972270 0.285424411 -0.951912224 -0.015356693 0.305985779 5.685807705
0.295184940 -0.039533883 0.954621911 8.096508026 -0.001512168 0.999122858 0.041844405 0.308577567 -0.955438912 -0.013795384 0.294866294 5.857206821
0.284116030 -0.041410837 0.957895219 8.738901138 -0.003198334 0.999020278 0.044137359 0.328316331 -0.958784521 -0.015603802 0.283705294 6.050487995
0.273344874 -0.043184452 0.960946262 9.415416718 -0.004557956 0.998922348 0.046187609 0.355466545 -0.961905301 -0.017005099 0.272853494 6.243237019
0.263267457 -0.044903953 0.963677287 10.113051414 -0.005679784 0.998826683 0.048093449 0.382627487 -0.964706182 -0.018134922 0.262703568 6.433217049
0.253301501 -0.046664987 0.966261208 10.818159103 -0.006300075 0.998735070 0.049884830 0.413387328 -0.967366874 -0.018723421 0.252687156 6.609196186
0.243410945 -0.047894914 0.968739986 11.567451477 -0.006782640 0.998671591 0.051078990 0.445128679 -0.969899535 -0.019003799 0.242762759 6.788314342
0.233048812 -0.049128480 0.971223295 12.328103065 -0.006861931 0.998615146 0.052160624 0.481920213 -0.972440839 -0.018820437 0.232388958 6.966984272
0.222657591 -0.052643001 0.973474324 13.105464935 -0.008178406 0.998405039 0.055861793 0.506121874 -0.974862456 -0.020399522 0.221871912 7.147110939
0.211741224 -0.055759802 0.975733817 13.903533936 -0.009930571 0.998196840 0.059198491 0.547569811 -0.977275312 -0.022224352 0.210805684 7.320404530
0.199842855 -0.059735574 0.978005350 14.679434776 -0.010403834 0.997954249 0.063079931 0.580164075 -0.979772747 -0.022781074 0.198812544 7.465409279
0.186419636 -0.061464325 0.980545700 15.447422981 -0.011785459 0.997829437 0.064788364 0.621269643 -0.982399464 -0.023634005 0.185290605 7.613020897
0.172086060 -0.061795931 0.983141780 16.253980637 -0.011905290 0.997827053 0.064802855 0.661780357 -0.985009968 -0.022856250 0.170976430 7.754775047
0.157756716 -0.060760781 0.985606909 17.061311722 -0.014086388 0.997865140 0.063771151 0.699378371 -0.987377584 -0.023943964 0.156564027 7.885722160
0.141050145 -0.060062110 0.988178849 17.887771606 -0.014291762 0.997930348 0.062694788 0.733027101 -0.989899278 -0.022965925 0.139899835 7.997920036
0.120845251 -0.058095127 0.990969956 18.706413269 -0.016400129 0.998032928 0.060509119 0.775154054 -0.992535889 -0.023564273 0.119654767 8.094451904
0.095384084 -0.057176955 0.993797064 19.534982681 -0.022053817 0.997982740 0.059534471 0.804163992 -0.995196223 -0.027595660 0.093930677 8.175089836
0.064638697 -0.056602705 0.996302187 20.373233795 -0.025889300 0.997958958 0.058376491 0.841401279 -0.997572839 -0.029566944 0.063041352 8.228451729
0.031926218 -0.056736093 0.997878611 21.217702866 -0.028662186 0.997925043 0.057655741 0.870721698 -0.999079168 -0.030442113 0.030233791 8.244630814
-0.002689719 -0.055964746 0.998429120 22.064691544 -0.030583201 0.997970343 0.055856638 0.901465476 -0.999528587 -0.030384919 -0.004395855 8.238314629
-0.036822438 -0.054709472 0.997823119 22.899019241 -0.031547349 0.998066247 0.053558618 0.933444023 -0.998823702 -0.029506514 -0.038477167 8.202132225
-0.069717549 -0.052676544 0.996174991 23.761644363 -0.033214860 0.998173714 0.050457675 0.961457610 -0.997013688 -0.029570028 -0.071339875 8.135703087
-0.102673464 -0.049912114 0.993462086 24.611616135 -0.035516959 0.998287380 0.046483893 0.986629665 -0.994080901 -0.030512096 -0.104270339 8.047878265
-0.135111779 -0.045076881 0.989804447 25.447439194 -0.032473061 0.998629451 0.041046090 1.007476687 -0.990298092 -0.026596174 -0.136390388 7.921878815
-0.166253850 -0.039188500 0.985303998 26.271224976 -0.027675275 0.999001861 0.035063557 1.021652579 -0.985694528 -0.021439111 -0.167172447 7.762088299
-0.195986837 -0.032531738 0.980066717 27.094604492 -0.019815987 0.999376833 0.029210050 1.033268571 -0.980406284 -0.013696205 -0.196509346 7.574054718
-0.225010663 -0.026867932 0.973985791 27.920249939 -0.013684272 0.999608278 0.024413399 1.039809465 -0.974260271 -0.007835011 -0.225290179 7.365612984
-0.252486914 -0.020891309 0.967374742 28.736978531 -0.005120490 0.999781728 0.020254707 1.041990638 -0.967586756 0.000160616 -0.252538770 7.127951145
-0.278842300 -0.010589323 0.960278511 29.543569565 0.000947757 0.999935687 0.011301843 1.033591270 -0.960336387 0.004061543 -0.278814316 6.874626637
-0.303912044 0.005139738 0.952686250 30.328897476 0.005559869 0.999978006 -0.003621249 1.022459984 -0.952683866 0.004196271 -0.303933948 6.608200073
-0.328871578 0.022467967 0.944107354 31.103837967 0.006859285 0.999747455 -0.021402722 0.999849677 -0.944349825 -0.000562845 -0.328942597 6.329964638
-0.353593439 0.037148267 0.934661269 31.883525848 0.006945904 0.999287844 -0.037089150 0.967777610 -0.935373366 -0.006622412 -0.353599697 6.020646095
-0.378054410 0.047294956 0.924574554 32.646919250 0.010692769 0.998850703 -0.046722200 0.922367573 -0.925721645 -0.007777271 -0.378125638 5.697338104
-0.401238501 0.051670667 0.914515138 33.397678375 0.014035386 0.998637259 -0.050265677 0.872147381 -0.915866017 -0.007332954 -0.401416957 5.349653244
-0.424100012 0.051157814 0.904169261 34.137825012 0.017560204 0.998680115 -0.048268612 0.817029357 -0.905445099 -0.004593327 -0.424438566 5.003814220
-0.444403231 0.046816058 0.894602716 34.867225647 0.020422641 0.998903394 -0.042129129 0.766173899 -0.895594001 -0.000452172 -0.444871992 4.629961014
-0.462158084 0.045626592 0.885622978 35.597263336 0.028982487 0.998919070 -0.036339153 0.712334514 -0.886323810 0.008873124 -0.462980986 4.227645397
-0.475592166 0.045918591 0.878466547 36.301792145 0.031141002 0.998889506 -0.035353862 0.666297376 -0.879114509 0.010542310 -0.476493984 3.832555294
-0.486577511 0.050288353 0.872188807 36.988658905 0.035191737 0.998659790 -0.037947576 0.622181177 -0.872928321 0.012229399 -0.487695128 3.441492558
-0.496412396 0.052411187 0.866503179 37.684333801 0.035720605 0.998563528 -0.039934941 0.575232804 -0.867351592 0.011127822 -0.497571498 3.032296896
-0.507385433 0.051789194 0.860161543 38.371677399 0.029543309 0.998651028 -0.042700682 0.524444282 -0.861212611 0.003746312 -0.508231044 2.644654036
-0.518452883 0.050307900 0.853625059 39.060142517 0.028811181 0.998728752 -0.041360907 0.477986753 -0.854620695 0.003150264 -0.519243240 2.231182337
-0.527305543 0.051575478 0.848109007 39.734050751 0.031172395 0.998658359 -0.041349530 0.431473583 -0.849103749 0.004633748 -0.528205931 1.809528947
-0.534366906 0.054571185 0.843489170 40.422428131 0.033865005 0.998494685 -0.043145418 0.387998044 -0.844573975 0.005509277 -0.535410583 1.365097523
-0.537676036 0.057366990 0.841197670 41.114578247 0.035578314 0.998337746 -0.045342520 0.339451909 -0.842400610 0.005548807 -0.538823307 0.920424521
-0.537692368 0.059286844 0.841054082 41.832241058 0.034169424 0.998237431 -0.048522104 0.298642546 -0.842448413 0.002648373 -0.538770437 0.473070771
-0.534256041 0.059732180 0.843209684 42.531173706 0.036755208 0.998198450 -0.047423404 0.248228461 -0.844523311 0.005656111 -0.535488963 0.022645254
-0.528417945 0.058766585 0.846948028 43.283885956 0.035653051 0.998257339 -0.047021147 0.187757462 -0.848235428 0.005349470 -0.529592335 -0.432054698
-0.521511197 0.057396457 0.851311684 44.046096802 0.033426840 0.998343289 -0.046832312 0.140156925 -0.852589369 0.004033088 -0.522565842 -0.889169991
-0.514783382 0.056909207 0.855429411 44.827156067 0.031587478 0.998375833 -0.047410194 0.088233985 -0.856738210 0.002614886 -0.515744925 -1.343947411
-0.508599102 0.055671882 0.859201729 45.607555389 0.029012946 0.998448849 -0.047520358 0.036998563 -0.860514581 0.000759165 -0.509425461 -1.793266058
-0.505184591 0.053261556 0.861366153 46.412841797 0.024598466 0.998576880 -0.047319006 -0.015266047 -0.862660706 -0.002716542 -0.505775809 -2.241036892
-0.503730655 0.050564714 0.862379670 47.243247986 0.019579686 0.998697281 -0.047120720 -0.061845072 -0.863638878 -0.006851027 -0.504064500 -2.714045763
-0.504019797 0.047496993 0.862385154 48.084300995 0.016231170 0.998831272 -0.045525655 -0.124359846 -0.863539457 -0.008948315 -0.504201829 -3.198150158
-0.505467594 0.046274785 0.861603796 48.930461884 0.015586505 0.998887658 -0.044504017 -0.183664918 -0.862704694 -0.009065948 -0.505626678 -3.681102514
-0.505601346 0.045605309 0.861561000 49.786888123 0.015124273 0.998917043 -0.044000443 -0.234546542 -0.862634540 -0.009216202 -0.505743563 -4.181353092
-0.505560398 0.045318432 0.861600161 50.657073975 0.015094752 0.998931408 -0.043684632 -0.286692232 -0.862659156 -0.009079581 -0.505704165 -4.689709187
-0.505844533 0.044067081 0.861498237 51.536140442 0.015063781 0.998993218 -0.042255200 -0.344860107 -0.862493038 -0.008397142 -0.505999148 -5.199340343
-0.505974472 0.043927133 0.861429155 52.425708771 0.015233900 0.999001682 -0.041994523 -0.403647363 -0.862413883 -0.008125237 -0.506138682 -5.718547821
-0.506593943 0.042618375 0.861130774 53.319755554 0.013049339 0.999042153 -0.041766983 -0.455078006 -0.862085938 -0.009921717 -0.506664872 -6.232882977
-0.506300569 0.041530047 0.861356378 54.199222565 0.012274347 0.999085486 -0.040955823 -0.516416609 -0.862269640 -0.010163370 -0.506347418 -6.740726948
-0.505847573 0.040692002 0.861662507 55.088191986 0.010837837 0.999107718 -0.040820386 -0.575346947 -0.862554789 -0.011310335 -0.505837262 -7.254357815
-0.504403472 0.039250642 0.862575650 55.977958679 0.010597946 0.999172449 -0.039269049 -0.634489834 -0.863403201 -0.010665912 -0.504402041 -7.772758961
-0.502291918 0.037313998 0.863892615 56.864589691 0.011255750 0.999265909 -0.036616739 -0.692177236 -0.864624858 -0.008668537 -0.502343297 -8.285283089
-0.500084758 0.035591282 0.865244746 57.751972198 0.010889105 0.999334514 -0.034813412 -0.747412562 -0.865908027 -0.007987918 -0.500139534 -8.788566589
-0.497419983 0.035589837 0.866779506 58.638652802 0.011222035 0.999338448 -0.034592684 -0.799016178 -0.867437303 -0.007480066 -0.497490376 -9.294963837
-0.495414764 0.035623264 0.867925704 59.517002106 0.011226083 0.999337733 -0.034609083 -0.854615629 -0.868583977 -0.007402442 -0.495486677 -9.793708801
-0.494483918 0.036001537 0.868440866 60.403106689 0.011448203 0.999324858 -0.034908861 -0.911141932 -0.869111300 -0.007319784 -0.494562268 -10.294957161
-0.495384336 0.037493821 0.867864311 61.276374817 0.010769427 0.999256372 -0.037022993 -0.965209484 -0.868607104 -0.008994209 -0.495419800 -10.784885406
-0.498167694 0.039474372 0.866181672 62.149814606 0.009403378 0.999150455 -0.040125962 -1.018070579 -0.867029667 -0.011844425 -0.498115659 -11.284254074
-0.502804220 0.040144455 0.863467634 63.012542725 0.008391263 0.999100566 -0.041564018 -1.077627778 -0.864359558 -0.013652979 -0.502688825 -11.778037071
-0.507845998 0.038692608 0.860578477 63.859355927 0.009781622 0.999185383 -0.039152186 -1.132984757 -0.861392319 -0.011465427 -0.507810771 -12.289421082
-0.513561010 0.036206685 0.857288837 64.716583252 0.011085824 0.999305964 -0.035563629 -1.191947579 -0.857981443 -0.008760342 -0.513605952 -12.798295021
-0.519538164 0.033439189 0.853792727 65.568756104 0.008314647 0.999384463 -0.034081839 -1.251242638 -0.854406834 -0.010607830 -0.519496381 -13.298668861
-0.523687959 0.037758436 0.851072967 66.429809570 0.010637416 0.999229252 -0.037785996 -1.291482687 -0.851843715 -0.010734860 -0.523685992 -13.832746506
-0.529278755 0.039560612 0.847525239 67.272979736 0.011205490 0.999151170 -0.039640360 -1.341130376 -0.848374069 -0.011483862 -0.529272795 -14.348382950
-0.533965945 0.040074870 0.844555736 68.094490051 0.010294944 0.999110222 -0.040899683 -1.409031630 -0.845443308 -0.013144386 -0.533903420 -14.862397194
-0.537624538 0.040238284 0.842223585 68.917968750 0.009308479 0.999083042 -0.041790467 -1.465270281 -0.843132913 -0.014627760 -0.537506163 -15.379941940
-0.541112125 0.039682332 0.840013623 69.737953186 0.009916729 0.999117732 -0.040810350 -1.520461202 -0.840892017 -0.013752789 -0.541028142 -15.901501656
-0.543133736 0.032583509 0.839013696 70.559036255 0.010799500 0.999435186 -0.031822521 -1.570851564 -0.839576721 -0.008222958 -0.543178916 -16.435894012
-0.545845568 0.023949610 0.837543428 71.384506226 0.009701697 0.999704957 -0.022263825 -1.617651939 -0.837829590 -0.004027019 -0.545917034 -16.963314056
-0.547725976 0.022671496 0.836350560 72.198356628 0.010743020 0.999740899 -0.020065023 -1.657700896 -0.836588860 -0.002005202 -0.547827661 -17.489784241
-0.548154354 0.027382098 0.835928798 72.988265991 0.010967102 0.999613404 -0.025552230 -1.698572636 -0.836305261 -0.004838848 -0.548242748 -18.011661530
-0.550435543 0.032983769 0.834225833 73.795890808 0.011655199 0.999425471 -0.031825174 -1.740997672 -0.834796250 -0.007794642 -0.550503850 -18.518644333
-0.550478756 0.037000980 0.834028780 74.576126099 0.018423589 0.999312460 -0.032173648 -1.795738459 -0.834645867 -0.002345106 -0.550782025 -19.050350189
-0.550142586 0.038561139 0.834179938 75.367218018 0.021976162 0.999255836 -0.031698696 -1.842296481 -0.834781528 0.000893269 -0.550580621 -19.585744858
-0.549561560 0.035131499 0.834714234 76.167839050 0.020409305 0.999381840 -0.028624898 -1.882588625 -0.835203946 0.001304792 -0.549938858 -20.107027054
-0.548707008 0.030120902 0.835471988 76.956222534 0.018804234 0.999542534 -0.023686146 -1.920630217 -0.835803211 0.002713653 -0.549022436 -20.626739502
-0.547684789 0.022858268 0.836372435 77.734413147 0.016086085 0.999729693 -0.016789148 -1.970961094 -0.836530149 0.004258798 -0.547904372 -21.123250961
-0.547792852 0.017725058 0.836426139 78.573440552 0.007493575 0.999839365 -0.016280320 -2.000631571 -0.836580455 -0.002650420 -0.547837734 -21.652133942
-0.546363235 0.012649607 0.837452769 79.371871948 -0.000363544 0.999882221 -0.015340261 -2.023168325 -0.837548256 -0.008685808 -0.546294391 -22.152479172
-0.544153333 0.013631261 0.838874936 80.152526855 0.003512540 0.999896228 -0.013969288 -2.058159351 -0.838978410 -0.004654854 -0.544144750 -22.662342072
-0.541277349 0.016639823 0.840679407 80.934280396 0.008123382 0.999860942 -0.014560256 -2.101581573 -0.840804935 -0.001051976 -0.541337252 -23.159677505
-0.535665572 0.020276388 0.844186723 81.736610413 0.009647428 0.999793410 -0.017892249 -2.118377686 -0.844375074 -0.001440033 -0.535750568 -23.669982910
-0.528240561 0.022583338 0.848794401 82.537559509 0.015069072 0.999738157 -0.017221285 -2.147251606 -0.848961055 0.003693562 -0.528442562 -24.170145035
-0.519968688 0.026162006 0.853784621 83.327842712 0.022711016 0.999600947 -0.016798792 -2.182778597 -0.853883326 0.010655473 -0.520355344 -24.661247253
-0.511452556 0.025194669 0.858942091 84.126762390 0.019417984 0.999653637 -0.017759718 -2.206053495 -0.859092116 0.007595673 -0.511764646 -25.110546112
-0.499338508 0.022847416 0.866105676 84.951766968 0.016590210 0.999721110 -0.016807325 -2.230348587 -0.866248190 0.005976329 -0.499578208 -25.595697403
-0.487767369 0.018769780 0.872771859 85.744018555 0.017488400 0.999778271 -0.011727404 -2.274513006 -0.872798443 0.009543137 -0.487987489 -26.033697128
-0.476697177 0.018074524 0.878881752 86.556892395 0.017124396 0.999789774 -0.011272930 -2.303673983 -0.878900826 0.009676544 -0.476906478 -26.469264984
-0.465058386 0.017343676 0.885110199 87.366485596 0.017232494 0.999796033 -0.010536565 -2.325425386 -0.885112286 0.010352536 -0.465262383 -26.881822586
-0.452393651 0.018629691 0.891623795 88.196800232 0.019171422 0.999753892 -0.011161745 -2.352672815 -0.891612291 0.012044190 -0.452639461 -27.311664581
-0.441337943 0.021782676 0.897076488 89.038619995 0.016198967 0.999735832 -0.016305970 -2.378645182 -0.897194743 0.007335271 -0.441574246 -27.712434769
-0.429980457 0.031011159 0.902305424 89.861190796 0.019137412 0.999498367 -0.025231913 -2.411179543 -0.902635396 0.006418562 -0.430358261 -28.099531174
-0.416903108 0.035523947 0.908256471 90.696044922 0.018613750 0.999360085 -0.030543229 -2.445786476 -0.908760369 0.004172493 -0.417297602 -28.484342575
-0.405882299 0.031833846 0.913370788 91.544433594 0.015362034 0.999489665 -0.028008804 -2.481312275 -0.913796246 0.002662959 -0.406164199 -28.857204437
-0.394644052 0.027632523 0.918418467 92.385086060 0.014029904 0.999612391 -0.024046764 -2.525517702 -0.918726981 0.003395413 -0.394878745 -29.204645157
-0.384513468 0.028352672 0.922683775 93.221580505 0.011262962 0.999597967 -0.026022468 -2.567533493 -0.923050702 0.000386163 -0.384678185 -29.546127319
-0.377776921 0.032242242 0.925335109 94.069442749 0.006565863 0.999461651 -0.032144520 -2.615775347 -0.925873399 -0.006067834 -0.377785265 -29.878200531
-0.372895509 0.037126057 0.927130282 94.905822754 0.000445074 0.999206245 -0.039833251 -2.657501459 -0.927873254 -0.014441001 -0.372616053 -30.201011658
-0.369547933 0.039503463 0.928371549 95.745429993 -0.002520260 0.999049604 -0.043514125 -2.702994585 -0.929208338 -0.018420294 -0.369097143 -30.521898270
-0.365919143 0.039503135 0.929807782 96.572937012 -0.002884300 0.999045789 -0.043579824 -2.754774809 -0.930642188 -0.018628534 -0.365456015 -30.838516235
-0.361194164 0.039722353 0.931644142 97.413520813 -0.004492791 0.999006569 -0.044336304 -2.803403139 -0.932479799 -0.020199694 -0.360656887 -31.156547546
-0.354868710 0.035242349 0.934251785 98.270812988 -0.006035470 0.999182105 -0.039984226 -2.858558416 -0.934896648 -0.019827800 -0.354365796 -31.478979111
-0.349903435 0.031581223 0.936253250 99.110397339 -0.006663729 0.999322474 -0.036199052 -2.905367851 -0.936762035 -0.018905113 -0.349455893 -31.781444550
-0.344125539 0.028958878 0.938477039 99.957672119 -0.008776864 0.999381423 -0.034056574 -2.949130297 -0.938882649 -0.019956620 -0.343658477 -32.080669403
-0.338376194 0.026716927 0.940631568 100.787216187 -0.016435536 0.999276578 -0.034295037 -3.001753807 -0.940867364 -0.027064407 -0.337692291 -32.360778809
-0.332623333 0.026857888 0.942677259 101.631530762 -0.023435641 0.999050140 -0.036733273 -3.046866417 -0.942768455 -0.034310587 -0.331677973 -32.633708954
-0.326025099 0.030995060 0.944852889 102.480155945 -0.021210961 0.998970866 -0.040089287 -3.097782373 -0.945123136 -0.033111349 -0.325032145 -32.920001984
-0.318248481 0.034543771 0.947377741 103.346679688 -0.019369181 0.998890340 -0.042928658 -3.144844294 -0.947809458 -0.032011911 -0.317226261 -33.214591980
-0.312289208 0.032634906 0.949426353 104.202278137 -0.020584209 0.998942673 -0.041107588 -3.192473173 -0.949764013 -0.032380644 -0.311287284 -33.483974457
-0.305697292 0.027684156 0.951726139 105.060722351 -0.021040954 0.999136686 -0.035821669 -3.241952419 -0.951896250 -0.030975815 -0.304850906 -33.749389648
-0.297648013 0.025320889 0.954339802 105.922798157 -0.022173764 0.999195158 -0.033426762 -3.289874554 -0.954418123 -0.031110721 -0.296846986 -34.018558502
-0.291674733 0.028108932 0.956104398 106.779220581 -0.024433084 0.999022961 -0.036824413 -3.335016966 -0.956205487 -0.034101333 -0.290702999 -34.269649506
-0.284970343 0.031351760 0.958023489 107.635375977 -0.023454798 0.998937607 -0.039667483 -3.381386042 -0.958249331 -0.033774305 -0.283932239 -34.516407013
-0.278324485 0.031721003 0.959963143 108.490776062 -0.025723109 0.998849809 -0.040463936 -3.429277658 -0.960142672 -0.035955340 -0.277188361 -34.753128052
-0.271262318 0.031301167 0.961996377 109.353843689 -0.025722131 0.998878360 -0.039754309 -3.479334116 -0.962161720 -0.035528440 -0.270152926 -34.993595123
-0.262894243 0.031357635 0.964314938 110.213279724 -0.021688985 0.999027073 -0.038399316 -3.527007103 -0.964580834 -0.031009970 -0.261958271 -35.230140686
-0.255294353 0.032537721 0.966315746 111.075073242 -0.018272566 0.999092758 -0.038468875 -3.576771498 -0.966690719 -0.027477950 -0.254468143 -35.457237244
-0.248657435 0.033304077 0.968018770 111.925323486 -0.017307432 0.999096274 -0.038819093 -3.621345997 -0.968436837 -0.026406573 -0.247856364 -35.668872833
-0.242081016 0.032157786 0.969722986 112.790328979 -0.023126230 0.998975337 -0.038901068 -3.668006420 -0.969980419 -0.031843245 -0.241089314 -35.869384766
-0.236338824 0.029843008 0.971212327 113.654937744 -0.028451011 0.998887062 -0.037616778 -3.719322681 -0.971254051 -0.036522280 -0.235226735 -36.063896179
-0.232040867 0.030008664 0.972243071 114.529441833 -0.025848541 0.998980641 -0.037003096 -3.766352177 -0.972362518 -0.033717297 -0.231028676 -36.264759064
-0.227401838 0.030142823 0.973334432 115.402389526 -0.024245288 0.999035597 -0.036603231 -3.815961123 -0.973499119 -0.031922419 -0.226451755 -36.463031769
-0.222314596 0.031904969 0.974452853 116.272308350 -0.023344766 0.999003589 -0.038034748 -3.860946178 -0.974695444 -0.031204054 -0.221348286 -36.661373138
-0.216816738 0.031041993 0.975718617 117.155509949 -0.017590798 0.999207795 -0.035698179 -3.902140617 -0.976053834 -0.024903633 -0.216098920 -36.845157623
-0.211758658 0.029747231 0.976869166 118.029548645 -0.010217498 0.999414682 -0.032648649 -3.948408127 -0.977268577 -0.016894793 -0.211330786 -37.038768768
-0.206728965 0.028974263 0.977969110 118.899429321 -0.008999548 0.999462843 -0.031513430 -3.990876913 -0.978356898 -0.015316018 -0.206357166 -37.217002869
-0.202569500 0.030635348 0.978788555 119.776916504 -0.011088353 0.999374628 -0.033574514 -4.032925606 -0.979205072 -0.017654322 -0.202103138 -37.395858765
-0.199158594 0.031873897 0.979448736 120.679382324 -0.012985776 0.999297321 -0.035160325 -4.081888199 -0.979881227 -0.019721383 -0.198604763 -37.574623108
-0.197191358 0.031638984 0.979854345 121.551239014 -0.015776759 0.999247313 -0.035440180 -4.123519421 -0.980238080 -0.022447424 -0.196543798 -37.743595123
-0.196733847 0.030643063 0.979977965 122.421913147 -0.016408073 0.999268591 -0.034540243 -4.164482117 -0.980319619 -0.022874784 -0.196087167 -37.901615143
-0.195674151 0.025786489 0.980329871 123.306861877 -0.015379556 0.999450564 -0.029359205 -4.210861683 -0.980548441 -0.020821875 -0.195170075 -38.080295563
-0.194870010 0.020608034 0.980612516 124.178466797 -0.017169885 0.999554396 -0.024418149 -4.248253345 -0.980678797 -0.021595374 -0.194429353 -38.245960236
-0.194135264 0.019105980 0.980788708 125.047897339 -0.016719932 0.999600708 -0.022781949 -4.284017563 -0.980832338 -0.020821501 -0.193738282 -38.413127899
-0.192563906 0.023106994 0.981012344 125.897338867 -0.017220588 0.999489248 -0.026922448 -4.328985214 -0.981133342 -0.022077901 -0.192067623 -38.580623627
-0.192907751 0.027360138 0.980835378 126.772773743 -0.017381698 0.999358952 -0.031295434 -4.359339714 -0.981063008 -0.023085715 -0.192308545 -38.747802734
-0.192956880 0.026691038 0.980844140 127.616783142 -0.019774085 0.999321103 -0.031083906 -4.396500587 -0.981007993 -0.025393147 -0.192298114 -38.898471832
-0.192630842 0.025173573 0.980948269 128.465652466 -0.021839334 0.999313235 -0.029933497 -4.444684505 -0.981028259 -0.027189372 -0.191948771 -39.054859161
-0.191424817 0.027145583 0.981131792 129.305130005 -0.017105671 0.999373436 -0.030987704 -4.479872227 -0.981358290 -0.022714732 -0.190840513 -39.225368500
-0.190457702 0.028772341 0.981273651 130.171569824 -0.019377137 0.999265492 -0.033060841 -4.525447369 -0.981504083 -0.025310967 -0.189760268 -39.396408081
-0.191295952 0.029525129 0.981088221 131.012023926 -0.027952302 0.998978257 -0.035513744 -4.568763256 -0.981134295 -0.034217313 -0.190275162 -39.537635803
-0.190471545 0.031014714 0.981202662 131.843658447 -0.033736270 0.998703659 -0.038116805 -4.615622997 -0.981112897 -0.040362280 -0.189178288 -39.685791016
-0.190091431 0.034987383 0.981142759 132.673004150 -0.030933671 0.998655140 -0.041605111 -4.658757210 -0.981278956 -0.038259126 -0.188753501 -39.844936371
-0.189379364 0.035781283 0.981251836 133.501358032 -0.029704299 0.998669744 -0.042149279 -4.709438801 -0.981454611 -0.037129607 -0.188064560 -40.002658844
-0.187837407 0.036986869 0.981503487 134.309890747 -0.030745260 0.998579621 -0.043514296 -4.756292820 -0.981718779 -0.038350195 -0.186433449 -40.148696899
-0.185765654 0.036094442 0.981930852 135.128936768 -0.021456225 0.998937726 -0.040778764 -4.807006359 -0.982359767 -0.028643828 -0.184793875 -40.310009003
-0.182560980 0.032845542 0.982645690 135.932800293 -0.017476216 0.999175489 -0.036644883 -4.854481220 -0.983039200 -0.023862854 -0.181836411 -40.461124420
-0.180369794 0.027784646 0.983206332 136.746856689 -0.013348537 0.999439776 -0.030692177 -4.902534485 -0.983508289 -0.018660309 -0.179897830 -40.612045288
-0.176974803 0.027444702 0.983832657 137.553817749 -0.012176871 0.999473572 -0.030071428 -4.942127705 -0.984139979 -0.017301885 -0.176547468 -40.755020142
-0.172056705 0.032462049 0.984551966 138.358535767 -0.011490794 0.999322891 -0.034957148 -4.986888885 -0.985020041 -0.017327899 -0.171567142 -40.894374847
-0.165839612 0.035625756 0.985508978 139.153076172 -0.011042448 0.999217570 -0.037979517 -5.027033806 -0.986090899 -0.017180942 -0.165316433 -41.020973206
-0.157169819 0.036398575 0.986900568 139.957519531 -0.009482965 0.999218881 -0.038363114 -5.068859577 -0.987526059 -0.015388267 -0.156701908 -41.145683289
-0.147278383 0.031552494 0.988591671 140.757125854 -0.008197358 0.999417782 -0.033119250 -5.114266396 -0.989061117 -0.012981589 -0.146934003 -41.262840271
-0.135538384 0.030756218 0.990294576 141.554763794 -0.004237442 0.999490976 -0.031621795 -5.153903008 -0.990763009 -0.008482285 -0.135339051 -41.370723724
-0.121925145 0.033117361 0.991986632 142.360458374 0.000029268 0.999443233 -0.033362705 -5.194107056 -0.992539287 -0.004038719 -0.121858239 -41.468296051
-0.107807472 0.034331270 0.993578792 143.147094727 -0.000470092 0.999401689 -0.034583475 -5.231629372 -0.994171679 -0.004195431 -0.107726820 -41.549335480
-0.094085805 0.034290802 0.994973302 143.934097290 -0.000121245 0.999406219 -0.034455035 -5.271373272 -0.995564044 -0.003362365 -0.094025768 -41.615818024
-0.080720380 0.035913449 0.996089578 144.714813232 0.000643311 0.999352336 -0.035978951 -5.314359665 -0.996736586 -0.002263440 -0.080691203 -41.673686981
-0.066962056 0.042135511 0.996865451 145.485214233 -0.002270163 0.999098837 -0.042382408 -5.363881111 -0.997752964 -0.005101060 -0.066806063 -41.716072083
-0.054120086 0.051336579 0.997213900 146.248840332 -0.009270054 0.998608649 -0.051911477 -5.408738613 -0.998491406 -0.012053682 -0.053568896 -41.741588593
-0.040586848 0.059028428 0.997430861 147.010025024 -0.013949276 0.998122633 -0.059636984 -5.458185673 -0.999078572 -0.016333913 -0.039687254 -41.757221222
-0.027547501 0.059873112 0.997825861 147.774383545 -0.014635911 0.998073518 -0.060292035 -5.508282185 -0.999513268 -0.016264984 -0.026618140 -41.770263672
-0.015788423 0.055964503 0.998307943 148.540771484 -0.018448154 0.998246133 -0.056252800 -5.563683987 -0.999705136 -0.019305080 -0.014728288 -41.767288208
-0.004882800 0.053201560 0.998571873 149.304489136 -0.022060758 0.998335063 -0.053296816 -5.623273373 -0.999744713 -0.022289488 -0.003701001 -41.758308411
0.003455118 0.059943326 0.998195827 150.059890747 -0.026585773 0.997854412 -0.059830803 -5.681934834 -0.999640584 -0.026331080 0.005041345 -41.738529205
0.010388268 0.067808501 0.997644305 150.806442261 -0.029790031 0.997276247 -0.067473285 -5.736282825 -0.999502242 -0.029018924 0.012379991 -41.721305847
0.013291168 0.070648283 0.997412682 151.555953979 -0.032650769 0.996999502 -0.070183940 -5.790293694 -0.999378443 -0.031633463 0.015558009 -41.699607849
0.013174426 0.065966085 0.997734845 152.310562134 -0.034869414 0.997244895 -0.065473258 -5.850540161 -0.999305010 -0.033927862 0.015438328 -41.681369781
0.011442151 0.061468523 0.998043358 153.069046021 -0.036888249 0.997455299 -0.061009388 -5.917656422 -0.999253809 -0.036118001 0.013680502 -41.666378021
0.008562504 0.058716897 0.998237908 153.818634033 -0.035529941 0.997662008 -0.058378264 -5.971566200 -0.999331832 -0.034967475 0.010628696 -41.659378052
0.005904392 0.059353307 0.998219550 154.559982300 -0.033953298 0.997673273 -0.059119996 -6.020498276 -0.999405921 -0.033543780 0.007905896 -41.652751923
0.002410320 0.059327967 0.998235643 155.313110352 -0.032307018 0.997722089 -0.059219435 -6.078351021 -0.999475002 -0.032107279 0.004321538 -41.653095245
-0.002466060 0.057924863 0.998317897 156.051757812 -0.032970287 0.997773468 -0.057974722 -6.133966446 -0.999453187 -0.033057790 -0.000550770 -41.647239685
-0.008115611 0.057915308 0.998288512 156.786346436 -0.033614058 0.997741342 -0.058156833 -6.184925079 -0.999401808 -0.034028504 -0.006150513 -41.644622803
-0.013705858 0.056189623 0.998326063 157.535049438 -0.035488248 0.997763515 -0.056645170 -6.237950802 -0.999276042 -0.036205210 -0.011681135 -41.658672333
-0.019263716 0.053757902 0.998368084 158.277770996 -0.032874823 0.997979462 -0.054371294 -6.292704582 -0.999273837 -0.033868570 -0.017457515 -41.672702789
-0.024736876 0.053697996 0.998250723 159.010009766 -0.033739217 0.997942626 -0.054517481 -6.341588974 -0.999124587 -0.035028789 -0.022874257 -41.686889648
-0.029985311 0.054994158 0.998036265 159.737121582 -0.035686493 0.997789860 -0.056052748 -6.391350269 -0.998913169 -0.037297178 -0.027956491 -41.702770233
-0.033819061 0.057099648 0.997795641 160.460723877 -0.035305902 0.997675180 -0.058289412 -6.449110031 -0.998804152 -0.037199359 -0.031724490 -41.723266602
-0.036607191 0.059242301 0.997572184 161.179244995 -0.035356432 0.997539580 -0.060537800 -6.503509521 -0.998704076 -0.037486717 -0.034422517 -41.746726990
-0.037389010 0.060681831 0.997456610 161.894195557 -0.031739034 0.997578859 -0.061878979 -6.557353497 -0.998796582 -0.033971906 -0.035372503 -41.780570984
-0.036877908 0.059372246 0.997554541 162.617462158 -0.029186316 0.997743666 -0.060462479 -6.608828545 -0.998893440 -0.031344663 -0.035061847 -41.806304932
-0.032948833 0.055506792 0.997914493 163.335754395 -0.025650106 0.998080790 -0.056362957 -6.667013645 -0.999127865 -0.027453706 -0.031461835 -41.827983856
-0.025321163 0.055425227 0.998141646 164.038909912 -0.024883773 0.998117566 -0.056055143 -6.721547127 -0.999369621 -0.026256911 -0.023894303 -41.843624115
-0.014199068 0.056172937 0.998320043 164.731765747 -0.022127032 0.998158574 -0.056478560 -6.772132397 -0.999654293 -0.022891806 -0.012929977 -41.845058441
-0.000382752 0.056540586 0.998400211 165.422866821 -0.020336684 0.998193443 -0.056536667 -6.820622921 -0.999793172 -0.020325787 0.000767788 -41.837261200
0.015163139 0.053891890 0.998431563 166.101531982 -0.020701997 0.998349249 -0.053573046 -6.869957447 -0.999670684 -0.019857192 0.016253779 -41.819114685
0.030864432 0.048904136 0.998326480 166.784042358 -0.025614696 0.998513103 -0.048121363 -6.916257858 -0.999195278 -0.024086595 0.032071199 -41.777568817
0.047546346 0.042194225 0.997977436 167.469024658 -0.026837451 0.998800695 -0.040950418 -6.960009098 -0.998508394 -0.024836132 0.048621707 -41.735427856
0.064607367 0.035438847 0.997281313 168.136901855 -0.027318021 0.999057412 -0.033732202 -6.991898537 -0.997536719 -0.025064403 0.065514602 -41.679752350
0.082480058 0.027986856 0.996199727 168.811019897 -0.027651133 0.999284983 -0.025784167 -7.025171757 -0.996209025 -0.025419369 0.083194956 -41.614917755
0.099132381 0.022678969 0.994815826 169.469680786 -0.029459914 0.999368787 -0.019847119 -7.053197861 -0.994638026 -0.027339695 0.099737935 -41.532787323
0.116659157 0.020054616 0.992969632 170.101043701 -0.031422794 0.999370098 -0.016492175 -7.084545612 -0.992674768 -0.029277913 0.117215849 -41.439830780
0.134378955 0.018640898 0.990754664 170.745025635 -0.030084154 0.999438941 -0.014723890 -7.106654644 -0.990473211 -0.027827432 0.134864360 -41.341182709
0.151719943 0.018179001 0.988256335 171.386520386 -0.030901091 0.999429286 -0.013640508 -7.124293804 -0.987940311 -0.028468659 0.152195111 -41.227619171
0.167656004 0.017592598 0.985688567 172.008850098 -0.037455514 0.999232531 -0.011463512 -7.144118786 -0.985133767 -0.034997538 0.168186277 -41.104637146
0.182574064 0.014102857 0.983090937 172.638717651 -0.039534263 0.999193668 -0.006991779 -7.161448479 -0.982396901 -0.037589256 0.182984412 -40.975200653
0.194094479 0.010192413 0.980929911 173.259613037 -0.036231238 0.999338210 -0.003214690 -7.177309990 -0.980313540 -0.034916349 0.194335327 -40.843177795
0.205238670 0.008996853 0.978670597 173.874862671 -0.034222785 0.999412179 -0.002010610 -7.192080021 -0.978113413 -0.033080183 0.205425918 -40.712032318
0.214810893 0.013029251 0.976568699 174.477310181 -0.038784742 0.999236047 -0.004800393 -7.207222462 -0.975885272 -0.036844783 0.215152115 -40.563522339
0.224036977 0.020098248 0.974373341 175.069854736 -0.042655002 0.999031484 -0.010799236 -7.224561214 -0.973646760 -0.039142467 0.224677280 -40.412818909
0.233244076 0.029722851 0.971963882 175.653549194 -0.042185225 0.998900950 -0.020423325 -7.242812634 -0.971502781 -0.036238886 0.234241635 -40.269683838
0.241287753 0.035150759 0.969816804 176.252105713 -0.036370348 0.998969257 -0.027158540 -7.262639046 -0.969771862 -0.028719556 0.242317498 -40.118648529
0.247353986 0.033314425 0.968352318 176.853179932 -0.036578774 0.999017417 -0.025025792 -7.280871391 -0.968234479 -0.029230915 0.248329550 -39.954704285
0.253260851 0.026186798 0.967043579 177.458129883 -0.039746962 0.999071121 -0.016644679 -7.292523861 -0.966581225 -0.034221597 0.254066467 -39.784580231
0.257599324 0.015617038 0.966125607 178.075347900 -0.043632045 0.999037445 -0.004515378 -7.311995029 -0.965266109 -0.040990878 0.258032799 -39.607208252
0.259813130 0.007699050 0.965628266 178.682708740 -0.043864753 0.999030113 0.003836934 -7.330444813 -0.964662075 -0.043353923 0.259898841 -39.439228058
0.260510057 0.006510962 0.965449274 179.287490845 -0.040807299 0.999157846 0.004272863 -7.348270416 -0.964608312 -0.040510498 0.260556370 -39.272327423
0.261844873 0.008715963 0.965070546 179.886245728 -0.036753658 0.999323845 0.000946758 -7.354594707 -0.964409828 -0.035717778 0.261988223 -39.115161896
0.263682187 0.008396770 0.964573085 180.493713379 -0.033003803 0.999455154 0.000321721 -7.356290340 -0.964044809 -0.031919416 0.263815701 -38.952301025
0.265599340 0.006085237 0.964064300 181.100357056 -0.035218373 0.999373913 0.003394537 -7.360701561 -0.963440001 -0.034854367 0.265647382 -38.780811310
0.267197996 0.002997287 0.963636994 181.692901611 -0.036395285 0.999312997 0.006983459 -7.362547874 -0.962954104 -0.036937807 0.267123550 -38.589057922
0.270542443 -0.002361465 0.962705076 182.326522827 -0.035995129 0.999272943 0.012566624 -7.374125481 -0.962034881 -0.038052496 0.270260662 -38.413219452
0.275266379 -0.005423157 0.961352646 182.949066162 -0.034305330 0.999291778 0.015459902 -7.376428127 -0.960755706 -0.037235107 0.274885356 -38.237590790
0.281122804 -0.007631222 0.959641457 183.562561035 -0.032585323 0.999315798 0.017492449 -7.372895241 -0.959118426 -0.036187746 0.280681819 -38.047481537
0.288815081 -0.010382019 0.957328618 184.183715820 -0.031299025 0.999304235 0.020279791 -7.369793415 -0.956873178 -0.035820562 0.288289189 -37.852588654
0.299361646 -0.012305713 0.954060495 184.802230835 -0.028792979 0.999344945 0.021924367 -7.372264862 -0.953705192 -0.034033563 0.298811257 -37.664699554
0.310824335 -0.010444433 0.950410068 185.420578003 -0.030044122 0.999331892 0.020807758 -7.373355865 -0.949992418 -0.035021786 0.310302913 -37.456352234
0.322463572 -0.006649624 0.946558475 186.034896851 -0.031441428 0.999348283 0.017731613 -7.370677471 -0.946059585 -0.035478957 0.322044343 -37.236564636
0.333796769 -0.003432782 0.942638814 186.643493652 -0.032487296 0.999357402 0.015143373 -7.368116379 -0.942085087 -0.035678595 0.333470762 -37.006027222
0.346134663 -0.003007776 0.938179970 187.267486572 -0.030875437 0.999416709 0.014595368 -7.362435818 -0.937676609 -0.034018688 0.345839918 -36.779792786
0.357581824 -0.006173274 0.933861375 187.901031494 -0.029538691 0.999403000 0.017917098 -7.357364178 -0.933414519 -0.033991873 0.357185990 -36.535438538
